0 0.06145833333333333 0.20601851851851852 0.019791666666666666 0.030555555555555558
0 0.09479166666666666 0.17453703703703705 0.014583333333333334 0.026851851851851852
0 0.20833333333333334 0.40740740740740744 0.020833333333333332 0.04259259259259259
0 0.3106770833333333 0.055092592592592596 0.018229166666666668 0.028703703703703703
0 0.3052083333333333 0.0976851851851852 0.017708333333333333 0.026851851851851852
0 0.3541666666666667 0.20555555555555557 0.016666666666666666 0.02962962962962963
0 0.4354166666666667 0.13564814814814816 0.015625 0.028703703703703703
0 0.4731770833333333 0.12175925925925926 0.015104166666666667 0.028703703703703703
0 0.403125 0.325 0.016666666666666666 0.031481481481481485
0 0.48984374999999997 0.44351851851851853 0.0171875 0.031481481481481485
0 0.51484375 0.4310185185185185 0.021354166666666667 0.04166666666666667
0 0.6161458333333333 0.3509259259259259 0.019791666666666666 0.037037037037037035
0 0.65625 0.29583333333333334 0.020833333333333332 0.032407407407407406
0 0.65078125 0.42824074074074076 0.019270833333333334 0.03796296296296296
0 0.6888020833333334 0.41805555555555557 0.025520833333333333 0.03796296296296296
0 0.7729166666666667 0.4462962962962963 0.021875 0.037037037037037035
0 0.5143229166666666 0.1513888888888889 0.018229166666666668 0.025
0 0.52109375 0.23703703703703705 0.019270833333333334 0.037037037037037035
0 0.66875 0.20324074074074075 0.017708333333333333 0.026851851851851852
0 0.7122395833333334 0.12083333333333333 0.018229166666666668 0.028703703703703703
0 0.21562499999999998 0.5217592592592593 0.028125 0.05462962962962963
0 0.2856770833333333 0.6023148148148149 0.024479166666666666 0.04537037037037037
0 0.26276041666666666 0.6870370370370371 0.025520833333333333 0.05185185185185186
0 0.8044270833333333 0.5638888888888889 0.030729166666666665 0.05185185185185186
0 0.88046875 0.5513888888888889 0.025520833333333333 0.04351851851851852
0 0.9463541666666666 0.7166666666666667 0.028125 0.05
0 0.9786458333333333 0.6865740740740741 0.028125 0.06018518518518519
