0 0.027083333333333334 0.09537037037037037 0.014583333333333334 0.02592592592592593
0 0.0546875 0.07037037037037037 0.015625 0.024074074074074074
0 0.20911458333333333 0.5601851851851852 0.025520833333333333 0.04814814814814815
0 0.25390625 0.6328703703703704 0.0265625 0.05092592592592593
0 0.2973958333333333 0.44351851851851853 0.02395833333333333 0.04259259259259259
0 0.44479166666666664 0.5388888888888889 0.029166666666666667 0.04814814814814815
0 0.26145833333333335 0.8597222222222223 0.022916666666666665 0.03796296296296296
0 0.8346354166666666 0.7740740740740741 0.027604166666666666 0.04814814814814815
0 0.884375 0.7967592592592593 0.028125 0.04722222222222222
0 0.8302083333333333 0.6194444444444445 0.025 0.044444444444444446
0 0.59375 0.6814814814814815 0.025 0.0462962962962963
0 0.55234375 0.6777777777777778 0.030729166666666665 0.04814814814814815
0 0.809375 0.47175925925925927 0.02395833333333333 0.04537037037037037
0 0.7729166666666667 0.48379629629629634 0.019791666666666666 0.03796296296296296
0 0.7244791666666667 0.4 0.020833333333333332 0.03888888888888889
0 0.6653645833333334 0.4134259259259259 0.024479166666666666 0.03981481481481482
0 0.6421875 0.3226851851851852 0.019791666666666666 0.03796296296296296
0 0.5927083333333333 0.25833333333333336 0.022916666666666665 0.037037037037037035
0 0.5591145833333333 0.2777777777777778 0.019270833333333334 0.03333333333333333
0 0.34270833333333334 0.16898148148148148 0.014583333333333334 0.026851851851851852
0 0.3385416666666667 0.2125 0.017708333333333333 0.030555555555555558
0 0.421875 0.33333333333333337 0.017708333333333333 0.03888888888888889
0 0.44557291666666665 0.15555555555555556 0.0171875 0.02777777777777778
0 0.3971354166666667 0.024074074074074074 0.0140625 0.022222222222222223
0 0.4348958333333333 0.025 0.014583333333333334 0.024074074074074074
0 0.46796875 0.08935185185185185 0.015104166666666667 0.025
0 0.52578125 0.16898148148148148 0.0140625 0.026851851851851852
0 0.49114583333333334 0.20694444444444446 0.020833333333333332 0.03425925925925926
