0 0.04479166666666667 0.14212962962962963 0.016666666666666666 0.025
0 0.07734375 0.11296296296296297 0.0171875 0.02962962962962963
0 0.21302083333333333 0.4666666666666667 0.025 0.044444444444444446
0 0.23333333333333334 0.5731481481481482 0.022916666666666665 0.040740740740740744
0 0.3140625 0.5407407407407407 0.021875 0.040740740740740744
0 0.26171875 0.762962962962963 0.0265625 0.044444444444444446
0 0.90703125 0.7532407407407408 0.028645833333333332 0.04537037037037037
0 0.8861979166666667 0.55 0.027604166666666666 0.0462962962962963
0 0.8541666666666666 0.575925925925926 0.022916666666666665 0.04259259259259259
0 0.7893229166666667 0.4537037037037037 0.0203125 0.037037037037037035
0 0.7338541666666667 0.45740740740740743 0.022916666666666665 0.040740740740740744
0 0.69921875 0.3615740740740741 0.022395833333333334 0.03796296296296296
0 0.5216145833333333 0.5592592592592592 0.0234375 0.04814814814814815
0 0.5588541666666667 0.5541666666666667 0.021875 0.036111111111111115
0 0.42552083333333335 0.42314814814814816 0.019791666666666666 0.03333333333333333
0 0.60234375 0.3388888888888889 0.021354166666666667 0.037037037037037035
0 0.6510416666666666 0.31712962962962965 0.020833333333333332 0.03796296296296296
0 0.54296875 0.25925925925925924 0.019270833333333334 0.02777777777777778
0 0.5815104166666667 0.2152777777777778 0.0171875 0.03425925925925926
0 0.6653645833333334 0.10092592592592593 0.011979166666666666 0.024074074074074074
0 0.7033854166666667 0.0462962962962963 0.013020833333333334 0.024074074074074074
0 0.3802083333333333 0.2564814814814815 0.017708333333333333 0.03518518518518519
0 0.32109375 0.1550925925925926 0.015104166666666667 0.030555555555555558
0 0.32421875 0.11527777777777778 0.015104166666666667 0.021296296296296296
0 0.41744791666666664 0.0763888888888889 0.013020833333333334 0.026851851851851852
0 0.45234375 0.07685185185185185 0.01614583333333333 0.02962962962962963
0 0.49453125 0.11157407407407408 0.0171875 0.030555555555555558
0 0.4700520833333333 0.18101851851851852 0.018229166666666668 0.026851851851851852
0 0.9598958333333333 0.9662037037037038 0.03229166666666666 0.05277777777777778
