0 0.032552083333333336 0.10138888888888889 0.015104166666666667 0.025
0 0.05651041666666667 0.07592592592592592 0.01614583333333333 0.02777777777777778
0 0.2109375 0.5518518518518519 0.03229166666666666 0.05925925925925926
0 0.2559895833333333 0.6212962962962963 0.027604166666666666 0.040740740740740744
0 0.26067708333333334 0.8583333333333334 0.0296875 0.05740740740740741
0 0.303125 0.45231481481481484 0.026041666666666668 0.05092592592592593
0 0.4395833333333333 0.5231481481481481 0.03125 0.05740740740740741
0 0.5494791666666666 0.6555555555555556 0.025 0.0462962962962963
0 0.5908854166666666 0.6703703703703704 0.028645833333333332 0.05925925925925926
0 0.8463541666666666 0.7981481481481482 0.03125 0.05555555555555556
0 0.8971354166666666 0.8185185185185185 0.027604166666666666 0.05740740740740741
0 0.3377604166666667 0.16574074074074074 0.019270833333333334 0.02962962962962963
0 0.3377604166666667 0.20462962962962963 0.013020833333333334 0.022222222222222223
0 0.41640625 0.32175925925925924 0.0203125 0.036111111111111115
0 0.4 0.031018518518518518 0.015625 0.03425925925925926
0 0.43984375 0.028240740740740743 0.01614583333333333 0.030555555555555558
0 0.4692708333333333 0.08888888888888889 0.013541666666666667 0.02962962962962963
0 0.44869791666666664 0.15972222222222224 0.019270833333333334 0.03425925925925926
0 0.49505208333333334 0.21712962962962964 0.021354166666666667 0.028703703703703703
0 0.5302083333333333 0.17962962962962964 0.01875 0.02962962962962963
0 0.5671875 0.2791666666666667 0.019791666666666666 0.03425925925925926
0 0.5989583333333334 0.2662037037037037 0.025 0.04351851851851852
0 0.6494791666666666 0.3287037037037037 0.019791666666666666 0.031481481481481485
0 0.671875 0.41574074074074074 0.01875 0.03333333333333333
0 0.7286458333333333 0.40694444444444444 0.020833333333333332 0.03425925925925926
0 0.7807291666666667 0.4962962962962963 0.017708333333333333 0.044444444444444446
0 0.8166666666666667 0.4791666666666667 0.025 0.05092592592592593
0 0.8390624999999999 0.625925925925926 0.025 0.0462962962962963
