0 0.05182291666666666 0.15601851851851853 0.019270833333333334 0.03425925925925926
0 0.08125 0.1287037037037037 0.019791666666666666 0.03333333333333333
0 0.32265625 0.10277777777777779 0.0171875 0.03333333333333333
0 0.31953125 0.14814814814814814 0.019270833333333334 0.03333333333333333
0 0.37604166666666666 0.250462962962963 0.015625 0.032407407407407406
0 0.22135416666666666 0.4564814814814815 0.02395833333333333 0.040740740740740744
0 0.23411458333333332 0.5657407407407408 0.025520833333333333 0.04814814814814815
0 0.30546875 0.562962962962963 0.022395833333333334 0.03888888888888889
0 0.26145833333333335 0.750462962962963 0.022916666666666665 0.04166666666666667
0 0.9291666666666667 0.7875 0.029166666666666667 0.049074074074074076
0 0.9005208333333333 0.5819444444444445 0.030208333333333334 0.04351851851851852
0 0.8700520833333333 0.6 0.0203125 0.03888888888888889
0 0.7994791666666666 0.4759259259259259 0.020833333333333332 0.037037037037037035
0 0.7447916666666666 0.48240740740740745 0.019791666666666666 0.03888888888888889
0 0.709375 0.3856481481481482 0.01875 0.03981481481481482
0 0.5166666666666666 0.5319444444444444 0.02395833333333333 0.04351851851851852
0 0.55234375 0.524537037037037 0.021354166666666667 0.04537037037037037
0 0.42265625 0.40601851851851856 0.022395833333333334 0.036111111111111115
0 0.65859375 0.3337962962962963 0.021354166666666667 0.03796296296296296
0 0.6174479166666667 0.35185185185185186 0.0203125 0.031481481481481485
0 0.59453125 0.23287037037037037 0.019270833333333334 0.030555555555555558
0 0.5559895833333334 0.2791666666666667 0.019270833333333334 0.032407407407407406
0 0.48333333333333334 0.18796296296296297 0.017708333333333333 0.02962962962962963
0 0.5013020833333334 0.11851851851851852 0.019270833333333334 0.02777777777777778
0 0.45598958333333334 0.08703703703703704 0.0171875 0.02962962962962963
0 0.4184895833333333 0.08564814814814815 0.0171875 0.028703703703703703
0 0.6651041666666666 0.12083333333333333 0.014583333333333334 0.028703703703703703
0 0.7067708333333333 0.05416666666666667 0.017708333333333333 0.030555555555555558
