0 0.025 0.09537037037037037 0.015625 0.022222222222222223
0 0.05130208333333333 0.06620370370370371 0.0140625 0.02314814814814815
0 0.3424479166666667 0.17824074074074076 0.0171875 0.030555555555555558
0 0.33958333333333335 0.21805555555555556 0.014583333333333334 0.028703703703703703
0 0.2911458333333333 0.4328703703703704 0.017708333333333333 0.03425925925925926
0 0.20703125 0.5833333333333334 0.028645833333333332 0.05925925925925926
0 0.2552083333333333 0.6444444444444445 0.025 0.044444444444444446
0 0.25885416666666666 0.8638888888888889 0.02395833333333333 0.044444444444444446
0 0.44375 0.55 0.026041666666666668 0.0462962962962963
0 0.42552083333333335 0.33611111111111114 0.019791666666666666 0.03333333333333333
0 0.5510416666666667 0.6861111111111111 0.026041666666666668 0.04814814814814815
0 0.5901041666666667 0.6916666666666667 0.02395833333333333 0.053703703703703705
0 0.8247395833333333 0.7652777777777778 0.027604166666666666 0.05092592592592593
0 0.8768229166666667 0.7805555555555556 0.027604166666666666 0.0462962962962963
0 0.8234374999999999 0.6138888888888889 0.025 0.05925925925925926
0 0.8026041666666667 0.45740740740740743 0.02395833333333333 0.0462962962962963
0 0.765625 0.47453703703703703 0.019791666666666666 0.04166666666666667
0 0.7192708333333333 0.39166666666666666 0.020833333333333332 0.031481481481481485
0 0.43359375 0.020370370370370372 0.0171875 0.024074074074074074
0 0.4640625 0.08657407407407408 0.017708333333333333 0.030555555555555558
0 0.440625 0.1615740740740741 0.020833333333333332 0.03425925925925926
0 0.4869791666666667 0.2013888888888889 0.016666666666666666 0.028703703703703703
0 0.5203125 0.16574074074074074 0.01875 0.02962962962962963
0 0.5526041666666667 0.2763888888888889 0.01875 0.036111111111111115
0 0.5885416666666666 0.25462962962962965 0.020833333333333332 0.037037037037037035
0 0.63984375 0.312962962962963 0.019270833333333334 0.037037037037037035
0 0.659375 0.4027777777777778 0.020833333333333332 0.037037037037037035
