0 0.06276041666666667 0.20925925925925926 0.018229166666666668 0.02962962962962963
0 0.09713541666666667 0.1851851851851852 0.018229166666666668 0.03333333333333333
0 0.30963541666666666 0.05416666666666667 0.0171875 0.028703703703703703
0 0.3046875 0.09212962962962963 0.015625 0.026851851851851852
0 0.35260416666666666 0.19907407407407407 0.016666666666666666 0.03333333333333333
0 0.47421874999999997 0.12685185185185185 0.015104166666666667 0.02962962962962963
0 0.5161458333333333 0.1574074074074074 0.015625 0.03518518518518519
0 0.5276041666666667 0.2388888888888889 0.015625 0.02777777777777778
0 0.4028645833333333 0.31851851851851853 0.0171875 0.03518518518518519
0 0.20781249999999998 0.41250000000000003 0.021875 0.03425925925925926
0 0.21536458333333333 0.5185185185185185 0.024479166666666666 0.0462962962962963
0 0.2604166666666667 0.6805555555555556 0.020833333333333332 0.040740740740740744
0 0.2877604166666667 0.600925925925926 0.0203125 0.03888888888888889
0 0.9848958333333333 0.7060185185185186 0.027083333333333334 0.05648148148148149
0 0.9552083333333333 0.7236111111111111 0.027083333333333334 0.04537037037037037
0 0.8880208333333334 0.5620370370370371 0.02395833333333333 0.040740740740740744
0 0.8140625 0.5708333333333333 0.022916666666666665 0.04537037037037037
0 0.7791666666666667 0.45925925925925926 0.028125 0.04259259259259259
0 0.6888020833333334 0.42638888888888893 0.022395833333333334 0.04166666666666667
0 0.65625 0.4277777777777778 0.026041666666666668 0.037037037037037035
0 0.48828125 0.4365740740740741 0.021354166666666667 0.036111111111111115
0 0.5114583333333333 0.42824074074074076 0.017708333333333333 0.036111111111111115
0 0.62109375 0.3611111111111111 0.019270833333333334 0.03333333333333333
0 0.6583333333333333 0.3087962962962963 0.020833333333333332 0.036111111111111115
0 0.6677083333333333 0.21666666666666667 0.014583333333333334 0.02777777777777778
0 0.7119791666666666 0.13425925925925927 0.020833333333333332 0.03518518518518519
0 0.4354166666666667 0.14074074074074075 0.016666666666666666 0.031481481481481485
