0 0.04479166666666667 0.14120370370370372 0.017708333333333333 0.03425925925925926
0 0.0765625 0.11157407407407408 0.017708333333333333 0.032407407407407406
0 0.21119791666666665 0.46944444444444444 0.028645833333333332 0.053703703703703705
0 0.23385416666666667 0.5740740740740741 0.02395833333333333 0.0462962962962963
0 0.2622395833333333 0.7694444444444445 0.028645833333333332 0.04259259259259259
0 0.31744791666666666 0.5361111111111111 0.022395833333333334 0.04814814814814815
0 0.42604166666666665 0.4287037037037037 0.020833333333333332 0.04259259259259259
0 0.5213541666666667 0.5611111111111111 0.02395833333333333 0.0462962962962963
0 0.559375 0.5569444444444445 0.025 0.05092592592592593
0 0.38307291666666665 0.25833333333333336 0.018229166666666668 0.031481481481481485
0 0.32317708333333334 0.16018518518518518 0.018229166666666668 0.040740740740740744
0 0.3260416666666667 0.11481481481481481 0.017708333333333333 0.031481481481481485
0 0.41562499999999997 0.06944444444444445 0.015625 0.024074074074074074
0 0.45260416666666664 0.07268518518518519 0.016666666666666666 0.026851851851851852
0 0.4947916666666667 0.11018518518518519 0.016666666666666666 0.031481481481481485
0 0.465625 0.17546296296296296 0.017708333333333333 0.028703703703703703
0 0.5393229166666667 0.25833333333333336 0.018229166666666668 0.031481481481481485
0 0.5778645833333333 0.21296296296296297 0.015104166666666667 0.02962962962962963
0 0.5997395833333333 0.33611111111111114 0.021354166666666667 0.037037037037037035
0 0.6494791666666666 0.312962962962963 0.02395833333333333 0.037037037037037035
0 0.6979166666666666 0.36342592592592593 0.020833333333333332 0.03796296296296296
0 0.728125 0.45601851851851855 0.021875 0.04166666666666667
0 0.7864583333333334 0.4518518518518519 0.020833333333333332 0.04259259259259259
0 0.66640625 0.09583333333333334 0.013020833333333334 0.021296296296296296
0 0.7036458333333333 0.040740740740740744 0.014583333333333334 0.02592592592592593
0 0.84765625 0.5717592592592593 0.021354166666666667 0.04166666666666667
0 0.8820312499999999 0.5407407407407407 0.0234375 0.053703703703703705
0 0.9026041666666667 0.7472222222222222 0.03229166666666666 0.05925925925925926
0 0.9541666666666666 0.9500000000000001 0.030208333333333334 0.053703703703703705
