0 0.0049479166666666664 0.051388888888888894 0.009895833333333333 0.028703703703703703
0 0.0296875 0.02314814814814815 0.015625 0.024074074074074074
0 0.30052083333333335 0.08425925925925926 0.015625 0.03518518518518519
0 0.334375 0.0712962962962963 0.015625 0.02962962962962963
0 0.20572916666666666 0.3287037037037037 0.015625 0.031481481481481485
0 0.19739583333333333 0.6967592592592593 0.022916666666666665 0.04351851851851852
0 0.2671875 0.7064814814814815 0.02395833333333333 0.03888888888888889
0 0.2635416666666667 0.9564814814814815 0.019791666666666666 0.04259259259259259
0 0.5859375 0.8175925925925926 0.027083333333333334 0.0462962962962963
0 0.6395833333333333 0.825925925925926 0.022916666666666665 0.0462962962962963
0 0.4953125 0.6865740740740741 0.02395833333333333 0.04537037037037037
0 0.7239583333333334 0.6148148148148148 0.025 0.04259259259259259
0 0.7776041666666667 0.6106481481481482 0.02395833333333333 0.03796296296296296
0 0.7596354166666667 0.49259259259259264 0.018229166666666668 0.031481481481481485
0 0.47239583333333335 0.4537037037037037 0.020833333333333332 0.03518518518518519
0 0.68359375 0.41064814814814815 0.018229166666666668 0.03425925925925926
0 0.7341145833333333 0.3824074074074074 0.019270833333333334 0.03333333333333333
0 0.6575520833333334 0.33333333333333337 0.0203125 0.031481481481481485
0 0.5911458333333334 0.3421296296296296 0.021875 0.032407407407407406
0 0.5791666666666666 0.2611111111111111 0.016666666666666666 0.031481481481481485
0 0.5328125 0.19953703703703704 0.013541666666666667 0.028703703703703703
0 0.5072916666666667 0.2152777777777778 0.016666666666666666 0.028703703703703703
0 0.45416666666666666 0.17407407407407408 0.015625 0.02962962962962963
0 0.37265625 0.2800925925925926 0.0171875 0.028703703703703703
0 0.36015625 0.23611111111111113 0.019270833333333334 0.02962962962962963
0 0.4265625 0.12962962962962962 0.013541666666666667 0.02777777777777778
0 0.47890625 0.12592592592592594 0.013020833333333334 0.024074074074074074
0 0.4432291666666667 0.031018518518518518 0.014583333333333334 0.028703703703703703
