0 0.019791666666666666 0.08657407407407408 0.013541666666666667 0.021296296296296296
0 0.040625 0.0625 0.014583333333333334 0.019444444444444445
0 0.2864583333333333 0.04259259259259259 0.014583333333333334 0.02592592592592593
0 0.32369791666666664 0.04027777777777778 0.01614583333333333 0.025
0 0.3450520833333333 0.1953703703703704 0.015104166666666667 0.024074074074074074
0 0.3442708333333333 0.23796296296296296 0.016666666666666666 0.02592592592592593
0 0.2591145833333333 0.40972222222222227 0.025520833333333333 0.049074074074074076
0 0.20651041666666667 0.6148148148148148 0.027604166666666666 0.053703703703703705
0 0.2596354166666667 0.6597222222222222 0.024479166666666666 0.049074074074074076
0 0.2598958333333333 0.8944444444444445 0.021875 0.040740740740740744
0 0.45859374999999997 0.5837962962962964 0.0296875 0.049074074074074076
0 0.4388020833333333 0.3717592592592593 0.018229166666666668 0.030555555555555558
0 0.47031249999999997 0.19814814814814816 0.020833333333333332 0.03888888888888889
0 0.45859374999999997 0.07314814814814816 0.015104166666666667 0.02777777777777778
0 0.4375 0.15462962962962964 0.015625 0.031481481481481485
0 0.5044270833333333 0.16435185185185186 0.0171875 0.032407407407407406
0 0.5333333333333333 0.2587962962962963 0.01875 0.03425925925925926
0 0.56640625 0.24814814814814815 0.018229166666666668 0.03518518518518519
0 0.6216145833333333 0.2949074074074074 0.01614583333333333 0.03425925925925926
0 0.6369791666666667 0.38472222222222224 0.016666666666666666 0.03425925925925926
0 0.6984375 0.38472222222222224 0.022916666666666665 0.03981481481481482
0 0.559375 0.7226851851851852 0.026041666666666668 0.04351851851851852
0 0.6 0.725 0.020833333333333332 0.044444444444444446
0 0.7408854166666666 0.46064814814814814 0.0203125 0.03425925925925926
0 0.7822916666666666 0.43333333333333335 0.019791666666666666 0.037037037037037035
0 0.8078124999999999 0.5694444444444444 0.022916666666666665 0.0462962962962963
0 0.7979166666666666 0.7226851851851852 0.027083333333333334 0.04351851851851852
0 0.8466145833333333 0.7263888888888889 0.024479166666666666 0.03981481481481482
