0 0.00390625 0.03888888888888889 0.0067708333333333336 0.02777777777777778
0 0.024479166666666666 0.015277777777777779 0.0125 0.02314814814814815
0 0.19296875 0.2888888888888889 0.0171875 0.03888888888888889
0 0.19479166666666667 0.7236111111111111 0.029166666666666667 0.06018518518518519
0 0.259375 0.7314814814814815 0.027083333333333334 0.05185185185185186
0 0.26484375 0.9699074074074074 0.022395833333333334 0.04166666666666667
0 0.5161458333333333 0.7083333333333334 0.030208333333333334 0.05555555555555556
0 0.5921875 0.8541666666666667 0.030208333333333334 0.062037037037037036
0 0.6450520833333333 0.862037037037037 0.0234375 0.053703703703703705
0 0.70859375 0.5800925925925926 0.0234375 0.04722222222222222
0 0.7552083333333334 0.5722222222222223 0.027083333333333334 0.053703703703703705
0 0.75390625 0.45787037037037037 0.022395833333333334 0.036111111111111115
0 0.7182291666666667 0.35879629629629634 0.017708333333333333 0.03796296296296296
0 0.6723958333333333 0.38796296296296295 0.013541666666666667 0.02777777777777778
0 0.6447916666666667 0.3263888888888889 0.014583333333333334 0.036111111111111115
0 0.5846354166666666 0.32407407407407407 0.019270833333333334 0.031481481481481485
0 0.37604166666666666 0.2916666666666667 0.01875 0.03333333333333333
0 0.48854166666666665 0.4828703703703704 0.020833333333333332 0.04166666666666667
0 0.2828125 0.03194444444444445 0.013541666666666667 0.02314814814814815
0 0.30572916666666666 0.09537037037037037 0.014583333333333334 0.037037037037037035
0 0.3385416666666667 0.08657407407407408 0.015625 0.030555555555555558
0 0.44114583333333335 0.015740740740740743 0.0125 0.02592592592592593
0 0.42526041666666664 0.1087962962962963 0.015104166666666667 0.025
0 0.4544270833333333 0.16018518518518518 0.0171875 0.02592592592592593
0 0.47291666666666665 0.12546296296296297 0.014583333333333334 0.028703703703703703
0 0.49192708333333335 0.20601851851851852 0.01614583333333333 0.028703703703703703
0 0.5200520833333333 0.19074074074074074 0.0171875 0.031481481481481485
0 0.5669270833333333 0.24027777777777778 0.01614583333333333 0.026851851851851852
