0 0.0078125 0.058333333333333334 0.013541666666666667 0.02962962962962963
0 0.030729166666666665 0.03287037037037037 0.015625 0.026851851851851852
0 0.29791666666666666 0.07453703703703704 0.016666666666666666 0.032407407407407406
0 0.3325520833333333 0.06805555555555556 0.0203125 0.03425925925925926
0 0.35234375 0.22546296296296298 0.018229166666666668 0.03425925925925926
0 0.3703125 0.26944444444444443 0.013541666666666667 0.02777777777777778
0 0.2171875 0.3421296296296296 0.02395833333333333 0.04722222222222222
0 0.20729166666666665 0.6773148148148148 0.03229166666666666 0.06759259259259259
0 0.26901041666666664 0.700925925925926 0.028645833333333332 0.05925925925925926
0 0.2640625 0.9495370370370371 0.02395833333333333 0.05277777777777778
0 0.48463541666666665 0.6685185185185185 0.0296875 0.06296296296296297
0 0.465625 0.4388888888888889 0.02395833333333333 0.04259259259259259
0 0.58359375 0.8 0.024479166666666666 0.07222222222222223
0 0.6380208333333334 0.8074074074074075 0.020833333333333332 0.05740740740740741
0 0.7328125 0.6282407407407408 0.020833333333333332 0.04722222222222222
0 0.79140625 0.6333333333333333 0.025520833333333333 0.053703703703703705
0 0.7703125 0.5050925925925926 0.02395833333333333 0.04722222222222222
0 0.7380208333333333 0.39537037037037037 0.021875 0.040740740740740744
0 0.44687499999999997 0.03796296296296296 0.014583333333333334 0.024074074074074074
0 0.4296875 0.13055555555555556 0.015625 0.02962962962962963
0 0.4848958333333333 0.13148148148148148 0.013541666666666667 0.02962962962962963
0 0.45859374999999997 0.18564814814814815 0.0171875 0.030555555555555558
0 0.5143229166666666 0.21805555555555556 0.019270833333333334 0.03425925925925926
0 0.5408854166666667 0.20925925925925926 0.01614583333333333 0.03333333333333333
0 0.5838541666666667 0.27083333333333337 0.016666666666666666 0.036111111111111115
0 0.5953125 0.34953703703703703 0.017708333333333333 0.03425925925925926
0 0.6638020833333333 0.3416666666666667 0.019270833333333334 0.037037037037037035
0 0.69140625 0.42129629629629634 0.0203125 0.03518518518518519
