0 0.021875 0.09027777777777778 0.013541666666666667 0.02314814814814815
0 0.045572916666666664 0.06481481481481481 0.013020833333333334 0.020370370370370372
0 0.28854166666666664 0.04166666666666667 0.01875 0.031481481481481485
0 0.3221354166666667 0.037037037037037035 0.0171875 0.02777777777777778
0 0.34270833333333334 0.1875 0.019791666666666666 0.030555555555555558
0 0.34088541666666666 0.22731481481481483 0.015104166666666667 0.028703703703703703
0 0.2734375 0.4199074074074074 0.020833333333333332 0.03425925925925926
0 0.20755208333333333 0.5981481481481482 0.027604166666666666 0.05740740740740741
0 0.2552083333333333 0.6587962962962963 0.030208333333333334 0.05092592592592593
0 0.26145833333333335 0.8861111111111112 0.027083333333333334 0.044444444444444446
0 0.4536458333333333 0.5750000000000001 0.026041666666666668 0.0462962962962963
0 0.55625 0.7134259259259259 0.02395833333333333 0.04166666666666667
0 0.5966145833333333 0.712962962962963 0.022395833333333334 0.04814814814814815
0 0.80703125 0.736574074074074 0.027604166666666666 0.05092592592592593
0 0.85546875 0.75 0.0296875 0.04814814814814815
0 0.8106770833333333 0.5828703703703704 0.022395833333333334 0.049074074074074076
0 0.7921875 0.4467592592592593 0.025 0.049074074074074076
0 0.7486979166666666 0.4620370370370371 0.0234375 0.04259259259259259
0 0.7067708333333333 0.38101851851851853 0.01875 0.030555555555555558
0 0.4596354166666667 0.0787037037037037 0.01614583333333333 0.024074074074074074
0 0.4296875 0.016666666666666666 0.015625 0.018518518518518517
0 0.43645833333333334 0.15185185185185185 0.014583333333333334 0.02962962962962963
0 0.4791666666666667 0.20046296296296298 0.01875 0.032407407407407406
0 0.5104166666666666 0.16435185185185186 0.017708333333333333 0.030555555555555558
0 0.5393229166666667 0.26296296296296295 0.0171875 0.03333333333333333
0 0.5744791666666667 0.25277777777777777 0.01875 0.03333333333333333
0 0.43723958333333335 0.36342592592592593 0.018229166666666668 0.030555555555555558
0 0.6294270833333333 0.30092592592592593 0.0203125 0.031481481481481485
0 0.6473958333333333 0.3912037037037037 0.02395833333333333 0.03981481481481482
