0 0.01796875 0.075 0.013020833333333334 0.022222222222222223
0 0.033854166666666664 0.053703703703703705 0.013541666666666667 0.020370370370370372
0 0.24322916666666666 0.38796296296296295 0.020833333333333332 0.03888888888888889
0 0.21067708333333332 0.6328703703703704 0.027604166666666666 0.049074074074074076
0 0.2596354166666667 0.6805555555555556 0.024479166666666666 0.04259259259259259
0 0.2643229166666667 0.9120370370370371 0.028645833333333332 0.06296296296296297
0 0.4661458333333333 0.6236111111111111 0.03125 0.0638888888888889
0 0.5653645833333333 0.7453703703703703 0.0265625 0.05740740740740741
0 0.6169270833333333 0.7541666666666667 0.0265625 0.05092592592592593
0 0.29140625 0.05648148148148149 0.019270833333333334 0.03518518518518519
0 0.3263020833333333 0.049074074074074076 0.018229166666666668 0.03518518518518519
0 0.3455729166666667 0.20833333333333334 0.0171875 0.031481481481481485
0 0.3515625 0.2513888888888889 0.017708333333333333 0.036111111111111115
0 0.44947916666666665 0.3907407407407408 0.01875 0.031481481481481485
0 0.7671875 0.42592592592592593 0.020833333333333332 0.0462962962962963
0 0.7213541666666666 0.4476851851851852 0.021875 0.03796296296296296
0 0.6817708333333333 0.3736111111111111 0.01875 0.036111111111111115
0 0.6223958333333334 0.3740740740740741 0.020833333333333332 0.03518518518518519
0 0.6080729166666666 0.2939814814814815 0.018229166666666668 0.03425925925925926
0 0.5544270833333333 0.24027777777777778 0.018229166666666668 0.030555555555555558
0 0.5283854166666666 0.2513888888888889 0.019270833333333334 0.030555555555555558
0 0.49609375 0.15694444444444444 0.013020833333333334 0.025
0 0.4661458333333333 0.1925925925925926 0.015625 0.024074074074074074
0 0.43359375 0.1449074074074074 0.015104166666666667 0.025
0 0.45598958333333334 0.06805555555555556 0.018229166666666668 0.030555555555555558
0 0.7979166666666666 0.5472222222222223 0.021875 0.04259259259259259
0 0.7755208333333333 0.6824074074074075 0.022916666666666665 0.04259259259259259
0 0.8296875 0.6930555555555555 0.022916666666666665 0.04351851851851852
