0 0.6260416666666666 0.1449074074074074 0.015625 0.03425925925925926
0 0.015625 0.22592592592592595 0.019791666666666666 0.03888888888888889
0 0.6671875 0.16666666666666669 0.016666666666666666 0.031481481481481485
0 0.56484375 0.6291666666666667 0.024479166666666666 0.05277777777777778
0 0.5854166666666667 0.18472222222222223 0.016666666666666666 0.03796296296296296
0 0.5138020833333333 0.20740740740740743 0.01614583333333333 0.037037037037037035
0 0.5192708333333333 0.16342592592592592 0.015625 0.03796296296296296
0 0.36822916666666666 0.300462962962963 0.01875 0.04537037037037037
0 0.37083333333333335 0.17500000000000002 0.013541666666666667 0.02962962962962963
0 0.54140625 0.2199074074074074 0.01614583333333333 0.036111111111111115
0 0.22083333333333333 0.3861111111111111 0.017708333333333333 0.040740740740740744
0 0.4513020833333333 0.14953703703703705 0.011979166666666666 0.03425925925925926
0 0.07239583333333333 0.5013888888888889 0.020833333333333332 0.03981481481481482
0 0.42161458333333335 0.3111111111111111 0.013020833333333334 0.02777777777777778
0 0.6291666666666667 0.6287037037037038 0.020833333333333332 0.04259259259259259
0 0.3567708333333333 0.12037037037037038 0.013541666666666667 0.031481481481481485
0 0.47265625 0.10972222222222222 0.013020833333333334 0.03425925925925926
0 0.2973958333333333 0.08194444444444444 0.016666666666666666 0.02314814814814815
0 0.4356770833333333 0.09166666666666667 0.015104166666666667 0.02777777777777778
0 0.47604166666666664 0.13564814814814816 0.010416666666666666 0.025
0 0.3286458333333333 0.15185185185185185 0.017708333333333333 0.02962962962962963
0 0.008854166666666666 0.576388888888889 0.015625 0.04722222222222222
