0 0.5197916666666667 0.1912037037037037 0.016666666666666666 0.04166666666666667
0 0.6377604166666666 0.775462962962963 0.024479166666666666 0.05648148148148149
0 0.5653645833333333 0.20740740740740743 0.01614583333333333 0.03888888888888889
0 0.6375 0.20694444444444446 0.016666666666666666 0.03425925925925926
0 0.023697916666666666 0.29120370370370374 0.0203125 0.04166666666666667
0 0.6151041666666667 0.17592592592592593 0.017708333333333333 0.03333333333333333
0 0.6994791666666667 0.7652777777777778 0.022916666666666665 0.05277777777777778
0 0.38125 0.20601851851851852 0.014583333333333334 0.03796296296296296
0 0.9768229166666667 0.6546296296296297 0.025520833333333333 0.0462962962962963
0 0.1828125 0.34120370370370373 0.016666666666666666 0.03796296296296296
0 0.33567708333333335 0.34444444444444444 0.0203125 0.0462962962962963
0 0.46041666666666664 0.0763888888888889 0.0125 0.032407407407407406
0 0.43671875 0.12361111111111112 0.013020833333333334 0.03796296296296296
0 0.012760416666666666 0.4513888888888889 0.018229166666666668 0.03425925925925926
0 0.2859375 0.024537037037037038 0.011458333333333333 0.026851851851851852
0 0.33932291666666664 0.1925925925925926 0.018229166666666668 0.031481481481481485
0 0.36796875 0.16898148148148148 0.019270833333333334 0.032407407407407406
0 0.3104166666666667 0.12546296296296297 0.017708333333333333 0.026851851851851852
0 0.4231770833333333 0.05277777777777778 0.018229166666666668 0.02777777777777778
0 0.4669270833333333 0.11481481481481481 0.015104166666666667 0.02962962962962963
0 0.49609375 0.18101851851851852 0.018229166666666668 0.03425925925925926
0 0.4986979166666667 0.13935185185185187 0.015104166666666667 0.032407407407407406
0 0.39817708333333335 0.37592592592592594 0.024479166666666666 0.03888888888888889
