0 0.5380208333333333 0.5888888888888889 0.02395833333333333 0.06296296296296297
0 0.6776041666666667 0.1486111111111111 0.016666666666666666 0.03796296296296296
0 0.628125 0.13333333333333333 0.014583333333333334 0.03333333333333333
0 0.59375 0.17731481481481481 0.016666666666666666 0.04166666666666667
0 0.37447916666666664 0.27546296296296297 0.01875 0.04351851851851852
0 0.42109375 0.2814814814814815 0.011979166666666666 0.031481481481481485
0 0.008333333333333333 0.19907407407407407 0.016666666666666666 0.037037037037037035
0 0.5247395833333334 0.1736111111111111 0.01614583333333333 0.032407407407407406
0 0.5177083333333333 0.2240740740740741 0.017708333333333333 0.037037037037037035
0 0.03723958333333333 0.5953703703703704 0.022395833333333334 0.061111111111111116
0 0.36614583333333334 0.16064814814814815 0.013541666666666667 0.03425925925925926
0 0.0953125 0.5259259259259259 0.019791666666666666 0.037037037037037035
0 0.5955729166666667 0.5851851851851853 0.0203125 0.04259259259259259
0 0.24270833333333333 0.3893518518518519 0.020833333333333332 0.04166666666666667
0 0.45703125 0.15925925925925927 0.013020833333333334 0.031481481481481485
0 0.4825520833333333 0.14583333333333334 0.015104166666666667 0.03425925925925926
0 0.4739583333333333 0.11805555555555557 0.0125 0.032407407407407406
0 0.5421875 0.23240740740740742 0.017708333333333333 0.037037037037037035
0 0.32057291666666665 0.13240740740740742 0.019270833333333334 0.02777777777777778
0 0.35078125 0.10601851851851853 0.013020833333333334 0.026851851851851852
0 0.43515624999999997 0.012962962962962964 0.013020833333333334 0.022222222222222223
0 0.4393229166666667 0.11203703703703705 0.0140625 0.02962962962962963
0 0.29375 0.06296296296296297 0.017708333333333333 0.031481481481481485
