0 0.6255208333333333 0.15416666666666667 0.015625 0.03425925925925926
0 0.6630208333333333 0.1787037037037037 0.016666666666666666 0.03333333333333333
0 0.5768229166666666 0.675 0.0234375 0.05740740740740741
0 0.5091145833333334 0.20277777777777778 0.01614583333333333 0.037037037037037035
0 0.36484375 0.3037037037037037 0.019270833333333334 0.044444444444444446
0 0.02005208333333333 0.23750000000000002 0.018229166666666668 0.03981481481481482
0 0.5151041666666667 0.1574074074074074 0.016666666666666666 0.03518518518518519
0 0.5380208333333333 0.20925925925925926 0.017708333333333333 0.03888888888888889
0 0.6424479166666667 0.650462962962963 0.021354166666666667 0.03981481481481482
0 0.5833333333333334 0.18981481481481483 0.013541666666666667 0.03333333333333333
0 0.21354166666666666 0.37453703703703706 0.017708333333333333 0.03981481481481482
0 0.3736979166666667 0.1837962962962963 0.015104166666666667 0.036111111111111115
0 0.4473958333333333 0.1439814814814815 0.013541666666666667 0.036111111111111115
0 0.05807291666666667 0.4935185185185185 0.021354166666666667 0.03333333333333333
0 0.30078125 0.08935185185185185 0.0140625 0.02314814814814815
0 0.3333333333333333 0.1625 0.016666666666666666 0.03425925925925926
0 0.3606770833333333 0.13425925925925927 0.013020833333333334 0.02777777777777778
0 0.4309895833333333 0.07962962962962963 0.015104166666666667 0.022222222222222223
0 0.471875 0.09722222222222222 0.0125 0.020370370370370372
0 0.47552083333333334 0.1287037037037037 0.0125 0.022222222222222223
0 0.41562499999999997 0.32083333333333336 0.015625 0.036111111111111115
