0 0.6833333333333333 0.14212962962962963 0.015625 0.032407407407407406
0 0.63046875 0.1300925925925926 0.01614583333333333 0.03425925925925926
0 0.5984375 0.17500000000000002 0.016666666666666666 0.03888888888888889
0 0.5252604166666667 0.5685185185185185 0.0234375 0.05925925925925926
0 0.5270833333333333 0.17500000000000002 0.015625 0.03333333333333333
0 0.37421875 0.26203703703703707 0.019270833333333334 0.044444444444444446
0 0.4171875 0.27222222222222225 0.013541666666666667 0.03518518518518519
0 0.3640625 0.15787037037037038 0.014583333333333334 0.036111111111111115
0 0.5161458333333333 0.22824074074074074 0.017708333333333333 0.03981481481481482
0 0.48723958333333334 0.14444444444444446 0.0171875 0.03888888888888889
0 0.05026041666666667 0.5972222222222222 0.0234375 0.053703703703703705
0 0.5854166666666667 0.5675925925925926 0.019791666666666666 0.04259259259259259
0 0.10234375 0.5314814814814816 0.0203125 0.03888888888888889
0 0.2546875 0.39351851851851855 0.02395833333333333 0.04814814814814815
0 0.008333333333333333 0.1912037037037037 0.016666666666666666 0.036111111111111115
0 0.43723958333333335 0.015740740740740743 0.0140625 0.02962962962962963
0 0.46067708333333335 0.15972222222222224 0.013020833333333334 0.03425925925925926
0 0.3216145833333333 0.12592592592592594 0.009895833333333333 0.02777777777777778
0 0.47369791666666666 0.11898148148148148 0.0140625 0.03425925925925926
0 0.54453125 0.23564814814814816 0.015104166666666667 0.03425925925925926
0 0.4453125 0.10694444444444445 0.016666666666666666 0.032407407407407406
0 0.35078125 0.0976851851851852 0.0140625 0.02314814814814815
0 0.29010416666666666 0.052314814814814814 0.015625 0.036111111111111115
