0 0.6848958333333334 0.08981481481481482 0.015625 0.03518518518518519
0 0.4901041666666667 0.4625 0.017708333333333333 0.05277777777777778
0 0.55703125 0.1912037037037037 0.015104166666666667 0.036111111111111115
0 0.45338541666666665 0.05462962962962963 0.0140625 0.03518518518518519
0 0.6278645833333333 0.09861111111111112 0.01614583333333333 0.036111111111111115
0 0.5348958333333333 0.24814814814814815 0.015625 0.037037037037037035
0 0.39375 0.23101851851851854 0.0125 0.028703703703703703
0 0.6114583333333333 0.13842592592592592 0.016666666666666666 0.03796296296296296
0 0.3598958333333333 0.21666666666666667 0.016666666666666666 0.044444444444444446
0 0.4739583333333333 0.18425925925925926 0.014583333333333334 0.03888888888888889
0 0.17265625 0.5504629629629629 0.019270833333333334 0.03796296296296296
0 0.4557291666666667 0.1300925925925926 0.0125 0.032407407407407406
0 0.5380208333333333 0.46111111111111114 0.017708333333333333 0.037037037037037035
0 0.3580729166666667 0.1087962962962963 0.01614583333333333 0.032407407407407406
0 0.5091145833333334 0.17037037037037037 0.015104166666666667 0.031481481481481485
0 0.5755208333333334 0.2513888888888889 0.014583333333333334 0.03425925925925926
0 0.4825520833333333 0.14027777777777778 0.0140625 0.026851851851851852
0 0.34401041666666665 0.05416666666666667 0.015104166666666667 0.03425925925925926
0 0.315625 0.08194444444444444 0.015625 0.036111111111111115
0 0.34140625 0.3564814814814815 0.0203125 0.04814814814814815
0 0.41015625 0.014351851851851852 0.0140625 0.025
0 0.13619791666666667 0.6129629629629629 0.019270833333333334 0.03888888888888889
