0 0.5838541666666667 0.18842592592592594 0.017708333333333333 0.03796296296296296
0 0.36614583333333334 0.3027777777777778 0.019791666666666666 0.044444444444444446
0 0.62578125 0.14907407407407408 0.015104166666666667 0.03518518518518519
0 0.5690104166666666 0.6393518518518518 0.022395833333333334 0.04351851851851852
0 0.5125 0.20416666666666666 0.016666666666666666 0.03796296296296296
0 0.4197916666666667 0.31574074074074077 0.013541666666666667 0.02962962962962963
0 0.0171875 0.22685185185185186 0.01875 0.03333333333333333
0 0.6338541666666666 0.6365740740740741 0.020833333333333332 0.04722222222222222
0 0.51796875 0.1615740740740741 0.01614583333333333 0.036111111111111115
0 0.665625 0.17037037037037037 0.016666666666666666 0.031481481481481485
0 0.21848958333333332 0.3837962962962963 0.019270833333333334 0.04166666666666667
0 0.44921875 0.14953703703703705 0.013020833333333334 0.03796296296296296
0 0.540625 0.2152777777777778 0.015625 0.036111111111111115
0 0.3716145833333333 0.1800925925925926 0.0140625 0.032407407407407406
0 0.06848958333333333 0.49953703703703706 0.0203125 0.03796296296296296
0 0.3575520833333333 0.12314814814814816 0.0140625 0.02962962962962963
0 0.006510416666666667 0.5768518518518518 0.013020833333333334 0.05740740740740741
0 0.2973958333333333 0.08611111111111111 0.016666666666666666 0.037037037037037035
0 0.4315104166666667 0.08703703703703704 0.0140625 0.02777777777777778
0 0.4731770833333333 0.1050925925925926 0.013020833333333334 0.02314814814814815
0 0.4770833333333333 0.13564814814814816 0.0125 0.026851851851851852
0 0.33098958333333334 0.1587962962962963 0.018229166666666668 0.032407407407407406
