0 0.6299479166666666 0.11018518518518519 0.0171875 0.040740740740740744
0 0.4984375 0.4814814814814815 0.020833333333333332 0.05740740740740741
0 0.68828125 0.1050925925925926 0.015104166666666667 0.03425925925925926
0 0.5510416666666667 0.18796296296296297 0.015625 0.03333333333333333
0 0.5299479166666666 0.24120370370370373 0.0171875 0.036111111111111115
0 0.3958333333333333 0.2439814814814815 0.0125 0.03425925925925926
0 0.365625 0.22685185185185186 0.016666666666666666 0.044444444444444446
0 0.5502604166666667 0.4847222222222222 0.018229166666666668 0.04166666666666667
0 0.4705729166666667 0.1814814814814815 0.013020833333333334 0.03333333333333333
0 0.45468749999999997 0.125 0.016666666666666666 0.03888888888888889
0 0.56796875 0.24861111111111112 0.01614583333333333 0.03796296296296296
0 0.5059895833333333 0.16574074074074074 0.01614583333333333 0.031481481481481485
0 0.15729166666666666 0.5467592592592593 0.019791666666666666 0.03981481481481482
0 0.11666666666666667 0.6134259259259259 0.020833333333333332 0.04537037037037037
0 0.6153645833333333 0.14907407407407408 0.01614583333333333 0.037037037037037035
0 0.45026041666666666 0.04537037037037037 0.015104166666666667 0.03518518518518519
0 0.28541666666666665 0.024074074074074074 0.015625 0.02962962962962963
0 0.3455729166666667 0.06805555555555556 0.013020833333333334 0.026851851851851852
0 0.4044270833333333 0.014351851851851852 0.013020833333333334 0.02314814814814815
0 0.36223958333333334 0.12314814814814816 0.0140625 0.02777777777777778
0 0.3125 0.09907407407407408 0.015625 0.02962962962962963
0 0.32578125 0.3689814814814815 0.0203125 0.032407407407407406
0 0.47942708333333334 0.13518518518518519 0.009895833333333333 0.02962962962962963
