0 0.6908854166666667 0.12314814814814816 0.01614583333333333 0.03518518518518519
0 0.509375 0.5282407407407408 0.020833333333333332 0.05277777777777778
0 0.5356770833333333 0.18101851851851852 0.01614583333333333 0.03425925925925926
0 0.37083333333333335 0.2476851851851852 0.019791666666666666 0.04537037037037037
0 0.4046875 0.25925925925925924 0.011458333333333333 0.02962962962962963
0 0.6333333333333333 0.11990740740740741 0.016666666666666666 0.036111111111111115
0 0.5177083333333333 0.2337962962962963 0.017708333333333333 0.03425925925925926
0 0.6119791666666666 0.16296296296296298 0.016666666666666666 0.03518518518518519
0 0.12447916666666667 0.5430555555555556 0.019791666666666666 0.036111111111111115
0 0.44244791666666666 0.031018518518518518 0.0140625 0.03425925925925926
0 0.36041666666666666 0.14166666666666666 0.0125 0.031481481481481485
0 0.08723958333333333 0.5995370370370371 0.028645833333333332 0.05092592592592593
0 0.5682291666666667 0.5328703703703704 0.019791666666666666 0.04166666666666667
0 0.008072916666666666 0.16620370370370371 0.01614583333333333 0.03981481481481482
0 0.46588541666666666 0.1736111111111111 0.0140625 0.03425925925925926
0 0.5513020833333333 0.24537037037037038 0.0171875 0.037037037037037035
0 0.28619791666666666 0.3763888888888889 0.019270833333333334 0.03796296296296296
0 0.2890625 0.04351851851851852 0.015625 0.031481481481481485
0 0.31744791666666666 0.11157407407407408 0.018229166666666668 0.036111111111111115
0 0.34609375 0.08611111111111111 0.015104166666666667 0.031481481481481485
0 0.44817708333333334 0.12037037037037038 0.019270833333333334 0.031481481481481485
0 0.47369791666666666 0.12407407407407407 0.019270833333333334 0.02962962962962963
0 0.4973958333333333 0.1574074074074074 0.017708333333333333 0.02777777777777778
