0 0.4921875 0.4638888888888889 0.020833333333333332 0.05
0 0.53359375 0.2449074074074074 0.015104166666666667 0.036111111111111115
0 0.5552083333333333 0.19074074074074074 0.015625 0.03518518518518519
0 0.6291666666666667 0.10416666666666667 0.016666666666666666 0.03796296296296296
0 0.6856770833333333 0.0912037037037037 0.015104166666666667 0.03425925925925926
0 0.5739583333333333 0.24722222222222223 0.015625 0.040740740740740744
0 0.16770833333333332 0.549074074074074 0.019791666666666666 0.03888888888888889
0 0.5416666666666666 0.47222222222222227 0.019791666666666666 0.044444444444444446
0 0.3619791666666667 0.22314814814814815 0.016666666666666666 0.044444444444444446
0 0.45208333333333334 0.05185185185185186 0.014583333333333334 0.03333333333333333
0 0.3950520833333333 0.2351851851851852 0.0109375 0.02962962962962963
0 0.4552083333333333 0.12685185185185185 0.013541666666666667 0.03888888888888889
0 0.47265625 0.1837962962962963 0.013020833333333334 0.03796296296296296
0 0.35885416666666664 0.11481481481481481 0.016666666666666666 0.03888888888888889
0 0.12890625 0.6166666666666667 0.022395833333333334 0.0462962962962963
0 0.5075520833333333 0.1638888888888889 0.01614583333333333 0.037037037037037035
0 0.4809895833333333 0.13703703703703704 0.013020833333333334 0.02962962962962963
0 0.4080729166666667 0.01388888888888889 0.015104166666666667 0.018518518518518517
0 0.3145833333333333 0.08796296296296297 0.017708333333333333 0.02962962962962963
0 0.34270833333333334 0.05925925925925926 0.0125 0.02777777777777778
0 0.33541666666666664 0.35879629629629634 0.015625 0.03425925925925926
0 0.6122395833333333 0.1398148148148148 0.0203125 0.04259259259259259
