0 0.5385416666666667 0.25 0.015625 0.03888888888888889
0 0.559375 0.18981481481481483 0.016666666666666666 0.03518518518518519
0 0.47734375 0.44953703703703707 0.0203125 0.05648148148148149
0 0.5302083333333333 0.44537037037037036 0.017708333333333333 0.04259259259259259
0 0.4591145833333333 0.13240740740740742 0.0140625 0.03333333333333333
0 0.6263020833333334 0.09305555555555556 0.0171875 0.03796296296296296
0 0.6083333333333333 0.125 0.016666666666666666 0.037037037037037035
0 0.3580729166666667 0.2138888888888889 0.015104166666666667 0.040740740740740744
0 0.39036458333333335 0.2189814814814815 0.011979166666666666 0.030555555555555558
0 0.45546875 0.058333333333333334 0.0140625 0.03333333333333333
0 0.15208333333333332 0.6231481481481481 0.02395833333333333 0.05
0 0.6833333333333333 0.07685185185185185 0.016666666666666666 0.031481481481481485
0 0.5796875 0.25324074074074077 0.015625 0.03981481481481482
0 0.184375 0.5560185185185186 0.019791666666666666 0.03796296296296296
0 0.4770833333333333 0.18472222222222223 0.013541666666666667 0.036111111111111115
0 0.41041666666666665 0.01990740740740741 0.015625 0.03425925925925926
0 0.35703125 0.10277777777777779 0.01614583333333333 0.03333333333333333
0 0.4822916666666667 0.13657407407407407 0.0125 0.026851851851851852
0 0.5125 0.1736111111111111 0.017708333333333333 0.032407407407407406
0 0.3125 0.075 0.016666666666666666 0.031481481481481485
0 0.33932291666666664 0.047685185185185185 0.013020833333333334 0.032407407407407406
0 0.353125 0.35324074074074074 0.017708333333333333 0.04351851851851852
