0 0.2895833333333333 0.36064814814814816 0.019791666666666666 0.04722222222222222
0 0.18125 0.3087962962962963 0.017708333333333333 0.03425925925925926
0 0.9184895833333333 0.611574074074074 0.025520833333333333 0.04351851851851852
0 0.5161458333333333 0.17777777777777778 0.016666666666666666 0.040740740740740744
0 0.5575520833333333 0.19490740740740742 0.0171875 0.036111111111111115
0 0.7567708333333333 0.8870370370370371 0.029166666666666667 0.06296296296296297
0 0.9411458333333333 0.6101851851851852 0.019791666666666666 0.03333333333333333
0 0.37395833333333334 0.1962962962962963 0.013541666666666667 0.02777777777777778
0 0.03359375 0.3490740740740741 0.019270833333333334 0.037037037037037035
0 0.3546875 0.4083333333333333 0.020833333333333332 0.03888888888888889
0 0.40911458333333334 0.02962962962962963 0.01614583333333333 0.02962962962962963
0 0.6869791666666667 0.9023148148148149 0.030208333333333334 0.06944444444444445
0 0.4005208333333333 0.23703703703703705 0.01875 0.040740740740740744
0 0.3106770833333333 0.04814814814814815 0.011979166666666666 0.02962962962962963
0 0.42421875 0.1125 0.011979166666666666 0.032407407407407406
0 0.28880208333333335 0.05925925925925926 0.0109375 0.02962962962962963
0 0.99375 0.8458333333333333 0.013541666666666667 0.0638888888888889
0 0.3143229166666667 0.15972222222222224 0.0203125 0.03425925925925926
0 0.35130208333333335 0.2152777777777778 0.019270833333333334 0.03425925925925926
0 0.45234375 0.05740740740740741 0.015104166666666667 0.02962962962962963
0 0.45703125 0.09490740740740741 0.0140625 0.025
0 0.4822916666666667 0.12638888888888888 0.015625 0.025
0 0.48723958333333334 0.1615740740740741 0.015104166666666667 0.036111111111111115
0 0.59765625 0.19212962962962965 0.019270833333333334 0.025
0 0.60234375 0.22175925925925927 0.0203125 0.03425925925925926
0 0.9419270833333333 0.9166666666666667 0.024479166666666666 0.06851851851851852
