0 0.29322916666666665 0.3578703703703704 0.020833333333333332 0.05092592592592593
0 0.92421875 0.611574074074074 0.024479166666666666 0.04722222222222222
0 0.5169270833333334 0.1787037037037037 0.0171875 0.04259259259259259
0 0.18046875 0.3138888888888889 0.0171875 0.03333333333333333
0 0.5580729166666667 0.19351851851851853 0.0171875 0.03333333333333333
0 0.6796875 0.8898148148148148 0.028125 0.07222222222222223
0 0.03177083333333333 0.3375 0.01875 0.036111111111111115
0 0.75 0.8712962962962963 0.028125 0.061111111111111116
0 0.42421875 0.11481481481481481 0.011979166666666666 0.03333333333333333
0 0.9486979166666667 0.6101851851851852 0.0203125 0.03333333333333333
0 0.3109375 0.04212962962962963 0.011458333333333333 0.03796296296296296
0 0.3731770833333333 0.1953703703703704 0.015104166666666667 0.02962962962962963
0 0.39817708333333335 0.23425925925925928 0.01614583333333333 0.03888888888888889
0 0.4114583333333333 0.028703703703703703 0.014583333333333334 0.02962962962962963
0 0.2869791666666667 0.05601851851851852 0.0125 0.032407407407407406
0 0.35885416666666664 0.40972222222222227 0.019791666666666666 0.04537037037037037
0 0.9484374999999999 0.9259259259259259 0.029166666666666667 0.06666666666666667
0 0.45468749999999997 0.055092592592592596 0.016666666666666666 0.032407407407407406
0 0.4588541666666667 0.1 0.0125 0.031481481481481485
0 0.3125 0.15555555555555556 0.015625 0.037037037037037035
0 0.34869791666666666 0.20972222222222223 0.015104166666666667 0.032407407407407406
0 0.48333333333333334 0.12824074074074074 0.017708333333333333 0.032407407407407406
0 0.4875 0.16342592592592592 0.016666666666666666 0.032407407407407406
0 0.6057291666666667 0.2199074074074074 0.016666666666666666 0.036111111111111115
0 0.6005208333333333 0.1902777777777778 0.016666666666666666 0.036111111111111115
