0 0.96640625 0.7740740740740741 0.028645833333333332 0.05185185185185186
0 0.8520833333333333 0.6018518518518519 0.02395833333333333 0.04814814814814815
0 0.25885416666666666 0.37777777777777777 0.020833333333333332 0.04814814814814815
0 0.18619791666666666 0.287962962962963 0.0171875 0.037037037037037035
0 0.5432291666666667 0.20046296296296298 0.017708333333333333 0.03425925925925926
0 0.5776041666666667 0.2476851851851852 0.016666666666666666 0.04166666666666667
0 0.5067708333333333 0.17222222222222222 0.015625 0.037037037037037035
0 0.3104166666666667 0.4527777777777778 0.01875 0.04259259259259259
0 0.8671875 0.5666666666666667 0.020833333333333332 0.03518518518518519
0 0.045572916666666664 0.41712962962962963 0.019270833333333334 0.032407407407407406
0 0.4125 0.27592592592592596 0.017708333333333333 0.037037037037037035
0 0.3013020833333333 0.09814814814814815 0.013020833333333334 0.031481481481481485
0 0.59453125 0.22361111111111112 0.0171875 0.03981481481481482
0 0.8908854166666667 0.8467592592592593 0.0265625 0.05648148148148149
0 0.3234375 0.08333333333333334 0.015625 0.03333333333333333
0 0.32890625 0.19722222222222224 0.013020833333333334 0.022222222222222223
0 0.3736979166666667 0.25092592592592594 0.0140625 0.02777777777777778
0 0.39427083333333335 0.22222222222222224 0.015625 0.02962962962962963
0 0.42578125 0.08750000000000001 0.013020833333333334 0.025
0 0.45026041666666666 0.037037037037037035 0.015104166666666667 0.020370370370370372
0 0.4497395833333333 0.08101851851851852 0.019270833333333334 0.025
0 0.475 0.1287037037037037 0.011458333333333333 0.02962962962962963
0 0.47239583333333335 0.16203703703703703 0.016666666666666666 0.02962962962962963
