0 0.9208333333333333 0.7032407407407407 0.030208333333333334 0.05277777777777778
0 0.23098958333333333 0.3740740740740741 0.021354166666666667 0.044444444444444446
0 0.79453125 0.5560185185185186 0.021354166666666667 0.04537037037037037
0 0.559375 0.24212962962962964 0.016666666666666666 0.04166666666666667
0 0.19088541666666667 0.26944444444444443 0.018229166666666668 0.03888888888888889
0 0.5013020833333334 0.1587962962962963 0.01614583333333333 0.03981481481481482
0 0.46510416666666665 0.14814814814814814 0.016666666666666666 0.044444444444444446
0 0.8156249999999999 0.5324074074074074 0.01875 0.03333333333333333
0 0.5260416666666666 0.20462962962962963 0.015625 0.03888888888888889
0 0.057291666666666664 0.4759259259259259 0.020833333333333332 0.04259259259259259
0 0.8520833333333333 0.7796296296296297 0.02395833333333333 0.05185185185185186
0 0.42994791666666665 0.30972222222222223 0.0140625 0.030555555555555558
0 0.3109375 0.12268518518518519 0.010416666666666666 0.026851851851851852
0 0.3502604166666667 0.051388888888888894 0.0140625 0.036111111111111115
0 0.5877604166666667 0.22731481481481483 0.0171875 0.03981481481481482
0 0.41041666666666665 0.24583333333333335 0.0125 0.028703703703703703
0 0.39010416666666664 0.274537037037037 0.015625 0.032407407407407406
0 0.00625 0.3699074074074074 0.0125 0.05462962962962963
0 0.3328125 0.10601851851851853 0.013541666666666667 0.032407407407407406
0 0.4471354166666667 0.062037037037037036 0.019270833333333334 0.020370370370370372
0 0.44635416666666666 0.024537037037037038 0.017708333333333333 0.026851851851851852
0 0.42161458333333335 0.06898148148148149 0.015104166666666667 0.025
0 0.4671875 0.10740740740740741 0.016666666666666666 0.02962962962962963
0 0.33932291666666664 0.22037037037037038 0.018229166666666668 0.02777777777777778
0 0.2661458333333333 0.4564814814814815 0.020833333333333332 0.03888888888888889
