0 0.9184895833333333 0.6981481481481482 0.030729166666666665 0.053703703703703705
0 0.5588541666666667 0.24027777777777778 0.016666666666666666 0.03981481481481482
0 0.23020833333333332 0.3736111111111111 0.019791666666666666 0.03981481481481482
0 0.7921875 0.5564814814814815 0.019791666666666666 0.0462962962962963
0 0.1921875 0.27037037037037037 0.017708333333333333 0.03888888888888889
0 0.5010416666666666 0.1587962962962963 0.015625 0.03981481481481482
0 0.8122395833333333 0.5328703703703704 0.018229166666666668 0.03425925925925926
0 0.4322916666666667 0.3037037037037037 0.017708333333333333 0.03888888888888889
0 0.3098958333333333 0.12361111111111112 0.013541666666666667 0.032407407407407406
0 0.525 0.20231481481481484 0.015625 0.036111111111111115
0 0.057812499999999996 0.47962962962962963 0.019791666666666666 0.040740740740740744
0 0.8497395833333333 0.775462962962963 0.0234375 0.05092592592592593
0 0.35390625 0.05694444444444444 0.011979166666666666 0.030555555555555558
0 0.4114583333333333 0.25 0.014583333333333334 0.02777777777777778
0 0.334375 0.10787037037037038 0.015625 0.032407407407407406
0 0.38828125 0.275 0.018229166666666668 0.03518518518518519
0 0.5877604166666667 0.22824074074074074 0.0171875 0.04166666666666667
0 0.00625 0.3675925925925926 0.0125 0.04259259259259259
0 0.2661458333333333 0.45555555555555555 0.022916666666666665 0.037037037037037035
0 0.33984375 0.22083333333333335 0.019270833333333334 0.032407407407407406
0 0.4484375 0.059722222222222225 0.016666666666666666 0.03425925925925926
0 0.4203125 0.062037037037037036 0.011458333333333333 0.02777777777777778
0 0.46770833333333334 0.10601851851851853 0.021875 0.03425925925925926
0 0.46510416666666665 0.1513888888888889 0.017708333333333333 0.03425925925925926
