0 0.9325520833333333 0.7180555555555556 0.0296875 0.05462962962962963
0 0.2375 0.3726851851851852 0.021875 0.04537037037037037
0 0.18828125 0.27222222222222225 0.0171875 0.037037037037037035
0 0.5278645833333333 0.2013888888888889 0.01614583333333333 0.036111111111111115
0 0.8096354166666666 0.5648148148148149 0.0203125 0.044444444444444446
0 0.5020833333333333 0.16203703703703703 0.015625 0.040740740740740744
0 0.56328125 0.2476851851851852 0.0171875 0.04351851851851852
0 0.8286458333333333 0.5370370370370371 0.01875 0.03333333333333333
0 0.5888020833333333 0.2263888888888889 0.018229166666666668 0.03796296296296296
0 0.8622395833333333 0.7902777777777779 0.024479166666666666 0.05277777777777778
0 0.0546875 0.45462962962962966 0.01875 0.037037037037037035
0 0.3302083333333333 0.10231481481481482 0.013541666666666667 0.03425925925925926
0 0.4223958333333333 0.3013888888888889 0.013541666666666667 0.030555555555555558
0 0.3875 0.2689814814814815 0.015625 0.030555555555555558
0 0.3481770833333333 0.04583333333333334 0.01614583333333333 0.030555555555555558
0 0.44895833333333335 0.027314814814814816 0.017708333333333333 0.026851851851851852
0 0.44869791666666664 0.06574074074074074 0.018229166666666668 0.022222222222222223
0 0.4223958333333333 0.0699074074074074 0.016666666666666666 0.025
0 0.4708333333333333 0.11064814814814815 0.015625 0.026851851851851852
0 0.4661458333333333 0.14953703703703705 0.016666666666666666 0.036111111111111115
0 0.3375 0.21342592592592594 0.015625 0.036111111111111115
0 0.40520833333333334 0.23657407407407408 0.017708333333333333 0.036111111111111115
0 0.3072916666666667 0.11898148148148148 0.021875 0.03425925925925926
0 0.27682291666666664 0.4569444444444445 0.0265625 0.04537037037037037
