0 0.9859375 0.8009259259259259 0.028125 0.061111111111111116
0 0.8817708333333333 0.6138888888888889 0.027083333333333334 0.04814814814814815
0 0.55234375 0.1953703703703704 0.018229166666666668 0.031481481481481485
0 0.18515625 0.29444444444444445 0.018229166666666668 0.03333333333333333
0 0.5111979166666667 0.1763888888888889 0.01614583333333333 0.03981481481481482
0 0.03697916666666667 0.3856481481481482 0.01875 0.032407407407407406
0 0.27291666666666664 0.3712962962962963 0.01875 0.0462962962962963
0 0.7963541666666667 0.9490740740740741 0.030208333333333334 0.06481481481481481
0 0.5955729166666667 0.2111111111111111 0.0203125 0.040740740740740744
0 0.2950520833333333 0.08657407407407408 0.0109375 0.025
0 0.31744791666666666 0.07222222222222223 0.013020833333333334 0.02962962962962963
0 0.3333333333333333 0.44583333333333336 0.020833333333333332 0.05277777777777778
0 0.7317708333333334 0.9703703703703704 0.035416666666666666 0.061111111111111116
0 0.409375 0.26157407407407407 0.017708333333333333 0.03981481481481482
0 0.40781249999999997 0.022222222222222223 0.013541666666666667 0.022222222222222223
0 0.4505208333333333 0.04814814814814815 0.015625 0.02777777777777778
0 0.45416666666666666 0.08888888888888889 0.015625 0.02777777777777778
0 0.42421875 0.10185185185185186 0.0140625 0.02962962962962963
0 0.4770833333333333 0.12731481481481483 0.0125 0.02314814814814815
0 0.4822916666666667 0.16620370370370371 0.017708333333333333 0.036111111111111115
0 0.5901041666666667 0.23750000000000002 0.016666666666666666 0.03425925925925926
0 0.3221354166666667 0.17962962962962964 0.013020833333333334 0.02777777777777778
0 0.3640625 0.23287037037037037 0.022916666666666665 0.04351851851851852
0 0.3846354166666667 0.21296296296296297 0.0203125 0.031481481481481485
0 0.90859375 0.8782407407407408 0.03177083333333333 0.05648148148148149
0 0.9015624999999999 0.5842592592592593 0.017708333333333333 0.031481481481481485
