0 0.9203125 0.6125 0.025 0.04722222222222222
0 0.5578125 0.19351851851851853 0.017708333333333333 0.03333333333333333
0 0.51640625 0.17731481481481481 0.0171875 0.04166666666666667
0 0.18020833333333333 0.3106481481481482 0.017708333333333333 0.03425925925925926
0 0.2908854166666667 0.3611111111111111 0.019270833333333334 0.0462962962962963
0 0.6825520833333333 0.8958333333333334 0.0296875 0.06944444444444445
0 0.03229166666666666 0.3402777777777778 0.01875 0.030555555555555558
0 0.3736979166666667 0.19305555555555556 0.013020833333333334 0.028703703703703703
0 0.7536458333333333 0.875925925925926 0.028125 0.05740740740740741
0 0.35546875 0.41250000000000003 0.0171875 0.04722222222222222
0 0.2872395833333333 0.05925925925925926 0.011979166666666666 0.02962962962962963
0 0.4239583333333333 0.1125 0.0125 0.032407407407407406
0 0.3997395833333333 0.23564814814814816 0.019270833333333334 0.04166666666666667
0 0.40963541666666664 0.032407407407407406 0.015104166666666667 0.02777777777777778
0 0.3104166666666667 0.04953703703703704 0.010416666666666666 0.028703703703703703
0 0.9445312499999999 0.6111111111111112 0.019270833333333334 0.03333333333333333
0 0.9445312499999999 0.9240740740740742 0.0296875 0.06666666666666667
0 0.6028645833333334 0.22175925925925927 0.019270833333333334 0.03425925925925926
0 0.5984375 0.1902777777777778 0.017708333333333333 0.03425925925925926
0 0.45729166666666665 0.1 0.016666666666666666 0.02777777777777778
0 0.45416666666666666 0.05324074074074074 0.015625 0.032407407407407406
0 0.484375 0.13101851851851853 0.0125 0.026851851851851852
0 0.4875 0.1615740740740741 0.015625 0.036111111111111115
0 0.35 0.20972222222222223 0.017708333333333333 0.03425925925925926
0 0.31328125 0.1574074074074074 0.013020833333333334 0.02962962962962963
