0 0.30390625 0.3574074074074074 0.022395833333333334 0.0462962962962963
0 0.9385416666666666 0.6171296296296297 0.02395833333333333 0.04722222222222222
0 0.56015625 0.19490740740740742 0.01614583333333333 0.032407407407407406
0 0.03229166666666666 0.32592592592592595 0.019791666666666666 0.04259259259259259
0 0.17760416666666667 0.3212962962962963 0.017708333333333333 0.03518518518518519
0 0.51796875 0.17824074074074076 0.0171875 0.03981481481481482
0 0.6677083333333333 0.8675925925925926 0.027083333333333334 0.07037037037037037
0 0.9627604166666667 0.6180555555555556 0.0203125 0.032407407407407406
0 0.3921875 0.22777777777777777 0.016666666666666666 0.037037037037037035
0 0.4125 0.03333333333333333 0.013541666666666667 0.03333333333333333
0 0.4276041666666667 0.11620370370370371 0.0125 0.032407407407407406
0 0.2869791666666667 0.04537037037037037 0.011458333333333333 0.02962962962962963
0 0.6111979166666667 0.21203703703703705 0.015104166666666667 0.037037037037037035
0 0.36822916666666666 0.40092592592592596 0.019791666666666666 0.037037037037037035
0 0.73828125 0.8347222222222223 0.025520833333333333 0.05277777777777778
0 0.3690104166666667 0.18611111111111112 0.015104166666666667 0.02592592592592593
0 0.9609375 0.9486111111111112 0.030208333333333334 0.07314814814814816
0 0.4549479166666667 0.062037037037037036 0.0140625 0.03518518518518519
0 0.30885416666666665 0.03981481481481482 0.011458333333333333 0.02962962962962963
0 0.3104166666666667 0.1462962962962963 0.0125 0.02962962962962963
0 0.34791666666666665 0.20370370370370372 0.015625 0.02962962962962963
0 0.45989583333333334 0.09907407407407408 0.011458333333333333 0.020370370370370372
0 0.48854166666666665 0.1287037037037037 0.0125 0.022222222222222223
0 0.4927083333333333 0.1675925925925926 0.015625 0.02962962962962963
0 0.6020833333333333 0.18935185185185185 0.015625 0.03425925925925926
