0 0.6388020833333333 0.16064814814814815 0.015104166666666667 0.030555555555555558
0 0.7752604166666667 0.9046296296296297 0.0265625 0.05
0 0.8309895833333333 0.5666666666666667 0.021354166666666667 0.044444444444444446
0 0.6244791666666667 0.48703703703703705 0.01875 0.0462962962962963
0 0.6106770833333334 0.3615740740740741 0.0203125 0.04166666666666667
0 0.6638020833333333 0.2638888888888889 0.015104166666666667 0.03518518518518519
0 0.22291666666666665 0.2625 0.017708333333333333 0.036111111111111115
0 0.628125 0.325 0.017708333333333333 0.03888888888888889
0 0.6640625 0.4939814814814815 0.020833333333333332 0.04166666666666667
0 0.7815104166666667 0.6166666666666667 0.021354166666666667 0.044444444444444446
0 0.30494791666666665 0.38796296296296295 0.0171875 0.0462962962962963
0 0.90078125 0.7240740740740741 0.028645833333333332 0.06296296296296297
0 0.015885416666666666 0.16018518518518518 0.0171875 0.031481481481481485
0 0.9479166666666666 0.39212962962962966 0.019791666666666666 0.03981481481481482
0 0.5380208333333333 0.42685185185185187 0.014583333333333334 0.02592592592592593
0 0.3575520833333333 0.21157407407407408 0.015104166666666667 0.036111111111111115
0 0.7166666666666667 0.9537037037037037 0.022916666666666665 0.05185185185185186
0 0.2953125 0.4236111111111111 0.013541666666666667 0.03796296296296296
0 0.60078125 0.4324074074074074 0.0203125 0.040740740740740744
0 0.50078125 0.1425925925925926 0.015104166666666667 0.03888888888888889
0 0.46328125 0.14351851851851852 0.019270833333333334 0.02777777777777778
0 0.3971354166666667 0.225 0.0140625 0.02777777777777778
0 0.371875 0.20324074074074075 0.0125 0.032407407407407406
0 0.00546875 0.20694444444444446 0.008854166666666666 0.032407407407407406
0 0.5161458333333333 0.35555555555555557 0.016666666666666666 0.02962962962962963
0 0.37083333333333335 0.36203703703703705 0.017708333333333333 0.040740740740740744
