0 0.22083333333333333 0.2657407407407408 0.016666666666666666 0.037037037037037035
0 0.6338541666666666 0.18055555555555555 0.015625 0.031481481481481485
0 0.7763020833333333 0.6583333333333333 0.021354166666666667 0.044444444444444446
0 0.8351562499999999 0.6055555555555556 0.0234375 0.044444444444444446
0 0.6270833333333333 0.4981481481481482 0.019791666666666666 0.044444444444444446
0 0.3190104166666667 0.3925925925925926 0.018229166666666668 0.044444444444444446
0 0.9622395833333334 0.4222222222222222 0.019270833333333334 0.03888888888888889
0 0.022916666666666665 0.1685185185185185 0.017708333333333333 0.031481481481481485
0 0.65859375 0.27824074074074073 0.0171875 0.036111111111111115
0 0.31588541666666664 0.42962962962962964 0.01614583333333333 0.04259259259259259
0 0.9138020833333333 0.7555555555555555 0.0265625 0.05740740740740741
0 0.6627604166666666 0.5087962962962963 0.021354166666666667 0.04351851851851852
0 0.51171875 0.37962962962962965 0.018229166666666668 0.044444444444444446
0 0.5028645833333333 0.1486111111111111 0.0140625 0.03796296296296296
0 0.3875 0.34305555555555556 0.019791666666666666 0.058333333333333334
0 0.4630208333333333 0.1439814814814815 0.013541666666666667 0.032407407407407406
0 0.6145833333333334 0.33333333333333337 0.016666666666666666 0.03333333333333333
0 0.61015625 0.3726851851851852 0.021354166666666667 0.049074074074074076
0 0.34453125 0.19814814814814816 0.0140625 0.03333333333333333
0 0.6125 0.4467592592592593 0.020833333333333332 0.03425925925925926
0 0.78046875 0.962962962962963 0.0265625 0.04814814814814815
0 0.540625 0.45092592592592595 0.016666666666666666 0.02962962962962963
0 0.36328125 0.18796296296296297 0.013020833333333334 0.03888888888888889
0 0.3921875 0.21157407407407408 0.011458333333333333 0.032407407407407406
0 0.009375 0.22314814814814815 0.016666666666666666 0.04259259259259259
