0 0.5986979166666666 0.22222222222222224 0.015104166666666667 0.031481481481481485
0 0.8273437499999999 0.6962962962962963 0.0234375 0.0462962962962963
0 0.6278645833333333 0.5194444444444445 0.0203125 0.04814814814814815
0 0.21770833333333334 0.2657407407407408 0.017708333333333333 0.037037037037037035
0 0.7697916666666667 0.7537037037037038 0.021875 0.0462962962962963
0 0.6356770833333333 0.3060185185185185 0.01614583333333333 0.03981481481481482
0 0.46796875 0.1537037037037037 0.0140625 0.037037037037037035
0 0.6666666666666666 0.524537037037037 0.020833333333333332 0.04166666666666667
0 0.36041666666666666 0.3675925925925926 0.017708333333333333 0.04259259259259259
0 0.959375 0.8305555555555556 0.030208333333333334 0.06666666666666667
0 0.52265625 0.42638888888888893 0.0171875 0.03981481481481482
0 0.5033854166666667 0.16018518518518518 0.0140625 0.037037037037037035
0 0.033854166666666664 0.19768518518518519 0.017708333333333333 0.03425925925925926
0 0.40572916666666664 0.32037037037037036 0.019791666666666666 0.0462962962962963
0 0.3651041666666667 0.4013888888888889 0.016666666666666666 0.036111111111111115
0 0.3794270833333333 0.18287037037037038 0.013020833333333334 0.028703703703703703
0 0.9955729166666667 0.500925925925926 0.008854166666666666 0.05740740740740741
0 0.3307291666666667 0.16296296296296298 0.013541666666666667 0.031481481481481485
0 0.6364583333333333 0.45555555555555555 0.01875 0.040740740740740744
0 0.5510416666666667 0.5013888888888889 0.014583333333333334 0.030555555555555558
0 0.5830729166666666 0.3574074074074074 0.018229166666666668 0.031481481481481485
0 0.58671875 0.3851851851851852 0.015104166666666667 0.037037037037037035
0 0.3528645833333333 0.1574074074074074 0.015104166666666667 0.02777777777777778
0 0.45390625 0.03981481481481482 0.018229166666666668 0.02962962962962963
0 0.02109375 0.2449074074074074 0.019270833333333334 0.03425925925925926
0 0.6294270833333333 0.37824074074074077 0.0203125 0.04351851851851852
