0 0.8200520833333333 0.888425925925926 0.027604166666666666 0.05277777777777778
0 0.6005208333333333 0.3509259259259259 0.015625 0.040740740740740744
0 0.66015625 0.3703703703703704 0.021354166666666667 0.044444444444444446
0 0.21354166666666666 0.25787037037037036 0.017708333333333333 0.036111111111111115
0 0.6231770833333333 0.5666666666666667 0.0203125 0.044444444444444446
0 0.5520833333333334 0.4712962962962963 0.020833333333333332 0.040740740740740744
0 0.39817708333333335 0.3125 0.015104166666666667 0.036111111111111115
0 0.10807291666666667 0.8777777777777778 0.027604166666666666 0.061111111111111116
0 0.41744791666666664 0.32222222222222224 0.0171875 0.04259259259259259
0 0.6625 0.5648148148148149 0.020833333333333332 0.04259259259259259
0 0.5278645833333333 0.27870370370370373 0.015104166666666667 0.037037037037037035
0 0.5231770833333333 0.17962962962962964 0.0171875 0.037037037037037035
0 0.484375 0.1837962962962963 0.016666666666666666 0.03981481481481482
0 0.06015625 0.2388888888888889 0.0171875 0.03333333333333333
0 0.559375 0.3990740740740741 0.020833333333333332 0.040740740740740744
0 0.4671875 0.08657407407407408 0.015625 0.036111111111111115
0 0.4122395833333333 0.2476851851851852 0.01614583333333333 0.03425925925925926
0 0.7575520833333333 0.962962962962963 0.025520833333333333 0.05925925925925926
0 0.3145833333333333 0.10092592592592593 0.0125 0.03333333333333333
0 0.3346354166666667 0.10046296296296296 0.015104166666666667 0.032407407407407406
0 0.3609375 0.12962962962962962 0.011458333333333333 0.02777777777777778
0 0.046875 0.2962962962962963 0.017708333333333333 0.037037037037037035
0 0.43515624999999997 0.031018518518518518 0.0140625 0.025
0 0.540625 0.37824074074074077 0.017708333333333333 0.03425925925925926
0 0.67421875 0.47361111111111115 0.019270833333333334 0.04351851851851852
