0 0.8312499999999999 0.5152777777777778 0.020833333333333332 0.04166666666666667
0 0.6401041666666667 0.13101851851851853 0.014583333333333334 0.030555555555555558
0 0.78671875 0.8425925925925927 0.0265625 0.0462962962962963
0 0.7216145833333333 0.8791666666666667 0.0234375 0.05277777777777778
0 0.6669270833333333 0.25925925925925924 0.015104166666666667 0.03518518518518519
0 0.78671875 0.5671296296296297 0.0203125 0.04166666666666667
0 0.22578125 0.26157407407407407 0.0171875 0.036111111111111115
0 0.5958333333333333 0.34444444444444444 0.01875 0.03888888888888889
0 0.62421875 0.47500000000000003 0.0203125 0.044444444444444446
0 0.34921875 0.36203703703703705 0.018229166666666668 0.044444444444444446
0 0.2825520833333333 0.38472222222222224 0.01614583333333333 0.036111111111111115
0 0.40390624999999997 0.23842592592592593 0.0140625 0.032407407407407406
0 0.5361979166666666 0.39675925925925926 0.0140625 0.026851851851851852
0 0.66875 0.46851851851851856 0.020833333333333332 0.03888888888888889
0 0.3729166666666667 0.22222222222222224 0.017708333333333333 0.040740740740740744
0 0.8799479166666666 0.6916666666666667 0.0265625 0.05925925925925926
0 0.007552083333333333 0.1439814814814815 0.015104166666666667 0.030555555555555558
0 0.45859374999999997 0.1337962962962963 0.015104166666666667 0.036111111111111115
0 0.26979166666666665 0.4199074074074074 0.016666666666666666 0.036111111111111115
0 0.5135416666666667 0.3263888888888889 0.017708333333333333 0.03796296296296296
0 0.49453125 0.13055555555555556 0.015104166666666667 0.037037037037037035
0 0.6424479166666667 0.30833333333333335 0.018229166666666668 0.02962962962962963
0 0.64140625 0.34351851851851856 0.019270833333333334 0.031481481481481485
0 0.5828125 0.4277777777777778 0.021875 0.040740740740740744
0 0.9325520833333333 0.35370370370370374 0.0203125 0.04259259259259259
