0 0.8286458333333333 0.7773148148148148 0.025 0.049074074074074076
0 0.7606770833333333 0.8333333333333334 0.024479166666666666 0.05555555555555556
0 0.5747395833333333 0.2476851851851852 0.01614583333333333 0.03425925925925926
0 0.21744791666666666 0.2662037037037037 0.0171875 0.036111111111111115
0 0.5255208333333333 0.4518518518518519 0.017708333333333333 0.04259259259259259
0 0.6239583333333333 0.32592592592592595 0.01875 0.03518518518518519
0 0.6231770833333333 0.5356481481481482 0.0203125 0.04537037037037037
0 0.6432291666666666 0.36342592592592593 0.020833333333333332 0.03981481481481482
0 0.41822916666666665 0.2898148148148148 0.016666666666666666 0.03888888888888889
0 0.5630208333333333 0.3699074074074074 0.01875 0.036111111111111115
0 0.4700520833333333 0.16018518518518518 0.0140625 0.040740740740740744
0 0.5817708333333333 0.3861111111111111 0.016666666666666666 0.03333333333333333
0 0.5526041666666667 0.5273148148148148 0.014583333333333334 0.028703703703703703
0 0.5096354166666667 0.16990740740740742 0.01614583333333333 0.03796296296296296
0 0.049479166666666664 0.21064814814814817 0.017708333333333333 0.032407407407407406
0 0.6651041666666666 0.5388888888888889 0.021875 0.04814814814814815
0 0.37916666666666665 0.34814814814814815 0.013541666666666667 0.03518518518518519
0 0.9919270833333333 0.8731481481481482 0.018229166666666668 0.05925925925925926
0 0.37109375 0.1625 0.011979166666666666 0.028703703703703703
0 0.4614583333333333 0.05694444444444444 0.010416666666666666 0.026851851851851852
0 0.321875 0.13703703703703704 0.016666666666666666 0.02777777777777778
0 0.3450520833333333 0.13101851851851853 0.013020833333333334 0.03425925925925926
0 0.02786458333333333 0.26435185185185184 0.0140625 0.032407407407407406
0 0.39921875 0.37824074074074077 0.015104166666666667 0.032407407407407406
0 0.6658854166666667 0.45416666666666666 0.0203125 0.036111111111111115
