0 0.81796875 0.9152777777777779 0.025520833333333333 0.05092592592592593
0 0.4192708333333333 0.312962962962963 0.016666666666666666 0.04814814814814815
0 0.5958333333333333 0.34953703703703703 0.014583333333333334 0.03796296296296296
0 0.66640625 0.36944444444444446 0.022395833333333334 0.044444444444444446
0 0.6190104166666667 0.5731481481481482 0.0203125 0.044444444444444446
0 0.5630208333333333 0.4712962962962963 0.020833333333333332 0.05
0 0.10286458333333333 0.850925925925926 0.0296875 0.05925925925925926
0 0.5234375 0.18564814814814815 0.017708333333333333 0.04166666666666667
0 0.4875 0.18055555555555555 0.014583333333333334 0.037037037037037035
0 0.21067708333333332 0.2574074074074074 0.01614583333333333 0.03518518518518519
0 0.39817708333333335 0.2962962962962963 0.0140625 0.037037037037037035
0 0.52109375 0.29120370370370374 0.013020833333333334 0.03425925925925926
0 0.6619791666666667 0.5699074074074074 0.022916666666666665 0.04351851851851852
0 0.06197916666666667 0.24537037037037038 0.019791666666666666 0.03333333333333333
0 0.3575520833333333 0.12175925925925926 0.0140625 0.032407407407407406
0 0.4127604166666667 0.24629629629629632 0.01614583333333333 0.03518518518518519
0 0.67421875 0.47222222222222227 0.019270833333333334 0.03888888888888889
0 0.4197916666666667 0.031018518518518518 0.011458333333333333 0.017592592592592594
0 0.43697916666666664 0.033796296296296297 0.016666666666666666 0.02314814814814815
0 0.4705729166666667 0.08935185185185185 0.015104166666666667 0.032407407407407406
0 0.30963541666666666 0.0925925925925926 0.0203125 0.02962962962962963
0 0.33098958333333334 0.08703703703703704 0.018229166666666668 0.03888888888888889
0 0.04635416666666667 0.3037037037037037 0.020833333333333332 0.03888888888888889
0 0.5513020833333333 0.4027777777777778 0.018229166666666668 0.040740740740740744
0 0.5325520833333334 0.37962962962962965 0.019270833333333334 0.040740740740740744
