0 0.81875 0.9365740740740741 0.028125 0.05462962962962963
0 0.59296875 0.3513888888888889 0.01614583333333333 0.03981481481481482
0 0.6700520833333333 0.37222222222222223 0.022395833333333334 0.044444444444444446
0 0.4200520833333333 0.3013888888888889 0.018229166666666668 0.03981481481481482
0 0.6169270833333333 0.5787037037037037 0.021354166666666667 0.0462962962962963
0 0.09739583333333333 0.8398148148148148 0.028125 0.06481481481481481
0 0.48932291666666666 0.18101851851851852 0.0140625 0.036111111111111115
0 0.2109375 0.2569444444444445 0.017708333333333333 0.03425925925925926
0 0.56796875 0.4671296296296297 0.018229166666666668 0.04722222222222222
0 0.5239583333333333 0.18611111111111112 0.017708333333333333 0.040740740740740744
0 0.3950520833333333 0.29212962962962963 0.013020833333333334 0.032407407407407406
0 0.06380208333333333 0.24861111111111112 0.018229166666666668 0.03425925925925926
0 0.4114583333333333 0.23240740740740742 0.015625 0.03518518518518519
0 0.54375 0.4041666666666667 0.021875 0.036111111111111115
0 0.6622395833333333 0.5740740740740741 0.022395833333333334 0.04259259259259259
0 0.31015625 0.08611111111111111 0.013020833333333334 0.037037037037037035
0 0.5278645833333333 0.38287037037037036 0.0203125 0.032407407407407406
0 0.5158854166666667 0.2916666666666667 0.018229166666666668 0.037037037037037035
0 0.4223958333333333 0.028240740740740743 0.011458333333333333 0.025
0 0.4395833333333333 0.03333333333333333 0.016666666666666666 0.031481481481481485
0 0.47161458333333334 0.09351851851851853 0.015104166666666667 0.031481481481481485
0 0.3302083333333333 0.07962962962962963 0.015625 0.037037037037037035
0 0.3572916666666667 0.11064814814814815 0.011458333333333333 0.03425925925925926
0 0.6768229166666666 0.4759259259259259 0.019270833333333334 0.03888888888888889
0 0.0484375 0.30972222222222223 0.020833333333333332 0.03425925925925926
