0 0.8268229166666666 0.7458333333333333 0.024479166666666666 0.04537037037037037
0 0.7622395833333333 0.8032407407407408 0.0234375 0.05092592592592593
0 0.21744791666666666 0.2657407407407408 0.0171875 0.037037037037037035
0 0.584375 0.24120370370370373 0.015625 0.036111111111111115
0 0.6276041666666666 0.3143518518518519 0.01875 0.036111111111111115
0 0.46979166666666666 0.16203703703703703 0.015625 0.03888888888888889
0 0.5234375 0.44212962962962965 0.01875 0.04351851851851852
0 0.6661458333333333 0.5324074074074074 0.021875 0.044444444444444446
0 0.62421875 0.5287037037037037 0.0203125 0.04259259259259259
0 0.04479166666666667 0.20740740740740743 0.017708333333333333 0.031481481481481485
0 0.6390625 0.3680555555555556 0.020833333333333332 0.04166666666666667
0 0.4161458333333333 0.30185185185185187 0.016666666666666666 0.0462962962962963
0 0.9838541666666667 0.8578703703703704 0.028125 0.062037037037037036
0 0.50703125 0.16805555555555557 0.01614583333333333 0.03981481481481482
0 0.5536458333333333 0.5171296296296296 0.014583333333333334 0.028703703703703703
0 0.5861979166666667 0.3851851851851852 0.0171875 0.03518518518518519
0 0.02395833333333333 0.25833333333333336 0.016666666666666666 0.031481481481481485
0 0.4596354166666667 0.049074074074074076 0.0140625 0.02962962962962963
0 0.32708333333333334 0.1486111111111111 0.017708333333333333 0.03425925925925926
0 0.34713541666666664 0.14444444444444446 0.0140625 0.02962962962962963
0 0.37578125 0.1736111111111111 0.013020833333333334 0.025
0 0.3731770833333333 0.3564814814814815 0.013020833333333334 0.031481481481481485
0 0.3848958333333333 0.38842592592592595 0.0125 0.026851851851851852
0 0.56796875 0.3699074074074074 0.015104166666666667 0.03425925925925926
0 0.65859375 0.4550925925925926 0.0203125 0.036111111111111115
