0 0.7916666666666666 0.8078703703703703 0.02395833333333333 0.049074074074074076
0 0.6434895833333333 0.11898148148148148 0.015104166666666667 0.030555555555555558
0 0.8359375 0.4930555555555556 0.021875 0.04166666666666667
0 0.5921875 0.33240740740740743 0.017708333333333333 0.03888888888888889
0 0.6263020833333334 0.46435185185185185 0.019270833333333334 0.04351851851851852
0 0.7856770833333333 0.5402777777777777 0.0203125 0.04537037037037037
0 0.6690104166666666 0.26712962962962966 0.015104166666666667 0.03981481481481482
0 0.22734374999999998 0.2601851851851852 0.018229166666666668 0.037037037037037035
0 0.6479166666666667 0.3023148148148148 0.01875 0.03981481481481482
0 0.86796875 0.6731481481481482 0.025520833333333333 0.05925925925925926
0 0.3372395833333333 0.3592592592592593 0.019270833333333334 0.037037037037037035
0 0.721875 0.8425925925925927 0.022916666666666665 0.04814814814814815
0 0.2734375 0.38472222222222224 0.016666666666666666 0.04166666666666667
0 0.38046875 0.23981481481481481 0.0140625 0.03333333333333333
0 0.5356770833333333 0.3814814814814815 0.0140625 0.02592592592592593
0 0.5119791666666667 0.31203703703703706 0.014583333333333334 0.03888888888888889
0 0.49374999999999997 0.125 0.014583333333333334 0.044444444444444446
0 0.005729166666666666 0.1388888888888889 0.0125 0.031481481481481485
0 0.66796875 0.45833333333333337 0.0171875 0.031481481481481485
0 0.6494791666666666 0.33425925925925926 0.016666666666666666 0.037037037037037035
0 0.25416666666666665 0.4199074074074074 0.01875 0.04166666666666667
0 0.409375 0.24027777777777778 0.014583333333333334 0.030555555555555558
0 0.45651041666666664 0.12962962962962962 0.013020833333333334 0.03333333333333333
0 0.9205729166666666 0.33796296296296297 0.018229166666666668 0.03888888888888889
0 0.57578125 0.4189814814814815 0.019270833333333334 0.04351851851851852
