0 0.010416666666666666 0.23287037037037037 0.013541666666666667 0.028703703703703703
0 0.11848958333333333 0.6324074074074074 0.022395833333333334 0.04259259259259259
0 0.4739583333333333 0.09074074074074075 0.010416666666666666 0.018518518518518517
0 0.5283854166666666 0.007407407407407408 0.008854166666666666 0.012962962962962964
0 0.5130208333333334 0.1 0.011458333333333333 0.022222222222222223
0 0.5770833333333333 0.29120370370370374 0.0125 0.025
0 0.6447916666666667 0.34814814814814815 0.014583333333333334 0.024074074074074074
0 0.6283854166666667 0.4078703703703704 0.0140625 0.025
0 0.5979166666666667 0.48379629629629634 0.014583333333333334 0.02314814814814815
0 0.7247395833333333 0.42453703703703705 0.0171875 0.025
0 0.6739583333333333 0.5476851851851852 0.016666666666666666 0.032407407407407406
0 0.7109375 0.5476851851851852 0.020833333333333332 0.036111111111111115
0 0.8276041666666667 0.3592592592592593 0.01875 0.03518518518518519
0 0.5494791666666666 0.6287037037037038 0.017708333333333333 0.031481481481481485
0 0.59453125 0.7060185185185186 0.021354166666666667 0.04166666666666667
0 0.6200520833333333 0.6921296296296297 0.021354166666666667 0.03796296296296296
0 0.6776041666666667 0.7342592592592593 0.020833333333333332 0.03518518518518519
0 0.7221354166666667 0.6736111111111112 0.021354166666666667 0.04351851851851852
0 0.78046875 0.6939814814814815 0.0234375 0.04166666666666667
0 0.8880208333333334 0.4981481481481482 0.019791666666666666 0.03333333333333333
0 0.9388020833333334 0.6032407407407407 0.022395833333333334 0.04351851851851852
0 0.9015624999999999 0.7925925925925926 0.026041666666666668 0.0462962962962963
0 0.67734375 0.938425925925926 0.025520833333333333 0.04351851851851852
0 0.7981770833333334 0.9402777777777778 0.025520833333333333 0.04166666666666667
0 0.9177083333333333 0.9805555555555556 0.020833333333333332 0.031481481481481485
