0 0.042708333333333334 0.15 0.014583333333333334 0.022222222222222223
0 0.20442708333333334 0.4046296296296297 0.018229166666666668 0.03518518518518519
0 0.024479166666666666 0.5962962962962963 0.016666666666666666 0.02962962962962963
0 0.5231770833333333 0.059722222222222225 0.009895833333333333 0.025
0 0.5143229166666666 0.16990740740740742 0.0109375 0.025
0 0.47291666666666665 0.17314814814814816 0.010416666666666666 0.02592592592592593
0 0.5744791666666667 0.19398148148148148 0.011458333333333333 0.025
0 0.63359375 0.25324074074074077 0.009895833333333333 0.02314814814814815
0 0.6166666666666667 0.30462962962962964 0.0125 0.02777777777777778
0 0.69609375 0.32546296296296295 0.01614583333333333 0.030555555555555558
0 0.7911458333333333 0.25324074074074077 0.014583333333333334 0.028703703703703703
0 0.6940104166666666 0.425 0.0140625 0.03333333333333333
0 0.6455729166666666 0.42453703703703705 0.015104166666666667 0.028703703703703703
0 0.5859375 0.3527777777777778 0.0125 0.024074074074074074
0 0.5528645833333333 0.5027777777777778 0.015104166666666667 0.02962962962962963
0 0.7559895833333333 0.524537037037037 0.0203125 0.032407407407407406
0 0.7033854166666667 0.5291666666666667 0.0140625 0.030555555555555558
0 0.8247395833333333 0.3800925925925926 0.013020833333333334 0.026851851851851852
0 0.5908854166666666 0.5930555555555556 0.0171875 0.028703703703703703
0 0.609375 0.5796296296296296 0.017708333333333333 0.02962962962962963
0 0.6700520833333333 0.5921296296296297 0.015104166666666667 0.032407407407407406
0 0.6408854166666667 0.7865740740740741 0.019270833333333334 0.03981481481481482
0 0.7177083333333333 0.8939814814814815 0.019791666666666666 0.03796296296296296
0 0.73671875 0.8342592592592593 0.01614583333333333 0.037037037037037035
0 0.7953125 0.8796296296296297 0.020833333333333332 0.04259259259259259
0 0.8416666666666667 0.875 0.019791666666666666 0.03888888888888889
0 0.90859375 0.7986111111111112 0.021354166666666667 0.03981481481481482
0 0.8875 0.4537037037037037 0.017708333333333333 0.037037037037037035
0 0.057812499999999996 0.8833333333333334 0.02395833333333333 0.03888888888888889
