0 0.038802083333333334 0.1625 0.0171875 0.02314814814814815
0 0.20520833333333333 0.41064814814814815 0.01875 0.03425925925925926
0 0.022916666666666665 0.6032407407407407 0.016666666666666666 0.028703703703703703
0 0.05520833333333333 0.8925925925925926 0.027083333333333334 0.040740740740740744
0 0.5234375 0.062037037037037036 0.009375 0.02592592592592593
0 0.5145833333333333 0.16944444444444445 0.011458333333333333 0.024074074074074074
0 0.47213541666666664 0.1726851851851852 0.0109375 0.025
0 0.5739583333333333 0.19583333333333333 0.0125 0.025
0 0.6325520833333333 0.25324074074074077 0.013020833333333334 0.025
0 0.615625 0.3111111111111111 0.014583333333333334 0.02962962962962963
0 0.6986979166666667 0.3300925925925926 0.01614583333333333 0.03425925925925926
0 0.7924479166666667 0.2569444444444445 0.013020833333333334 0.028703703703703703
0 0.8270833333333333 0.3819444444444445 0.015625 0.026851851851851852
0 0.7583333333333333 0.5296296296296297 0.019791666666666666 0.037037037037037035
0 0.6947916666666667 0.4273148148148148 0.017708333333333333 0.03425925925925926
0 0.703125 0.5310185185185186 0.016666666666666666 0.036111111111111115
0 0.6455729166666666 0.4277777777777778 0.0140625 0.03333333333333333
0 0.5864583333333333 0.3564814814814815 0.0125 0.024074074074074074
0 0.55234375 0.5087962962962963 0.013020833333333334 0.028703703703703703
0 0.58984375 0.5981481481481482 0.0171875 0.03518518518518519
0 0.6096354166666667 0.5842592592592593 0.0171875 0.03333333333333333
0 0.6697916666666667 0.5925925925925926 0.015625 0.02592592592592593
0 0.64140625 0.788888888888889 0.021354166666666667 0.03518518518518519
0 0.7184895833333333 0.8986111111111111 0.021354166666666667 0.03425925925925926
0 0.7380208333333333 0.8375 0.017708333333333333 0.036111111111111115
0 0.7963541666666667 0.8847222222222223 0.01875 0.04166666666666667
0 0.8434895833333333 0.875 0.0203125 0.03888888888888889
0 0.9075520833333334 0.7990740740740742 0.021354166666666667 0.037037037037037035
0 0.8890625 0.4587962962962963 0.014583333333333334 0.028703703703703703
