0 0.47239583333333335 0.0625 0.011458333333333333 0.021296296296296296
0 0.5127604166666666 0.06435185185185185 0.009895833333333333 0.021296296296296296
0 0.5856770833333333 0.3453703703703704 0.0140625 0.031481481481481485
0 0.6528645833333333 0.39490740740740743 0.0171875 0.026851851851851852
0 0.6364583333333333 0.46944444444444444 0.017708333333333333 0.031481481481481485
0 0.7330729166666666 0.48240740740740745 0.019270833333333334 0.037037037037037035
0 0.72734375 0.6111111111111112 0.0203125 0.040740740740740744
0 0.69609375 0.6083333333333334 0.019270833333333334 0.03888888888888889
0 0.6072916666666667 0.5537037037037037 0.016666666666666666 0.03518518518518519
0 0.7385416666666667 0.7550925925925926 0.01875 0.04351851851851852
0 0.6901041666666666 0.8013888888888889 0.017708333333333333 0.03425925925925926
0 0.62890625 0.7476851851851852 0.019270833333333334 0.03796296296296296
0 0.6036458333333333 0.7643518518518518 0.022916666666666665 0.04351851851851852
0 0.5567708333333333 0.6986111111111112 0.017708333333333333 0.032407407407407406
0 0.7984375 0.775 0.01875 0.0462962962962963
0 0.9020833333333333 0.7921296296296296 0.022916666666666665 0.03796296296296296
0 0.9614583333333333 0.6800925925925926 0.022916666666666665 0.04351851851851852
0 0.92578125 0.5569444444444445 0.01614583333333333 0.03425925925925926
0 0.8507812499999999 0.40925925925925927 0.015104166666666667 0.031481481481481485
0 0.0703125 0.7597222222222223 0.022916666666666665 0.04537037037037037
0 0.8385416666666666 0.9865740740740742 0.02395833333333333 0.025
