0 0.08151041666666667 0.0712962962962963 0.011979166666666666 0.02592592592592593
0 0.22083333333333333 0.3509259259259259 0.016666666666666666 0.02962962962962963
0 0.035416666666666666 0.5287037037037037 0.014583333333333334 0.02592592592592593
0 0.5203125 0.07546296296296297 0.009375 0.019444444444444445
0 0.5145833333333333 0.19444444444444445 0.010416666666666666 0.02592592592592593
0 0.571875 0.16574074074074074 0.009375 0.022222222222222223
0 0.4744791666666667 0.19907407407407407 0.0125 0.024074074074074074
0 0.615625 0.27731481481481485 0.014583333333333334 0.025
0 0.6338541666666666 0.22870370370370371 0.011458333333333333 0.02592592592592593
0 0.58671875 0.32731481481481484 0.0109375 0.025
0 0.7776041666666667 0.23333333333333334 0.015625 0.02962962962962963
0 0.6934895833333333 0.3 0.011979166666666666 0.02962962962962963
0 0.80859375 0.35185185185185186 0.015104166666666667 0.02592592592592593
0 0.8729166666666667 0.41944444444444445 0.013541666666666667 0.02962962962962963
0 0.6856770833333333 0.3939814814814815 0.0140625 0.036111111111111115
0 0.6427083333333333 0.39861111111111114 0.017708333333333333 0.032407407407407406
0 0.6994791666666667 0.4962962962962963 0.017708333333333333 0.031481481481481485
0 0.74296875 0.49074074074074076 0.019270833333333334 0.031481481481481485
0 0.55625 0.4726851851851852 0.009375 0.028703703703703703
0 0.5864583333333333 0.5722222222222223 0.01875 0.03888888888888889
0 0.60625 0.5587962962962963 0.017708333333333333 0.03425925925925926
0 0.6653645833333334 0.562962962962963 0.01614583333333333 0.03333333333333333
0 0.6265625 0.75 0.017708333333333333 0.03333333333333333
0 0.6950520833333333 0.8611111111111112 0.019270833333333334 0.03518518518518519
0 0.728125 0.8074074074074075 0.022916666666666665 0.03518518518518519
0 0.78359375 0.8412037037037038 0.019270833333333334 0.03425925925925926
0 0.8223958333333333 0.8384259259259259 0.01875 0.03981481481481482
0 0.9075520833333334 0.7976851851851852 0.0171875 0.03796296296296296
0 0.08802083333333333 0.7583333333333334 0.020833333333333332 0.0462962962962963
