0 0.11067708333333333 0.007407407407407408 0.009895833333333333 0.011111111111111112
0 0.19375 0.45740740740740743 0.019791666666666666 0.031481481481481485
0 0.52578125 0.049074074074074076 0.013020833333333334 0.022222222222222223
0 0.47421874999999997 0.15694444444444444 0.011979166666666666 0.021296296296296296
0 0.515625 0.1574074074074074 0.014583333333333334 0.022222222222222223
0 0.5716145833333334 0.21157407407407408 0.011979166666666666 0.021296296296296296
0 0.6346354166666667 0.2740740740740741 0.011979166666666666 0.020370370370370372
0 0.6177083333333333 0.3236111111111111 0.013541666666666667 0.02314814814814815
0 0.5890625 0.3856481481481482 0.0125 0.02314814814814815
0 0.79921875 0.2777777777777778 0.01614583333333333 0.02777777777777778
0 0.7065104166666667 0.3509259259259259 0.019270833333333334 0.031481481481481485
0 0.653125 0.45416666666666666 0.016666666666666666 0.028703703703703703
0 0.6953125 0.45462962962962966 0.019791666666666666 0.02962962962962963
0 0.8380208333333333 0.4046296296296297 0.017708333333333333 0.02962962962962963
0 0.8994791666666666 0.4898148148148148 0.016666666666666666 0.03333333333333333
0 0.7604166666666666 0.5638888888888889 0.020833333333333332 0.03333333333333333
0 0.7078125 0.5560185185185186 0.019791666666666666 0.032407407407407406
0 0.5486979166666667 0.5291666666666667 0.01614583333333333 0.032407407407407406
0 0.5947916666666666 0.6231481481481481 0.017708333333333333 0.03333333333333333
0 0.6140625 0.6064814814814815 0.020833333333333332 0.03333333333333333
0 0.6703125 0.6212962962962963 0.01875 0.03333333333333333
0 0.6471354166666666 0.8199074074074074 0.0234375 0.03981481481481482
0 0.7466145833333333 0.8587962962962963 0.025520833333333333 0.04537037037037037
0 0.7328125 0.9375 0.026041666666666668 0.04537037037037037
0 0.8114583333333333 0.913888888888889 0.026041666666666668 0.04814814814814815
0 0.85625 0.8944444444444445 0.027083333333333334 0.05
0 0.9041666666666667 0.7949074074074074 0.026041666666666668 0.04351851851851852
0 0.015364583333333333 0.6611111111111111 0.022395833333333334 0.037037037037037035
