0 0.01796875 0.02592592592592593 0.008854166666666666 0.014814814814814815
0 0.01640625 0.015277777777777779 0.0078125 0.012037037037037037
0 0.078125 0.0763888888888889 0.011458333333333333 0.019444444444444445
0 0.5255208333333333 0.031481481481481485 0.010416666666666666 0.020370370370370372
0 0.5145833333333333 0.13518518518518519 0.010416666666666666 0.02592592592592593
0 0.4744791666666667 0.13611111111111113 0.011458333333333333 0.022222222222222223
0 0.5770833333333333 0.24351851851851852 0.011458333333333333 0.02592592592592593
0 0.6380208333333334 0.2967592592592593 0.011458333333333333 0.02314814814814815
0 0.6221354166666666 0.35694444444444445 0.015104166666666667 0.028703703703703703
0 0.7106770833333333 0.37777777777777777 0.0171875 0.02777777777777778
0 0.5916666666666667 0.42453703703703705 0.013541666666666667 0.026851851851851852
0 0.66328125 0.4851851851851852 0.015104166666666667 0.02962962962962963
0 0.6994791666666667 0.4847222222222222 0.01875 0.030555555555555558
0 0.5497395833333333 0.5675925925925926 0.0140625 0.02962962962962963
0 0.5966145833333333 0.650462962962963 0.019270833333333334 0.03796296296296296
0 0.61796875 0.6342592592592593 0.018229166666666668 0.03518518518518519
0 0.6721354166666667 0.6648148148148149 0.01614583333333333 0.031481481481481485
0 0.71328125 0.6023148148148149 0.015104166666666667 0.030555555555555558
0 0.7630208333333334 0.6101851851851852 0.021875 0.037037037037037035
0 0.65078125 0.8638888888888889 0.018229166666666668 0.037037037037037035
0 0.76171875 0.8847222222222223 0.021354166666666667 0.03796296296296296
0 0.8734375 0.9296296296296297 0.020833333333333332 0.037037037037037035
0 0.9044270833333333 0.7953703703703704 0.018229166666666668 0.03518518518518519
0 0.91015625 0.5268518518518519 0.0140625 0.031481481481481485
0 0.8083333333333333 0.30648148148148147 0.014583333333333334 0.02777777777777778
0 0.8565104166666666 0.4398148148148148 0.01614583333333333 0.02592592592592593
0 0.83671875 0.951388888888889 0.019270833333333334 0.04166666666666667
0 0.1734375 0.5189814814814815 0.01875 0.03981481481481482
0 0.005989583333333333 0.7462962962962963 0.011979166666666666 0.03333333333333333
0 0.7578125 0.9805555555555556 0.021875 0.03518518518518519
