0 0.5278645833333333 0.009259259259259259 0.008854166666666666 0.016666666666666666
0 0.5122395833333333 0.10185185185185186 0.0109375 0.024074074074074074
0 0.4734375 0.09722222222222222 0.010416666666666666 0.024074074074074074
0 0.5768229166666666 0.28935185185185186 0.013020833333333334 0.026851851851851852
0 0.64453125 0.3472222222222222 0.0140625 0.02777777777777778
0 0.828125 0.3541666666666667 0.015625 0.032407407407407406
0 0.7247395833333333 0.42824074074074076 0.0140625 0.028703703703703703
0 0.6270833333333333 0.4083333333333333 0.015625 0.02962962962962963
0 0.59609375 0.4851851851851852 0.0171875 0.031481481481481485
0 0.6731770833333334 0.5449074074074074 0.0171875 0.032407407407407406
0 0.709375 0.5476851851851852 0.016666666666666666 0.03425925925925926
0 0.8861979166666667 0.4967592592592593 0.0171875 0.028703703703703703
0 0.9377604166666667 0.5967592592592593 0.018229166666666668 0.036111111111111115
0 0.72265625 0.6694444444444445 0.0171875 0.02962962962962963
0 0.7799479166666666 0.6888888888888889 0.019270833333333334 0.037037037037037035
0 0.54921875 0.6287037037037038 0.0171875 0.037037037037037035
0 0.5950520833333334 0.7046296296296296 0.018229166666666668 0.03518518518518519
0 0.6184895833333334 0.6898148148148149 0.018229166666666668 0.03888888888888889
0 0.6776041666666667 0.7296296296296296 0.017708333333333333 0.03518518518518519
0 0.6765625 0.9356481481481482 0.020833333333333332 0.036111111111111115
0 0.7942708333333334 0.9361111111111111 0.02395833333333333 0.03888888888888889
0 0.8997395833333334 0.7967592592592593 0.0203125 0.03796296296296296
0 0.9161458333333333 0.9787037037037037 0.027083333333333334 0.03888888888888889
0 0.121875 0.6277777777777778 0.027083333333333334 0.044444444444444446
0 0.013802083333333333 0.2189814814814815 0.0140625 0.030555555555555558
