0 0.04583333333333333 0.1388888888888889 0.014583333333333334 0.024074074074074074
0 0.20651041666666667 0.39722222222222225 0.015104166666666667 0.031481481481481485
0 0.52421875 0.0638888888888889 0.0109375 0.02777777777777778
0 0.5140625 0.1736111111111111 0.009375 0.028703703703703703
0 0.4734375 0.17731481481481481 0.009375 0.025
0 0.5747395833333333 0.18888888888888888 0.0109375 0.022222222222222223
0 0.63359375 0.2513888888888889 0.011979166666666666 0.026851851851851852
0 0.6158854166666666 0.3037037037037037 0.0109375 0.02777777777777778
0 0.6963541666666666 0.32037037037037036 0.015625 0.031481481481481485
0 0.69453125 0.4226851851851852 0.0171875 0.028703703703703703
0 0.6453125 0.4189814814814815 0.016666666666666666 0.030555555555555558
0 0.58671875 0.3509259259259259 0.0171875 0.03333333333333333
0 0.7901041666666666 0.2490740740740741 0.015625 0.031481481481481485
0 0.82265625 0.3763888888888889 0.01614583333333333 0.02314814814814815
0 0.88515625 0.45046296296296295 0.015104166666666667 0.032407407407407406
0 0.5541666666666667 0.500925925925926 0.015625 0.02962962962962963
0 0.70234375 0.525 0.0171875 0.03333333333333333
0 0.7546875 0.5231481481481481 0.020833333333333332 0.04259259259259259
0 0.66953125 0.5884259259259259 0.01614583333333333 0.030555555555555558
0 0.6096354166666667 0.575925925925926 0.01614583333333333 0.03333333333333333
0 0.5908854166666666 0.5921296296296297 0.022395833333333334 0.032407407407407406
0 0.6388020833333333 0.7824074074074074 0.0234375 0.03888888888888889
0 0.7359375 0.8319444444444445 0.019791666666666666 0.03981481481481482
0 0.79140625 0.8699074074074075 0.0171875 0.036111111111111115
0 0.8395833333333333 0.8689814814814815 0.028125 0.04351851851851852
0 0.9078125 0.7986111111111112 0.021875 0.04351851851851852
0 0.021614583333333333 0.5893518518518519 0.0171875 0.030555555555555558
0 0.06354166666666666 0.8694444444444445 0.02395833333333333 0.044444444444444446
0 0.71484375 0.8912037037037037 0.022395833333333334 0.03981481481481482
