0 0.08932291666666667 0.05648148148148149 0.011979166666666666 0.016666666666666666
0 0.22369791666666666 0.3439814814814815 0.015104166666666667 0.03425925925925926
0 0.51953125 0.07916666666666666 0.008854166666666666 0.02314814814814815
0 0.5143229166666666 0.19583333333333333 0.0109375 0.025
0 0.5705729166666667 0.1638888888888889 0.008854166666666666 0.024074074074074074
0 0.4744791666666667 0.20370370370370372 0.013541666666666667 0.02592592592592593
0 0.5869791666666666 0.3180555555555556 0.0125 0.025
0 0.61484375 0.27222222222222225 0.011979166666666666 0.02592592592592593
0 0.6341145833333334 0.22546296296296298 0.0140625 0.025
0 0.69296875 0.2939814814814815 0.015104166666666667 0.028703703703703703
0 0.64296875 0.39490740740740743 0.01614583333333333 0.03425925925925926
0 0.6864583333333333 0.39212962962962966 0.016666666666666666 0.028703703703703703
0 0.6971354166666667 0.4930555555555556 0.01614583333333333 0.030555555555555558
0 0.7411458333333333 0.48194444444444445 0.01875 0.032407407407407406
0 0.6643229166666667 0.5537037037037037 0.015104166666666667 0.031481481481481485
0 0.6057291666666667 0.5504629629629629 0.015625 0.03425925925925926
0 0.5872395833333334 0.5643518518518519 0.015104166666666667 0.03425925925925926
0 0.55625 0.4671296296296297 0.0125 0.028703703703703703
0 0.8041666666666667 0.34861111111111115 0.013541666666666667 0.025
0 0.8697916666666666 0.41203703703703703 0.013541666666666667 0.02777777777777778
0 0.77578125 0.2263888888888889 0.013020833333333334 0.025
0 0.6247395833333333 0.7435185185185186 0.019270833333333334 0.037037037037037035
0 0.6895833333333333 0.8555555555555556 0.021875 0.044444444444444446
0 0.7247395833333333 0.8041666666666667 0.019270833333333334 0.03425925925925926
0 0.7802083333333333 0.8347222222222223 0.017708333333333333 0.03981481481481482
0 0.8213541666666666 0.8333333333333334 0.019791666666666666 0.037037037037037035
0 0.9080729166666667 0.7986111111111112 0.018229166666666668 0.04166666666666667
0 0.09453125 0.7402777777777778 0.0265625 0.04351851851851852
0 0.038802083333333334 0.5148148148148148 0.01614583333333333 0.03333333333333333
