0 0.01015625 0.04259259259259259 0.008854166666666666 0.016666666666666666
0 0.008854166666666666 0.031481481481481485 0.010416666666666666 0.016666666666666666
0 0.06770833333333333 0.0962962962962963 0.0125 0.020370370370370372
0 0.47265625 0.12731481481481483 0.009895833333333333 0.02314814814814815
0 0.5138020833333333 0.12962962962962962 0.0109375 0.022222222222222223
0 0.5263020833333333 0.025462962962962965 0.008854166666666666 0.02314814814814815
0 0.5776041666666667 0.24814814814814815 0.0125 0.024074074074074074
0 0.6375 0.3055555555555556 0.0125 0.022222222222222223
0 0.6229166666666667 0.3662037037037037 0.014583333333333334 0.028703703703703703
0 0.71171875 0.3856481481481482 0.0171875 0.028703703703703703
0 0.8119791666666667 0.31527777777777777 0.014583333333333334 0.032407407407407406
0 0.6640625 0.4990740740740741 0.015625 0.02962962962962963
0 0.7002604166666666 0.4953703703703704 0.018229166666666668 0.03333333333333333
0 0.715625 0.6125 0.015625 0.03425925925925926
0 0.7661458333333333 0.625 0.01875 0.040740740740740744
0 0.6734375 0.675462962962963 0.015625 0.03425925925925926
0 0.61875 0.6476851851851853 0.01875 0.03796296296296296
0 0.5950520833333334 0.6578703703703704 0.019270833333333334 0.032407407407407406
0 0.5505208333333333 0.575462962962963 0.014583333333333334 0.030555555555555558
0 0.590625 0.437962962962963 0.015625 0.02962962962962963
0 0.8611979166666667 0.44722222222222224 0.01614583333333333 0.02962962962962963
0 0.9132812499999999 0.5398148148148149 0.01614583333333333 0.02777777777777778
0 0.9036458333333334 0.7972222222222223 0.019791666666666666 0.03888888888888889
0 0.7658854166666667 0.8907407407407407 0.021354166666666667 0.037037037037037035
0 0.6533854166666666 0.875925925925926 0.019270833333333334 0.03518518518518519
0 0.8778645833333333 0.9453703703703704 0.022395833333333334 0.044444444444444446
0 0.8458333333333333 0.9578703703703704 0.022916666666666665 0.03796296296296296
0 0.165625 0.538425925925926 0.021875 0.03796296296296296
