0 0.023177083333333334 0.20231481481481484 0.013020833333333334 0.028703703703703703
0 0.5265625 0.009259259259259259 0.009375 0.016666666666666666
0 0.5127604166666666 0.10462962962962963 0.0109375 0.024074074074074074
0 0.4731770833333333 0.10231481481481482 0.0109375 0.02314814814814815
0 0.5770833333333333 0.2865740740740741 0.013541666666666667 0.026851851851851852
0 0.6419270833333334 0.34444444444444444 0.0140625 0.02777777777777778
0 0.6276041666666666 0.4013888888888889 0.017708333333333333 0.032407407407407406
0 0.7239583333333334 0.4240740740740741 0.022916666666666665 0.031481481481481485
0 0.8263020833333333 0.34953703703703703 0.0171875 0.030555555555555558
0 0.5932291666666667 0.4814814814814815 0.0125 0.02592592592592593
0 0.6697916666666667 0.5337962962962963 0.017708333333333333 0.03425925925925926
0 0.709375 0.5402777777777777 0.020833333333333332 0.03796296296296296
0 0.5489583333333333 0.6222222222222222 0.015625 0.03333333333333333
0 0.59453125 0.6944444444444444 0.0234375 0.03518518518518519
0 0.61875 0.6837962962962963 0.020833333333333332 0.03796296296296296
0 0.71953125 0.6601851851851852 0.018229166666666668 0.03518518518518519
0 0.7794270833333333 0.6800925925925926 0.0203125 0.04537037037037037
0 0.67890625 0.725 0.019270833333333334 0.037037037037037035
0 0.6739583333333333 0.9287037037037037 0.01875 0.04259259259259259
0 0.7895833333333333 0.925 0.022916666666666665 0.040740740740740744
0 0.9013020833333333 0.7944444444444445 0.0171875 0.037037037037037035
0 0.93515625 0.5907407407407408 0.0203125 0.03333333333333333
0 0.88359375 0.4898148148148148 0.01614583333333333 0.02962962962962963
0 0.9088541666666666 0.9796296296296296 0.021875 0.03333333333333333
0 0.12916666666666665 0.6157407407407408 0.020833333333333332 0.03888888888888889
