0 0.47369791666666666 0.07777777777777778 0.0109375 0.022222222222222223
0 0.5135416666666667 0.08101851851851852 0.010416666666666666 0.02314814814814815
0 0.5815104166666667 0.3236111111111111 0.0140625 0.028703703703703703
0 0.6497395833333334 0.37083333333333335 0.01614583333333333 0.026851851851851852
0 0.6341145833333334 0.4388888888888889 0.01614583333333333 0.031481481481481485
0 0.6028645833333334 0.5226851851851853 0.01614583333333333 0.030555555555555558
0 0.5546875 0.6648148148148149 0.017708333333333333 0.031481481481481485
0 0.6013020833333333 0.7375 0.0234375 0.03796296296296296
0 0.625 0.7217592592592593 0.01875 0.03425925925925926
0 0.6822916666666666 0.763888888888889 0.016666666666666666 0.03333333333333333
0 0.7302083333333333 0.7185185185185186 0.01875 0.03518518518518519
0 0.7859375 0.7328703703703704 0.022916666666666665 0.03981481481481482
0 0.68828125 0.575462962962963 0.0171875 0.03425925925925926
0 0.7169270833333333 0.5791666666666667 0.0203125 0.03796296296296296
0 0.72890625 0.4569444444444445 0.019270833333333334 0.03796296296296296
0 0.83828125 0.3819444444444445 0.0171875 0.032407407407407406
0 0.9057291666666667 0.5319444444444444 0.017708333333333333 0.036111111111111115
0 0.9481770833333333 0.6412037037037037 0.0203125 0.03796296296296296
0 0.9013020833333333 0.7949074074074074 0.021354166666666667 0.04351851851851852
0 0.8153645833333333 0.9675925925925927 0.0234375 0.040740740740740744
0 0.6825520833333333 0.9768518518518519 0.019270833333333334 0.040740740740740744
0 0.09192708333333333 0.6958333333333334 0.024479166666666666 0.04351851851851852
