0 0.09765625 0.030555555555555558 0.011979166666666666 0.022222222222222223
0 0.5247395833333334 0.04027777777777778 0.009895833333333333 0.025
0 0.5153645833333333 0.1476851851851852 0.0109375 0.025
0 0.4731770833333333 0.14722222222222223 0.008854166666666666 0.022222222222222223
0 0.57265625 0.225 0.009895833333333333 0.024074074074074074
0 0.6359375 0.2828703703703704 0.0125 0.026851851851851852
0 0.6200520833333333 0.33935185185185185 0.0140625 0.030555555555555558
0 0.70703125 0.35555555555555557 0.018229166666666668 0.02962962962962963
0 0.5919270833333333 0.39583333333333337 0.0140625 0.028703703703703703
0 0.6580729166666667 0.46435185185185185 0.013020833333333334 0.030555555555555558
0 0.6971354166666667 0.4666666666666667 0.0203125 0.031481481481481485
0 0.7078125 0.575462962962963 0.016666666666666666 0.032407407407407406
0 0.7591145833333334 0.5791666666666667 0.0203125 0.03981481481481482
0 0.546875 0.5444444444444445 0.014583333333333334 0.02777777777777778
0 0.5955729166666667 0.6324074074074074 0.0203125 0.03888888888888889
0 0.615625 0.6152777777777778 0.019791666666666666 0.032407407407407406
0 0.6690104166666666 0.638888888888889 0.015104166666666667 0.02962962962962963
0 0.6473958333333333 0.8393518518518519 0.01875 0.032407407407407406
0 0.7513020833333334 0.8671296296296297 0.019270833333333334 0.03981481481481482
0 0.7388020833333333 0.9546296296296297 0.0203125 0.04259259259259259
0 0.8195312499999999 0.9273148148148148 0.024479166666666666 0.04166666666666667
0 0.86171875 0.9055555555555556 0.022395833333333334 0.040740740740740744
0 0.9054687499999999 0.7962962962962963 0.019270833333333334 0.04259259259259259
0 0.90234375 0.5060185185185185 0.015104166666666667 0.028703703703703703
0 0.8442708333333333 0.41481481481481486 0.013541666666666667 0.024074074074074074
0 0.803125 0.2851851851851852 0.013541666666666667 0.02777777777777778
0 0.18828125 0.4791666666666667 0.021354166666666667 0.03796296296296296
0 0.014322916666666666 0.6912037037037038 0.0203125 0.03981481481481482
