0 0.4744791666666667 0.025 0.009375 0.022222222222222223
0 0.5119791666666667 0.03518518518518519 0.009375 0.024074074074074074
0 0.5916666666666667 0.4328703703703704 0.014583333333333334 0.030555555555555558
0 0.6674479166666667 0.47685185185185186 0.0140625 0.03518518518518519
0 0.6565104166666667 0.5643518518518519 0.01614583333333333 0.03425925925925926
0 0.7447916666666666 0.5726851851851852 0.015625 0.03425925925925926
0 0.63984375 0.6606481481481482 0.0171875 0.032407407407407406
0 0.7260416666666667 0.7199074074074074 0.022916666666666665 0.03981481481481482
0 0.7518229166666667 0.7152777777777778 0.021354166666666667 0.03796296296296296
0 0.5510416666666667 0.8064814814814815 0.014583333333333334 0.037037037037037035
0 0.6065104166666666 0.8685185185185186 0.024479166666666666 0.05
0 0.640625 0.85 0.01875 0.03518518518518519
0 0.70625 0.9125000000000001 0.017708333333333333 0.03796296296296296
0 0.7645833333333333 0.8782407407407408 0.01875 0.03796296296296296
0 0.8216145833333334 0.9175925925925926 0.0234375 0.04259259259259259
0 0.9028645833333333 0.7990740740740742 0.022395833333333334 0.04259259259259259
0 0.8846354166666667 0.4986111111111111 0.0171875 0.03425925925925926
0 0.9643229166666667 0.6638888888888889 0.021354166666666667 0.031481481481481485
0 0.9893229166666666 0.8060185185185186 0.0171875 0.03981481481481482
0 0.36796875 0.9828703703703704 0.019270833333333334 0.030555555555555558
