0 0.47552083333333334 0.04120370370370371 0.009375 0.02314814814814815
0 0.51328125 0.04583333333333334 0.009895833333333333 0.02314814814814815
0 0.5846354166666666 0.40046296296296297 0.011979166666666666 0.030555555555555558
0 0.6645833333333333 0.44907407407407407 0.014583333333333334 0.02962962962962963
0 0.7427083333333333 0.5365740740740741 0.016666666666666666 0.036111111111111115
0 0.8708333333333333 0.46296296296296297 0.016666666666666666 0.03333333333333333
0 0.6497395833333334 0.5282407407407408 0.0171875 0.030555555555555558
0 0.6307291666666667 0.6152777777777778 0.01875 0.03425925925925926
0 0.7083333333333334 0.674537037037037 0.019791666666666666 0.036111111111111115
0 0.74296875 0.675 0.022395833333333334 0.040740740740740744
0 0.9505208333333334 0.6240740740740741 0.01875 0.031481481481481485
0 0.98984375 0.7601851851851852 0.0171875 0.037037037037037035
0 0.9026041666666667 0.7972222222222223 0.022916666666666665 0.03888888888888889
0 0.8098958333333334 0.8606481481481482 0.02395833333333333 0.04537037037037037
0 0.7505208333333333 0.8305555555555556 0.019791666666666666 0.037037037037037035
0 0.7015625 0.8703703703703703 0.01875 0.040740740740740744
0 0.5528645833333333 0.7675925925925926 0.0171875 0.03333333333333333
0 0.603125 0.8287037037037037 0.021875 0.04259259259259259
0 0.6354166666666666 0.8087962962962963 0.017708333333333333 0.036111111111111115
0 0.015104166666666667 0.8865740740740741 0.026041666666666668 0.058333333333333334
