0 0.52734375 0.017592592592592594 0.013020833333333334 0.016666666666666666
0 0.4734375 0.11018518518518519 0.009375 0.020370370370370372
0 0.5127604166666666 0.1087962962962963 0.011979166666666666 0.021296296296296296
0 0.5778645833333333 0.2800925925925926 0.0140625 0.026851851851851852
0 0.6403645833333333 0.33564814814814814 0.0140625 0.025
0 0.8244791666666667 0.34074074074074073 0.017708333333333333 0.031481481481481485
0 0.03359375 0.17685185185185187 0.015104166666666667 0.022222222222222223
0 0.13723958333333333 0.5962962962962963 0.022395833333333334 0.03518518518518519
0 0.625 0.39212962962962966 0.017708333333333333 0.026851851851851852
0 0.7223958333333333 0.40925925925925927 0.01875 0.02777777777777778
0 0.5916666666666667 0.46574074074074073 0.015625 0.02592592592592593
0 0.6684895833333333 0.5231481481481481 0.018229166666666668 0.031481481481481485
0 0.709375 0.5240740740740741 0.020833333333333332 0.031481481481481485
0 0.5494791666666666 0.612037037037037 0.015625 0.02592592592592593
0 0.5947916666666666 0.6856481481481482 0.01875 0.028703703703703703
0 0.6177083333333333 0.6689814814814815 0.019791666666666666 0.032407407407407406
0 0.67734375 0.7060185185185186 0.015104166666666667 0.026851851851851852
0 0.7208333333333333 0.6490740740740741 0.016666666666666666 0.02962962962962963
0 0.77734375 0.6625 0.019270833333333334 0.03425925925925926
0 0.8786458333333333 0.4814814814814815 0.01875 0.03518518518518519
0 0.9296875 0.5787037037037037 0.019791666666666666 0.037037037037037035
0 0.9013020833333333 0.7930555555555556 0.022395833333333334 0.03981481481481482
0 0.784375 0.912962962962963 0.021875 0.037037037037037035
0 0.66875 0.9125000000000001 0.01875 0.032407407407407406
0 0.9046875 0.9717592592592593 0.020833333333333332 0.03796296296296296
0 0.8690104166666667 0.9805555555555556 0.021354166666666667 0.031481481481481485
