0 0.07994791666666666 0.3541666666666667 0.015104166666666667 0.028703703703703703
0 0.2513020833333333 0.2125 0.0140625 0.025
0 0.51015625 0.1388888888888889 0.01614583333333333 0.02962962962962963
0 0.5645833333333333 0.10601851851851853 0.011458333333333333 0.026851851851851852
0 0.6291666666666667 0.17407407407407408 0.010416666666666666 0.024074074074074074
0 0.74140625 0.1726851851851852 0.0171875 0.030555555555555558
0 0.7653645833333333 0.2828703703703704 0.015104166666666667 0.028703703703703703
0 0.8333333333333334 0.33194444444444443 0.016666666666666666 0.028703703703703703
0 0.6833333333333333 0.2351851851851852 0.014583333333333334 0.02777777777777778
0 0.725 0.3962962962962963 0.020833333333333332 0.03518518518518519
0 0.6841145833333333 0.40972222222222227 0.0140625 0.026851851851851852
0 0.6682291666666667 0.3226851851851852 0.019791666666666666 0.026851851851851852
0 0.6307291666666667 0.325 0.014583333333333334 0.031481481481481485
0 0.6080729166666666 0.21481481481481482 0.013020833333333334 0.02777777777777778
0 0.578125 0.24675925925925926 0.014583333333333334 0.026851851851851852
0 0.5125 0.2689814814814815 0.013541666666666667 0.028703703703703703
0 0.47734375 0.27824074074074073 0.013020833333333334 0.028703703703703703
0 0.5638020833333334 0.39305555555555555 0.015104166666666667 0.026851851851851852
0 0.5739583333333333 0.4930555555555556 0.019791666666666666 0.036111111111111115
0 0.5908854166666666 0.47870370370370374 0.015104166666666667 0.02962962962962963
0 0.65546875 0.47500000000000003 0.0171875 0.02962962962962963
0 0.6018229166666667 0.6513888888888889 0.01614583333333333 0.032407407407407406
0 0.63359375 0.7402777777777778 0.0203125 0.03425925925925926
0 0.7015625 0.7245370370370371 0.020833333333333332 0.03425925925925926
0 0.7565104166666666 0.7421296296296297 0.019270833333333334 0.03425925925925926
0 0.7919270833333333 0.7458333333333333 0.0203125 0.03796296296296296
0 0.9169270833333333 0.8092592592592593 0.021354166666666667 0.0462962962962963
0 0.84140625 0.9287037037037037 0.019270833333333334 0.04814814814814815
0 0.7809895833333333 0.937962962962963 0.0203125 0.04259259259259259
0 0.6505208333333333 0.8925925925925926 0.019791666666666666 0.03518518518518519
0 0.15885416666666666 0.48379629629629634 0.02395833333333333 0.030555555555555558
