0 0.2583333333333333 0.1476851851851852 0.011458333333333333 0.028703703703703703
0 0.18723958333333332 0.36064814814814816 0.019270833333333334 0.028703703703703703
0 0.09869791666666666 0.2800925925925926 0.0171875 0.02314814814814815
0 0.56328125 0.07361111111111111 0.013020833333333334 0.025
0 0.6263020833333334 0.14351851851851852 0.011979166666666666 0.02592592592592593
0 0.72578125 0.14166666666666666 0.011979166666666666 0.02592592592592593
0 0.74765625 0.24120370370370373 0.013020833333333334 0.025
0 0.8122395833333333 0.28611111111111115 0.013020833333333334 0.02777777777777778
0 0.6768229166666666 0.20324074074074075 0.0140625 0.028703703703703703
0 0.60390625 0.18194444444444446 0.009895833333333333 0.028703703703703703
0 0.6244791666666667 0.28611111111111115 0.013541666666666667 0.02592592592592593
0 0.66015625 0.2888888888888889 0.0171875 0.031481481481481485
0 0.5705729166666667 0.2101851851851852 0.011979166666666666 0.022222222222222223
0 0.5065104166666666 0.17777777777777778 0.013020833333333334 0.022222222222222223
0 0.5091145833333334 0.32175925925925924 0.0109375 0.026851851851851852
0 0.4778645833333333 0.337037037037037 0.013020833333333334 0.02962962962962963
0 0.5674479166666666 0.34953703703703703 0.013020833333333334 0.021296296296296296
0 0.6760416666666667 0.36944444444444446 0.01875 0.03333333333333333
0 0.7229166666666667 0.3476851851851852 0.01875 0.032407407407407406
0 0.6502604166666667 0.4291666666666667 0.011979166666666666 0.030555555555555558
0 0.5875 0.4439814814814815 0.014583333333333334 0.028703703703703703
0 0.57109375 0.45462962962962966 0.01614583333333333 0.02962962962962963
0 0.9265625 0.813425925925926 0.021875 0.04166666666666667
0 0.7841145833333333 0.6944444444444444 0.0203125 0.037037037037037035
0 0.8122395833333333 0.8537037037037037 0.0203125 0.03518518518518519
0 0.7606770833333333 0.8625 0.0234375 0.049074074074074076
0 0.7450520833333333 0.6851851851851852 0.0171875 0.03333333333333333
0 0.6911458333333333 0.6712962962962963 0.015625 0.03518518518518519
0 0.5940104166666667 0.5967592592592593 0.0171875 0.03425925925925926
0 0.5927083333333333 0.6916666666666667 0.01875 0.040740740740740744
0 0.6393229166666666 0.8212962962962963 0.019270833333333334 0.04259259259259259
0 0.6747395833333333 0.9472222222222223 0.021354166666666667 0.04259259259259259
