0 0.24973958333333332 0.22268518518518518 0.0140625 0.028703703703703703
0 0.07942708333333333 0.36435185185185187 0.0171875 0.021296296296296296
0 0.15703125 0.49768518518518523 0.022395833333333334 0.036111111111111115
0 0.5114583333333333 0.13518518518518519 0.011458333333333333 0.02962962962962963
0 0.56484375 0.10833333333333334 0.0109375 0.02592592592592593
0 0.63046875 0.17546296296296296 0.011979166666666666 0.021296296296296296
0 0.7434895833333334 0.17777777777777778 0.0140625 0.02777777777777778
0 0.47760416666666666 0.2740740740740741 0.0125 0.02592592592592593
0 0.5122395833333333 0.2657407407407408 0.0109375 0.02592592592592593
0 0.5794270833333334 0.25324074074074077 0.013020833333333334 0.026851851851851852
0 0.6088541666666667 0.2152777777777778 0.0125 0.025
0 0.6828125 0.24074074074074076 0.015625 0.02777777777777778
0 0.63125 0.32685185185185184 0.014583333333333334 0.024074074074074074
0 0.6700520833333333 0.32685185185185184 0.0171875 0.031481481481481485
0 0.7692708333333333 0.28240740740740744 0.0125 0.024074074074074074
0 0.8361979166666667 0.3375 0.01614583333333333 0.028703703703703703
0 0.7265625 0.40092592592592596 0.021875 0.03333333333333333
0 0.6856770833333333 0.41620370370370374 0.01614583333333333 0.030555555555555558
0 0.5643229166666667 0.39583333333333337 0.0140625 0.030555555555555558
0 0.6578125 0.47685185185185186 0.017708333333333333 0.02962962962962963
0 0.5921875 0.48333333333333334 0.017708333333333333 0.037037037037037035
0 0.57421875 0.49583333333333335 0.018229166666666668 0.032407407407407406
0 0.6044270833333333 0.6560185185185186 0.018229166666666668 0.030555555555555558
0 0.6388020833333333 0.7462962962962963 0.0171875 0.03888888888888889
0 0.7020833333333333 0.7310185185185185 0.019791666666666666 0.03981481481481482
0 0.7549479166666666 0.75 0.022395833333333334 0.03888888888888889
0 0.7947916666666667 0.7532407407407408 0.02395833333333333 0.03981481481481482
0 0.6520833333333333 0.9 0.025 0.044444444444444446
0 0.7861979166666666 0.9453703703703704 0.0234375 0.044444444444444446
0 0.8453125 0.9273148148148148 0.020833333333333332 0.04166666666666667
0 0.915625 0.8111111111111111 0.021875 0.04814814814814815
