0 0.24348958333333334 0.28750000000000003 0.0140625 0.028703703703703703
0 0.06067708333333333 0.4430555555555556 0.01614583333333333 0.026851851851851852
0 0.12213541666666666 0.6273148148148149 0.024479166666666666 0.03981481481481482
0 0.5161458333333333 0.10092592592592593 0.009375 0.024074074074074074
0 0.5661458333333333 0.13518518518518519 0.009375 0.022222222222222223
0 0.5119791666666667 0.22361111111111112 0.011458333333333333 0.026851851851851852
0 0.4744791666666667 0.23194444444444445 0.011458333333333333 0.02314814814814815
0 0.6104166666666666 0.2476851851851852 0.013541666666666667 0.028703703703703703
0 0.6296875 0.2013888888888889 0.010416666666666666 0.025
0 0.5802083333333333 0.2888888888888889 0.0125 0.02592592592592593
0 0.6893229166666667 0.27037037037037037 0.015104166666666667 0.02777777777777778
0 0.7645833333333333 0.20277777777777778 0.015625 0.02962962962962963
0 0.7895833333333333 0.3175925925925926 0.013541666666666667 0.02592592592592593
0 0.6807291666666666 0.3625 0.015625 0.032407407407407406
0 0.6377604166666666 0.362962962962963 0.01614583333333333 0.02777777777777778
0 0.5598958333333334 0.43333333333333335 0.0125 0.02777777777777778
0 0.7393229166666666 0.44537037037037036 0.0203125 0.031481481481481485
0 0.6916666666666667 0.45601851851851855 0.015625 0.03425925925925926
0 0.6622395833333333 0.5226851851851853 0.01614583333333333 0.032407407407407406
0 0.6028645833333334 0.5180555555555556 0.0171875 0.028703703703703703
0 0.5838541666666667 0.5351851851851852 0.019791666666666666 0.037037037037037035
0 0.6203125 0.7069444444444445 0.01875 0.03425925925925926
0 0.6671875 0.8060185185185186 0.019791666666666666 0.036111111111111115
0 0.7098958333333333 0.774537037037037 0.016666666666666666 0.03796296296296296
0 0.7619791666666667 0.7972222222222223 0.016666666666666666 0.031481481481481485
0 0.81640625 0.7958333333333334 0.021354166666666667 0.03981481481481482
0 0.6755208333333333 0.9587962962962964 0.020833333333333332 0.04351851851851852
0 0.9078125 0.8013888888888889 0.019791666666666666 0.04722222222222222
0 0.8578125 0.375 0.0125 0.02962962962962963
