0 0.24817708333333333 0.23935185185185187 0.018229166666666668 0.028703703703703703
0 0.07682291666666667 0.38981481481481484 0.01614583333333333 0.02962962962962963
0 0.14895833333333333 0.5356481481481482 0.02395833333333333 0.032407407407407406
0 0.5130208333333334 0.12453703703703704 0.0125 0.030555555555555558
0 0.56640625 0.11527777777777778 0.0109375 0.02314814814814815
0 0.6315104166666666 0.1814814814814815 0.0140625 0.022222222222222223
0 0.6091145833333333 0.22592592592592595 0.013020833333333334 0.024074074074074074
0 0.5783854166666667 0.26805555555555555 0.013020833333333334 0.028703703703703703
0 0.5119791666666667 0.25324074074074077 0.0125 0.025
0 0.47734375 0.2638888888888889 0.0140625 0.02592592592592593
0 0.68359375 0.2490740740740741 0.013020833333333334 0.03333333333333333
0 0.75 0.1837962962962963 0.014583333333333334 0.028703703703703703
0 0.7765625 0.29120370370370374 0.015625 0.028703703703703703
0 0.67265625 0.3375 0.018229166666666668 0.030555555555555558
0 0.6317708333333333 0.33472222222222225 0.014583333333333334 0.028703703703703703
0 0.56484375 0.40694444444444444 0.011979166666666666 0.028703703703703703
0 0.5765625 0.5120370370370371 0.016666666666666666 0.03333333333333333
0 0.5927083333333333 0.49259259259259264 0.017708333333333333 0.03333333333333333
0 0.6611979166666666 0.48935185185185187 0.015104166666666667 0.028703703703703703
0 0.6885416666666666 0.42685185185185187 0.014583333333333334 0.02777777777777778
0 0.7328125 0.41620370370370374 0.019791666666666666 0.03425925925925926
0 0.8440104166666667 0.3509259259259259 0.01614583333333333 0.02592592592592593
0 0.6104166666666666 0.6736111111111112 0.016666666666666666 0.03796296296296296
0 0.6502604166666667 0.7643518518518518 0.021354166666666667 0.03796296296296296
0 0.7018229166666666 0.7462962962962963 0.019270833333333334 0.037037037037037035
0 0.7549479166666666 0.7662037037037037 0.0234375 0.03796296296296296
0 0.8036458333333333 0.7694444444444445 0.022916666666666665 0.040740740740740744
0 0.9143229166666667 0.8050925925925926 0.0203125 0.04537037037037037
0 0.6575520833333334 0.9175925925925926 0.022395833333333334 0.0462962962962963
0 0.8020833333333334 0.9652777777777778 0.021875 0.04166666666666667
0 0.8515625 0.9453703703703704 0.022916666666666665 0.04259259259259259
