0 0.6138020833333333 0.21666666666666667 0.0109375 0.024074074074074074
0 0.26171875 0.05416666666666667 0.009895833333333333 0.019444444444444445
0 0.72109375 0.17592592592592593 0.009895833333333333 0.020370370370370372
0 0.7752604166666667 0.20601851851851852 0.0109375 0.025
0 0.7036458333333333 0.08657407407407408 0.009375 0.021296296296296296
0 0.6864583333333333 0.5833333333333334 0.013541666666666667 0.02962962962962963
0 0.76171875 0.600462962962963 0.015104166666666667 0.030555555555555558
0 0.5106770833333333 0.4013888888888889 0.0109375 0.028703703703703703
0 0.4783854166666667 0.41944444444444445 0.0109375 0.02777777777777778
0 0.7302083333333333 0.7523148148148149 0.01875 0.030555555555555558
0 0.7388020833333333 0.6018518518518519 0.0140625 0.02962962962962963
0 0.5627604166666667 0.018518518518518517 0.008854166666666666 0.020370370370370372
0 0.7072916666666667 0.2712962962962963 0.013541666666666667 0.02962962962962963
0 0.503125 0.23194444444444445 0.009375 0.025
0 0.5739583333333333 0.5023148148148149 0.015625 0.03425925925925926
0 0.5513020833333333 0.5722222222222223 0.0140625 0.03333333333333333
0 0.6197916666666666 0.7060185185185186 0.014583333333333334 0.03425925925925926
0 0.5739583333333333 0.2763888888888889 0.009375 0.021296296296296296
0 0.134375 0.1685185185185185 0.010416666666666666 0.016666666666666666
0 0.5955729166666667 0.12592592592592594 0.009895833333333333 0.02777777777777778
0 0.6697916666666667 0.1449074074074074 0.010416666666666666 0.025
0 0.6161458333333333 0.08657407407407408 0.008333333333333333 0.019444444444444445
0 0.04609375 0.1425925925925926 0.0109375 0.02592592592592593
0 0.9210937499999999 0.7606481481481482 0.018229166666666668 0.036111111111111115
0 0.5682291666666667 0.14722222222222223 0.007291666666666667 0.018518518518518517
0 0.6401041666666667 0.825462962962963 0.015625 0.03425925925925926
0 0.584375 0.37592592592592594 0.0125 0.02962962962962963
0 0.21588541666666666 0.21064814814814817 0.013020833333333334 0.019444444444444445
0 0.63671875 0.3513888888888889 0.009895833333333333 0.026851851851851852
0 0.6505208333333333 0.22268518518518518 0.008333333333333333 0.017592592592592594
0 0.6645833333333333 0.28935185185185186 0.011458333333333333 0.030555555555555558
0 0.5682291666666667 0.38842592592592595 0.013541666666666667 0.028703703703703703
0 0.7796875 0.7375 0.014583333333333334 0.026851851851851852
0 0.8859374999999999 0.976388888888889 0.020833333333333332 0.026851851851851852
