0 0.7291666666666666 0.20092592592592592 0.010416666666666666 0.022222222222222223
0 0.7864583333333334 0.23935185185185187 0.011458333333333333 0.026851851851851852
0 0.6895833333333333 0.6148148148148148 0.014583333333333334 0.02962962962962963
0 0.5046875 0.21203703703703705 0.008333333333333333 0.022222222222222223
0 0.6171875 0.24722222222222223 0.011458333333333333 0.02592592592592593
0 0.7080729166666666 0.3037037037037037 0.013020833333333334 0.02777777777777778
0 0.12447916666666667 0.20787037037037037 0.010416666666666666 0.017592592592592594
0 0.47890625 0.3875 0.009895833333333333 0.025
0 0.5768229166666666 0.5421296296296296 0.0140625 0.028703703703703703
0 0.5716145833333334 0.1726851851851852 0.008854166666666666 0.019444444444444445
0 0.7674479166666667 0.6351851851851852 0.01614583333333333 0.02962962962962963
0 0.2604166666666667 0.08750000000000001 0.011458333333333333 0.021296296296296296
0 0.6395833333333333 0.37824074074074077 0.011458333333333333 0.026851851851851852
0 0.6216145833333333 0.750925925925926 0.015104166666666667 0.03333333333333333
0 0.71171875 0.1087962962962963 0.009895833333333333 0.021296296296296296
0 0.5106770833333333 0.3726851851851852 0.009895833333333333 0.026851851851851852
0 0.5705729166666667 0.3023148148148148 0.009895833333333333 0.021296296296296296
0 0.6684895833333333 0.31712962962962965 0.011979166666666666 0.026851851851851852
0 0.559375 0.03518518518518519 0.008333333333333333 0.018518518518518517
0 0.6518229166666667 0.8740740740740741 0.0171875 0.03888888888888889
0 0.7442708333333333 0.6361111111111112 0.015625 0.02962962962962963
0 0.7390625 0.7935185185185185 0.016666666666666666 0.037037037037037035
0 0.58359375 0.40324074074074073 0.0140625 0.030555555555555558
0 0.61953125 0.1087962962962963 0.008854166666666666 0.021296296296296296
0 0.9229166666666666 0.8009259259259259 0.019791666666666666 0.037037037037037035
0 0.5643229166666667 0.6097222222222223 0.0140625 0.036111111111111115
0 0.026041666666666668 0.2300925925925926 0.0125 0.026851851851851852
0 0.5981770833333333 0.14675925925925926 0.011979166666666666 0.032407407407407406
0 0.7942708333333334 0.7791666666666667 0.014583333333333334 0.03425925925925926
0 0.67421875 0.1675925925925926 0.011979166666666666 0.02777777777777778
0 0.20677083333333332 0.26435185185185184 0.013541666666666667 0.021296296296296296
0 0.653125 0.24814814814814815 0.009375 0.020370370370370372
0 0.5671875 0.4185185185185185 0.011458333333333333 0.02592592592592593
