0 0.47682291666666665 0.5097222222222222 0.011979166666666666 0.026851851851851852
0 0.6203125 0.2935185185185185 0.010416666666666666 0.02592592592592593
0 0.7427083333333333 0.15231481481481482 0.010416666666666666 0.02314814814814815
0 0.6958333333333333 0.13101851851851853 0.009375 0.019444444444444445
0 0.4921875 0.2939814814814815 0.009375 0.025
0 0.7125 0.5314814814814816 0.014583333333333334 0.02962962962962963
0 0.6791666666666667 0.04351851851851852 0.009375 0.020370370370370372
0 0.67421875 0.5152777777777778 0.013020833333333334 0.028703703703703703
0 0.140625 0.09074074074074075 0.009375 0.016666666666666666
0 0.6 0.04583333333333334 0.008333333333333333 0.019444444444444445
0 0.734375 0.5337962962962963 0.014583333333333334 0.028703703703703703
0 0.7986979166666667 0.8865740740740741 0.021354166666666667 0.03981481481481482
0 0.5989583333333334 0.6194444444444445 0.016666666666666666 0.031481481481481485
0 0.5059895833333333 0.4814814814814815 0.0109375 0.02777777777777778
0 0.22604166666666667 0.1050925925925926 0.011458333333333333 0.017592592592592594
0 0.5559895833333334 0.437962962962963 0.013020833333333334 0.02962962962962963
0 0.5567708333333333 0.09305555555555556 0.008333333333333333 0.021296296296296296
0 0.58046875 0.08564814814814815 0.011979166666666666 0.032407407407407406
0 0.6572916666666666 0.10185185185185186 0.009375 0.022222222222222223
0 0.69140625 0.2101851851851852 0.013020833333333334 0.031481481481481485
0 0.8377604166666667 0.951388888888889 0.021354166666666667 0.03796296296296296
0 0.8885416666666667 0.5944444444444444 0.016666666666666666 0.031481481481481485
0 0.5984375 0.16712962962962963 0.010416666666666666 0.025
0 0.5361979166666666 0.49074074074074076 0.013020833333333334 0.02962962962962963
0 0.565625 0.22546296296296298 0.008333333333333333 0.019444444444444445
0 0.6346354166666667 0.17037037037037037 0.0078125 0.020370370370370372
0 0.646875 0.2351851851851852 0.009375 0.024074074074074074
0 0.6182291666666666 0.7263888888888889 0.014583333333333334 0.032407407407407406
0 0.5588541666666667 0.33611111111111114 0.0125 0.02592592592592593
0 0.5755208333333334 0.33287037037037037 0.0125 0.026851851851851852
0 0.7026041666666667 0.6583333333333333 0.013541666666666667 0.024074074074074074
0 0.7520833333333333 0.6490740740740741 0.0125 0.024074074074074074
