0 0.7158854166666666 0.09212962962962963 0.008854166666666666 0.021296296296296296
0 0.58046875 0.5314814814814816 0.0140625 0.02962962962962963
0 0.65234375 0.4444444444444445 0.013020833333333334 0.02592592592592593
0 0.48463541666666665 0.6300925925925926 0.0140625 0.032407407407407406
0 0.48072916666666665 0.37592592592592594 0.010416666666666666 0.02592592592592593
0 0.58359375 0.11203703703703705 0.009895833333333333 0.022222222222222223
0 0.675 0.07962962962962963 0.008333333333333333 0.018518518518518517
0 0.68671875 0.4564814814814815 0.013020833333333334 0.024074074074074074
0 0.6096354166666667 0.2300925925925926 0.009895833333333333 0.025
0 0.55625 0.16620370370370371 0.008333333333333333 0.019444444444444445
0 0.703125 0.4601851851851852 0.013541666666666667 0.02962962962962963
0 0.67421875 0.15462962962962964 0.011979166666666666 0.02592592592592593
0 0.51796875 0.4046296296296297 0.011979166666666666 0.02777777777777778
0 0.52109375 0.5939814814814816 0.011979166666666666 0.030555555555555558
0 0.74609375 0.8416666666666667 0.019270833333333334 0.03333333333333333
0 0.15364583333333334 0.008796296296296297 0.009375 0.015740740740740743
0 0.7098958333333333 0.7805555555555556 0.01875 0.03888888888888889
0 0.6200520833333333 0.11851851851851852 0.009895833333333333 0.024074074074074074
0 0.5434895833333333 0.044444444444444446 0.0078125 0.016666666666666666
0 0.05911458333333333 0.18611111111111112 0.011979166666666666 0.024074074074074074
0 0.6401041666666667 0.05416666666666667 0.008333333333333333 0.021296296296296296
0 0.7203125 0.5574074074074075 0.013541666666666667 0.02777777777777778
0 0.6354166666666666 0.17685185185185187 0.010416666666666666 0.022222222222222223
0 0.9132812499999999 0.9745370370370371 0.0203125 0.04351851851851852
0 0.8236979166666667 0.3458333333333333 0.013020833333333334 0.030555555555555558
0 0.5703125 0.2625 0.011458333333333333 0.032407407407407406
0 0.5984375 0.625462962962963 0.013541666666666667 0.030555555555555558
0 0.5447916666666667 0.3662037037037037 0.014583333333333334 0.03796296296296296
0 0.6776041666666667 0.9203703703703704 0.017708333333333333 0.03888888888888889
0 0.05677083333333333 0.20694444444444446 0.011458333333333333 0.015740740740740743
0 0.24010416666666667 0.009259259259259259 0.0125 0.012962962962962964
0 0.57109375 0.027314814814814816 0.0109375 0.019444444444444445
0 0.5877604166666667 0.006944444444444445 0.0078125 0.017592592592592594
0 0.55234375 0.26944444444444443 0.0109375 0.020370370370370372
0 0.6815104166666667 0.5666666666666667 0.01614583333333333 0.02592592592592593
0 0.6934895833333333 0.9050925925925927 0.015104166666666667 0.03796296296296296
0 0.7713541666666667 0.9712962962962963 0.026041666666666668 0.03333333333333333
