0 0.6638020833333333 0.487962962962963 0.013020833333333334 0.02777777777777778
0 0.6869791666666667 0.1125 0.009375 0.019444444444444445
0 0.5908854166666666 0.14907407407407408 0.009895833333333333 0.022222222222222223
0 0.7260416666666667 0.5027777777777778 0.014583333333333334 0.02777777777777778
0 0.7296875 0.13194444444444445 0.009375 0.02314814814814815
0 0.7049479166666667 0.4986111111111111 0.013020833333333334 0.028703703703703703
0 0.6669270833333333 0.028703703703703703 0.008854166666666666 0.018518518518518517
0 0.48593749999999997 0.3226851851851852 0.010416666666666666 0.026851851851851852
0 0.53515625 0.45972222222222225 0.011979166666666666 0.028703703703703703
0 0.5950520833333334 0.5847222222222223 0.0140625 0.030555555555555558
0 0.4786458333333333 0.549537037037037 0.0125 0.026851851851851852
0 0.5583333333333333 0.20555555555555557 0.009375 0.022222222222222223
0 0.6171875 0.2662037037037037 0.010416666666666666 0.025
0 0.1484375 0.05925925925925926 0.009375 0.014814814814814815
0 0.5098958333333333 0.5203703703703704 0.011458333333333333 0.02777777777777778
0 0.5940104166666667 0.030555555555555558 0.0078125 0.018518518518518517
0 0.6104166666666666 0.687962962962963 0.014583333333333334 0.031481481481481485
0 0.5502604166666667 0.40972222222222227 0.013020833333333334 0.028703703703703703
0 0.23567708333333334 0.06712962962962964 0.011979166666666666 0.019444444444444445
0 0.8044270833333333 0.9120370370370371 0.021354166666666667 0.037037037037037035
0 0.553125 0.07407407407407407 0.008333333333333333 0.018518518518518517
0 0.7359375 0.6129629629629629 0.016666666666666666 0.031481481481481485
0 0.57421875 0.06064814814814815 0.008854166666666666 0.017592592592592594
0 0.65 0.08657407407407408 0.010416666666666666 0.025
0 0.7635416666666667 0.8476851851851852 0.017708333333333333 0.03425925925925926
0 0.62734375 0.14953703703703705 0.008854166666666666 0.02314814814814815
0 0.5736979166666667 0.3027777777777778 0.013020833333333334 0.02962962962962963
0 0.6807291666666666 0.1953703703703704 0.0125 0.02777777777777778
0 0.8624999999999999 0.5037037037037038 0.015625 0.03333333333333333
0 0.69765625 0.6212962962962963 0.0140625 0.02962962962962963
0 0.012239583333333333 0.33842592592592596 0.0140625 0.025
0 0.64453125 0.2152777777777778 0.009895833333333333 0.021296296296296296
0 0.009375 0.3675925925925926 0.013541666666666667 0.022222222222222223
0 0.7309895833333333 0.962962962962963 0.022395833333333334 0.044444444444444446
0 0.6984375 0.9689814814814816 0.017708333333333333 0.03796296296296296
0 0.5606770833333333 0.3125 0.015104166666666667 0.030555555555555558
