0 0.6177083333333333 0.2449074074074074 0.011458333333333333 0.026851851851851852
0 0.26015625 0.08472222222222223 0.0109375 0.021296296296296296
0 0.7072916666666667 0.30092592592592593 0.013541666666666667 0.02962962962962963
0 0.6893229166666667 0.6106481481481482 0.0140625 0.028703703703703703
0 0.78515625 0.23750000000000002 0.0109375 0.025
0 0.5044270833333333 0.21481481481481482 0.008854166666666666 0.02592592592592593
0 0.5705729166666667 0.1712962962962963 0.008854166666666666 0.020370370370370372
0 0.5705729166666667 0.300462962962963 0.009895833333333333 0.02314814814814815
0 0.7286458333333333 0.19722222222222224 0.009375 0.022222222222222223
0 0.7666666666666666 0.6305555555555555 0.016666666666666666 0.031481481481481485
0 0.6216145833333333 0.7462962962962963 0.01614583333333333 0.03333333333333333
0 0.4786458333333333 0.39212962962962966 0.010416666666666666 0.026851851851851852
0 0.6388020833333333 0.3763888888888889 0.0109375 0.028703703703703703
0 0.12630208333333334 0.20555555555555557 0.0109375 0.018518518518518517
0 0.7434895833333334 0.6324074074074074 0.015104166666666667 0.031481481481481485
0 0.5630208333333333 0.611574074074074 0.013541666666666667 0.03425925925925926
0 0.5768229166666666 0.5398148148148149 0.0140625 0.02962962962962963
0 0.559375 0.03287037037037037 0.008333333333333333 0.017592592592592594
0 0.6190104166666667 0.10787037037037038 0.008854166666666666 0.021296296296296296
0 0.7377604166666667 0.7898148148148149 0.01614583333333333 0.037037037037037035
0 0.5111979166666667 0.37453703703703706 0.008854166666666666 0.025
0 0.71171875 0.1087962962962963 0.009895833333333333 0.021296296296296296
0 0.65 0.8712962962962963 0.017708333333333333 0.040740740740740744
0 0.66875 0.31527777777777777 0.011458333333333333 0.026851851851851852
0 0.79375 0.7763888888888889 0.015625 0.03425925925925926
0 0.028125 0.22222222222222224 0.011458333333333333 0.02592592592592593
0 0.20755208333333333 0.25925925925925924 0.013020833333333334 0.020370370370370372
0 0.9234375 0.7990740740740742 0.019791666666666666 0.037037037037037035
0 0.58515625 0.4 0.011979166666666666 0.02592592592592593
0 0.6528645833333333 0.24722222222222223 0.008854166666666666 0.024074074074074074
0 0.5971354166666667 0.14583333333333334 0.011979166666666666 0.032407407407407406
0 0.6739583333333333 0.16527777777777777 0.011458333333333333 0.026851851851851852
0 0.5669270833333333 0.41064814814814815 0.015104166666666667 0.028703703703703703
