0 0.26197916666666665 0.05925925925925926 0.010416666666666666 0.020370370370370372
0 0.7622395833333333 0.6074074074074074 0.01614583333333333 0.031481481481481485
0 0.6203125 0.712962962962963 0.016666666666666666 0.031481481481481485
0 0.7234375 0.1814814814814815 0.009375 0.020370370370370372
0 0.615625 0.21944444444444444 0.011458333333333333 0.02592592592592593
0 0.5106770833333333 0.3944444444444445 0.0109375 0.02777777777777778
0 0.5625 0.022222222222222223 0.009375 0.020370370370370372
0 0.7778645833333333 0.2125 0.0109375 0.025
0 0.7052083333333333 0.09074074074074075 0.010416666666666666 0.020370370370370372
0 0.4783854166666667 0.41111111111111115 0.009895833333333333 0.02777777777777778
0 0.50390625 0.22777777777777777 0.008854166666666666 0.02592592592592593
0 0.13359375 0.17546296296296296 0.009895833333333333 0.017592592592592594
0 0.5528645833333333 0.5800925925925926 0.013020833333333334 0.032407407407407406
0 0.5747395833333333 0.2828703703703704 0.009895833333333333 0.021296296296296296
0 0.5755208333333334 0.513888888888889 0.013541666666666667 0.02777777777777778
0 0.70859375 0.27546296296296297 0.0140625 0.028703703703703703
0 0.7403645833333333 0.6055555555555556 0.015104166666666667 0.031481481481481485
0 0.6369791666666667 0.3560185185185185 0.011458333333333333 0.028703703703703703
0 0.7315104166666666 0.7611111111111112 0.019270833333333334 0.02962962962962963
0 0.5958333333333333 0.13055555555555556 0.010416666666666666 0.03333333333333333
0 0.6869791666666667 0.5893518518518519 0.013541666666666667 0.030555555555555558
0 0.5690104166666666 0.14907407407407408 0.0078125 0.020370370370370372
0 0.64140625 0.8305555555555556 0.01614583333333333 0.037037037037037035
0 0.67109375 0.15 0.009895833333333333 0.024074074074074074
0 0.21458333333333332 0.2199074074074074 0.013541666666666667 0.021296296296296296
0 0.04348958333333333 0.1587962962962963 0.009895833333333333 0.025
0 0.6166666666666667 0.09166666666666667 0.008333333333333333 0.022222222222222223
0 0.9223958333333333 0.7625000000000001 0.016666666666666666 0.030555555555555558
0 0.584375 0.38101851851851853 0.0125 0.026851851851851852
0 0.6513020833333333 0.22916666666666669 0.0078125 0.017592592592592594
0 0.66640625 0.2962962962962963 0.0109375 0.020370370370370372
0 0.78359375 0.7490740740740741 0.015104166666666667 0.037037037037037035
0 0.8932291666666666 0.9773148148148149 0.01875 0.028703703703703703
0 0.5666666666666667 0.3976851851851852 0.014583333333333334 0.028703703703703703
