0 0.50390625 0.22175925925925927 0.008854166666666666 0.025
0 0.7247395833333333 0.18935185185185185 0.009895833333333333 0.021296296296296296
0 0.7802083333333333 0.22361111111111112 0.011458333333333333 0.025
0 0.6169270833333333 0.22870370370370371 0.011979166666666666 0.02592592592592593
0 0.6213541666666667 0.7263888888888889 0.015625 0.032407407407407406
0 0.26197916666666665 0.06944444444444445 0.010416666666666666 0.020370370370370372
0 0.4786458333333333 0.40185185185185185 0.010416666666666666 0.02777777777777778
0 0.7635416666666667 0.6180555555555556 0.016666666666666666 0.030555555555555558
0 0.7083333333333334 0.09953703703703703 0.009375 0.021296296296296296
0 0.6880208333333333 0.5986111111111111 0.013541666666666667 0.030555555555555558
0 0.5109375 0.38472222222222224 0.009375 0.026851851851851852
0 0.5552083333333333 0.5921296296296297 0.013541666666666667 0.032407407407407406
0 0.7083333333333334 0.2865740740740741 0.013541666666666667 0.028703703703703703
0 0.6369791666666667 0.36435185185185187 0.010416666666666666 0.026851851851851852
0 0.57578125 0.525462962962963 0.015104166666666667 0.028703703703703703
0 0.5609375 0.02777777777777778 0.008333333333333333 0.020370370370370372
0 0.13125 0.1865740740740741 0.010416666666666666 0.017592592592592594
0 0.7330729166666666 0.774537037037037 0.0203125 0.03425925925925926
0 0.9239583333333333 0.7842592592592593 0.01875 0.037037037037037035
0 0.7427083333333333 0.6152777777777778 0.015625 0.032407407407407406
0 0.57265625 0.2888888888888889 0.009895833333333333 0.022222222222222223
0 0.59609375 0.13564814814814816 0.009895833333333333 0.030555555555555558
0 0.6432291666666666 0.8458333333333333 0.015625 0.036111111111111115
0 0.5692708333333333 0.1574074074074074 0.007291666666666667 0.018518518518518517
0 0.21197916666666666 0.2337962962962963 0.013541666666666667 0.021296296296296296
0 0.6182291666666666 0.1 0.008333333333333333 0.022222222222222223
0 0.67265625 0.15601851851851853 0.009895833333333333 0.02314814814814815
0 0.58515625 0.38981481481481484 0.0109375 0.02777777777777778
0 0.7846354166666667 0.7606481481481482 0.0171875 0.03425925925925926
0 0.6520833333333333 0.23287037037037037 0.008333333333333333 0.019444444444444445
0 0.037760416666666664 0.18101851851851852 0.0109375 0.02314814814814815
0 0.6682291666666667 0.3037037037037037 0.014583333333333334 0.022222222222222223
0 0.5671875 0.39351851851851855 0.011458333333333333 0.020370370370370372
