0 0.6182291666666666 0.25925925925925924 0.011458333333333333 0.024074074074074074
0 0.7114583333333333 0.32407407407407407 0.014583333333333334 0.02777777777777778
0 0.7361979166666667 0.22083333333333335 0.009895833333333333 0.021296296296296296
0 0.796875 0.26203703703703707 0.011458333333333333 0.02592592592592593
0 0.6893229166666667 0.6421296296296296 0.0140625 0.030555555555555558
0 0.7744791666666666 0.6652777777777779 0.016666666666666666 0.030555555555555558
0 0.56875 0.3263888888888889 0.010416666666666666 0.02314814814814815
0 0.4796875 0.3625 0.010416666666666666 0.026851851851851852
0 0.5825520833333333 0.5689814814814815 0.015104166666666667 0.028703703703703703
0 0.11380208333333333 0.2388888888888889 0.0109375 0.018518518518518517
0 0.62578125 0.7805555555555556 0.0171875 0.03333333333333333
0 0.5106770833333333 0.3490740740740741 0.009895833333333333 0.02777777777777778
0 0.5041666666666667 0.19490740740740742 0.008333333333333333 0.02314814814814815
0 0.71640625 0.12361111111111112 0.009895833333333333 0.021296296296296296
0 0.7424479166666667 0.6578703703703704 0.0140625 0.030555555555555558
0 0.5611979166666666 0.055092592592592596 0.008854166666666666 0.019444444444444445
0 0.6713541666666667 0.34120370370370373 0.011458333333333333 0.026851851851851852
0 0.6744791666666666 0.1851851851851852 0.010416666666666666 0.02592592592592593
0 0.8039062499999999 0.8092592592592593 0.01614583333333333 0.03333333333333333
0 0.6447916666666667 0.4 0.011458333333333333 0.02777777777777778
0 0.5736979166666667 0.18842592592592594 0.008854166666666666 0.021296296296296296
0 0.9247395833333333 0.8101851851851852 0.019270833333333334 0.03518518518518519
0 0.7526041666666666 0.8226851851851852 0.016666666666666666 0.03796296296296296
0 0.20130208333333333 0.3078703703703704 0.011979166666666666 0.021296296296296296
0 0.5786458333333333 0.6430555555555556 0.013541666666666667 0.03425925925925926
0 0.6015625 0.1615740740740741 0.010416666666666666 0.025
0 0.6557291666666667 0.26157407407407407 0.009375 0.021296296296296296
0 0.584375 0.42083333333333334 0.0125 0.028703703703703703
0 0.25703125 0.11481481481481481 0.0109375 0.022222222222222223
0 0.66328125 0.9027777777777778 0.018229166666666668 0.040740740740740744
0 0.6221354166666666 0.12685185185185185 0.008854166666666666 0.020370370370370372
0 0.009895833333333333 0.30185185185185187 0.0125 0.02777777777777778
0 0.5713541666666666 0.4342592592592593 0.014583333333333334 0.024074074074074074
