0 0.6473958333333333 0.43333333333333335 0.0125 0.02592592592592593
0 0.47994791666666664 0.38842592592592595 0.009895833333333333 0.026851851851851852
0 0.5830729166666666 0.10092592592592593 0.009895833333333333 0.022222222222222223
0 0.7122395833333334 0.08472222222222223 0.008854166666666666 0.021296296296296296
0 0.8934895833333333 0.9444444444444445 0.019270833333333334 0.037037037037037035
0 0.6708333333333333 0.14953703703703705 0.010416666666666666 0.025
0 0.58125 0.5148148148148148 0.014583333333333334 0.02962962962962963
0 0.6083333333333333 0.22037037037037038 0.009375 0.02592592592592593
0 0.48671875 0.6453703703703704 0.011979166666666666 0.02962962962962963
0 0.6721354166666667 0.07083333333333333 0.008854166666666666 0.017592592592592594
0 0.6846354166666666 0.44722222222222224 0.013020833333333334 0.02592592592592593
0 0.5559895833333334 0.1587962962962963 0.008854166666666666 0.019444444444444445
0 0.5145833333333333 0.3925925925925926 0.011458333333333333 0.02777777777777778
0 0.7013020833333333 0.45 0.013020833333333334 0.02777777777777778
0 0.7028645833333333 0.7662037037037037 0.018229166666666668 0.03981481481481482
0 0.73671875 0.8296296296296297 0.0171875 0.03518518518518519
0 0.06666666666666667 0.1527777777777778 0.0125 0.022222222222222223
0 0.5932291666666667 0.6078703703703704 0.014583333333333334 0.028703703703703703
0 0.5255208333333333 0.612037037037037 0.0125 0.03518518518518519
0 0.7158854166666666 0.5393518518518519 0.015104166666666667 0.030555555555555558
0 0.6372395833333333 0.04537037037037037 0.008854166666666666 0.022222222222222223
0 0.8190104166666666 0.31157407407407406 0.011979166666666666 0.026851851851851852
0 0.5447916666666667 0.03981481481481482 0.007291666666666667 0.018518518518518517
0 0.6177083333333333 0.11111111111111112 0.010416666666666666 0.02592592592592593
0 0.7625 0.9518518518518518 0.02395833333333333 0.044444444444444446
0 0.5708333333333333 0.2625 0.010416666666666666 0.028703703703703703
0 0.6770833333333334 0.5467592592592593 0.0125 0.026851851851851852
0 0.06302083333333333 0.17592592592592593 0.011458333333333333 0.020370370370370372
0 0.5705729166666667 0.017592592592592594 0.009895833333333333 0.012962962962962964
0 0.6346354166666667 0.16805555555555557 0.008854166666666666 0.017592592592592594
0 0.5515625 0.2657407407407408 0.0125 0.022222222222222223
0 0.5455729166666666 0.35370370370370374 0.009895833333333333 0.020370370370370372
0 0.6875 0.8953703703703704 0.014583333333333334 0.03333333333333333
0 0.6752604166666667 0.9106481481481482 0.015104166666666667 0.04166666666666667
