0 0.48125 0.36574074074074076 0.010416666666666666 0.02777777777777778
0 0.7171875 0.10046296296296296 0.009375 0.021296296296296296
0 0.5809895833333333 0.5375 0.015104166666666667 0.030555555555555558
0 0.675 0.16203703703703703 0.011458333333333333 0.024074074074074074
0 0.67578125 0.08611111111111111 0.008854166666666666 0.018518518518518517
0 0.7169270833333333 0.788888888888889 0.019270833333333334 0.037037037037037035
0 0.6895833333333333 0.46111111111111114 0.0125 0.02592592592592593
0 0.58359375 0.11805555555555557 0.0109375 0.02314814814814815
0 0.61015625 0.23425925925925928 0.009895833333333333 0.02592592592592593
0 0.5557291666666666 0.1736111111111111 0.009375 0.019444444444444445
0 0.15390625 0.016203703703703703 0.008854166666666666 0.015740740740740743
0 0.7046875 0.46435185185185185 0.013541666666666667 0.026851851851851852
0 0.7549479166666666 0.8495370370370371 0.021354166666666667 0.036111111111111115
0 0.5177083333333333 0.5805555555555556 0.0125 0.02777777777777778
0 0.65390625 0.4481481481481482 0.013020833333333334 0.02777777777777778
0 0.48203124999999997 0.6143518518518519 0.011979166666666666 0.028703703703703703
0 0.05364583333333333 0.20740740740740743 0.011458333333333333 0.02592592592592593
0 0.5205729166666666 0.4152777777777778 0.011979166666666666 0.030555555555555558
0 0.5705729166666667 0.2712962962962963 0.009895833333333333 0.031481481481481485
0 0.5440104166666666 0.04722222222222222 0.0078125 0.016666666666666666
0 0.68515625 0.5708333333333333 0.013020833333333334 0.028703703703703703
0 0.5708333333333333 0.038425925925925926 0.009375 0.026851851851851852
0 0.7239583333333334 0.5648148148148149 0.014583333333333334 0.02962962962962963
0 0.6213541666666667 0.12407407407407407 0.009375 0.022222222222222223
0 0.6549479166666666 0.006944444444444445 0.008854166666666666 0.01388888888888889
0 0.6361979166666667 0.1824074074074074 0.009895833333333333 0.020370370370370372
0 0.5450520833333333 0.3592592592592593 0.01614583333333333 0.040740740740740744
0 0.23906249999999998 0.014814814814814815 0.010416666666666666 0.014814814814814815
0 0.8296875 0.36574074074074076 0.0125 0.02777777777777778
0 0.6010416666666667 0.6310185185185185 0.014583333333333334 0.032407407407407406
0 0.6416666666666666 0.059722222222222225 0.008333333333333333 0.021296296296296296
0 0.053385416666666664 0.23148148148148148 0.009895833333333333 0.020370370370370372
0 0.5903645833333333 0.010185185185185186 0.0078125 0.011111111111111112
0 0.5510416666666667 0.27592592592592596 0.011458333333333333 0.020370370370370372
0 0.69921875 0.9125000000000001 0.01614583333333333 0.030555555555555558
0 0.678125 0.9259259259259259 0.020833333333333332 0.044444444444444446
