0 0.6455729166666666 0.07222222222222223 0.009895833333333333 0.024074074074074074
0 0.32317708333333334 0.8166666666666667 0.01614583333333333 0.03518518518518519
0 0.9369791666666667 0.8074074074074075 0.01875 0.03888888888888889
0 0.56171875 0.40370370370370373 0.013020833333333334 0.02777777777777778
0 0.47890625 0.27083333333333337 0.0109375 0.026851851851851852
0 0.49296875 0.5171296296296296 0.011979166666666666 0.030555555555555558
0 0.8122395833333333 0.6842592592592592 0.0140625 0.031481481481481485
0 0.6546875 0.3523148148148148 0.011458333333333333 0.025
0 0.6669270833333333 0.3550925925925926 0.011979166666666666 0.026851851851851852
0 0.5278645833333333 0.26481481481481484 0.0109375 0.024074074074074074
0 0.55703125 0.18333333333333335 0.009895833333333333 0.02777777777777778
0 0.6278645833333333 0.3421296296296296 0.0109375 0.026851851851851852
0 0.19895833333333332 0.649537037037037 0.015625 0.032407407407407406
0 0.5481770833333334 0.8074074074074075 0.0140625 0.037037037037037035
0 0.7638020833333333 0.08750000000000001 0.0109375 0.02314814814814815
0 0.6356770833333333 0.008333333333333333 0.0078125 0.014814814814814815
0 0.5903645833333333 0.6240740740740741 0.0140625 0.031481481481481485
0 0.5497395833333333 0.08287037037037037 0.008854166666666666 0.019444444444444445
0 0.678125 0.007870370370370371 0.009375 0.015740740740740743
0 0.6627604166666666 0.8120370370370371 0.01614583333333333 0.03888888888888889
0 0.6166666666666667 0.08935185185185185 0.008333333333333333 0.025
0 0.20234375 0.6981481481481482 0.015104166666666667 0.03333333333333333
0 0.51484375 0.8550925925925926 0.013020833333333334 0.030555555555555558
0 0.5838541666666667 0.14120370370370372 0.008333333333333333 0.02314814814814815
0 0.9291666666666667 0.9518518518518518 0.017708333333333333 0.040740740740740744
0 0.565625 0.031481481481481485 0.009375 0.022222222222222223
0 0.62109375 0.6800925925925926 0.0203125 0.03796296296296296
0 0.5388020833333333 0.1953703703703704 0.0109375 0.02777777777777778
0 0.7075520833333333 0.7773148148148148 0.021354166666666667 0.036111111111111115
0 0.015364583333333333 0.15694444444444444 0.0140625 0.026851851851851852
0 0.0234375 0.030555555555555558 0.011458333333333333 0.020370370370370372
0 0.5682291666666667 0.48333333333333334 0.0125 0.020370370370370372
0 0.64375 0.4412037037037037 0.0125 0.019444444444444445
0 0.6846354166666666 0.4217592592592593 0.009895833333333333 0.015740740740740743
0 0.59453125 0.043055555555555555 0.0109375 0.019444444444444445
0 0.7505208333333333 0.850462962962963 0.014583333333333334 0.03981481481481482
