0 0.6557291666666667 0.09490740740740741 0.0125 0.025
0 0.8354166666666667 0.7666666666666667 0.015625 0.03333333333333333
0 0.5658854166666667 0.44074074074074077 0.0140625 0.02777777777777778
0 0.63671875 0.37083333333333335 0.011979166666666666 0.025
0 0.4901041666666667 0.3106481481481482 0.010416666666666666 0.026851851851851852
0 0.31953125 0.9152777777777779 0.0171875 0.03796296296296296
0 0.6609375 0.3856481481481482 0.011458333333333333 0.025
0 0.6950520833333333 0.02962962962962963 0.008854166666666666 0.020370370370370372
0 0.4864583333333333 0.4671296296296297 0.010416666666666666 0.026851851851851852
0 0.9481770833333333 0.875925925925926 0.0203125 0.03888888888888889
0 0.6348958333333333 0.6680555555555556 0.016666666666666666 0.03425925925925926
0 0.65078125 0.02777777777777778 0.0078125 0.016666666666666666
0 0.59296875 0.1675925925925926 0.008854166666666666 0.022222222222222223
0 0.5049479166666666 0.775 0.013020833333333334 0.03333333333333333
0 0.7223958333333333 0.8337962962962964 0.02395833333333333 0.04166666666666667
0 0.5432291666666667 0.7296296296296296 0.014583333333333334 0.03518518518518519
0 0.53671875 0.29305555555555557 0.0109375 0.025
0 0.17682291666666666 0.9467592592592593 0.019270833333333334 0.036111111111111115
0 0.6776041666666667 0.3856481481481482 0.0125 0.026851851851851852
0 0.6630208333333333 0.736574074074074 0.017708333333333333 0.030555555555555558
0 0.17682291666666666 0.8819444444444445 0.018229166666666668 0.03796296296296296
0 0.5552083333333333 0.1087962962962963 0.008333333333333333 0.019444444444444445
0 0.5752604166666666 0.05416666666666667 0.009895833333333333 0.02314814814814815
0 0.6729166666666666 0.8467592592592593 0.016666666666666666 0.036111111111111115
0 0.008854166666666666 0.1175925925925926 0.013541666666666667 0.024074074074074074
0 0.7856770833333333 0.15185185185185185 0.0109375 0.02592592592592593
0 0.5791666666666666 0.5259259259259259 0.013541666666666667 0.02777777777777778
0 0.69453125 0.45972222222222225 0.0140625 0.028703703703703703
0 0.6536458333333334 0.47175925925925927 0.013541666666666667 0.030555555555555558
0 0.08958333333333333 0.011574074074074075 0.007291666666666667 0.01388888888888889
0 0.5463541666666667 0.21851851851851853 0.011458333333333333 0.02592592592592593
0 0.5625 0.2064814814814815 0.011458333333333333 0.024074074074074074
0 0.6028645833333334 0.0625 0.009895833333333333 0.019444444444444445
0 0.6247395833333333 0.11666666666666667 0.0109375 0.024074074074074074
0 0.6208333333333333 0.009722222222222222 0.00625 0.015740740740740743
0 0.76640625 0.9212962962962963 0.0234375 0.044444444444444446
