0 0.5557291666666666 0.38981481481481484 0.0125 0.02592592592592593
0 0.9263020833333333 0.7819444444444444 0.019270833333333334 0.03796296296296296
0 0.32395833333333335 0.7694444444444445 0.015625 0.037037037037037035
0 0.6455729166666666 0.06018518518518519 0.0109375 0.024074074074074074
0 0.47239583333333335 0.2587962962962963 0.011458333333333333 0.026851851851851852
0 0.49166666666666664 0.5439814814814815 0.011458333333333333 0.030555555555555558
0 0.8080729166666667 0.6467592592592593 0.013020833333333334 0.030555555555555558
0 0.6260416666666666 0.33055555555555555 0.011458333333333333 0.024074074074074074
0 0.6489583333333333 0.3402777777777778 0.011458333333333333 0.025
0 0.5677083333333334 0.46481481481481485 0.0125 0.02777777777777778
0 0.5622395833333333 0.019444444444444445 0.009895833333333333 0.022222222222222223
0 0.5263020833333333 0.2518518518518519 0.013020833333333334 0.02592592592592593
0 0.5221354166666666 0.9037037037037038 0.01614583333333333 0.04259259259259259
0 0.203125 0.5662037037037038 0.016666666666666666 0.032407407407407406
0 0.5541666666666667 0.8486111111111111 0.017708333333333333 0.04722222222222222
0 0.20859375 0.6083333333333334 0.0140625 0.031481481481481485
0 0.5752604166666666 0.6041666666666667 0.015104166666666667 0.032407407407407406
0 0.9143229166666667 0.9064814814814816 0.0171875 0.040740740740740744
0 0.60625 0.6564814814814816 0.01875 0.037037037037037035
0 0.6578125 0.7842592592592593 0.015625 0.040740740740740744
0 0.5533854166666666 0.1763888888888889 0.009895833333333333 0.026851851851851852
0 0.5783854166666667 0.12824074074074074 0.0078125 0.019444444444444445
0 0.55078125 0.07361111111111111 0.0078125 0.019444444444444445
0 0.6979166666666666 0.75 0.020833333333333332 0.037037037037037035
0 0.6627604166666666 0.3453703703703704 0.011979166666666666 0.024074074074074074
0 0.5864583333333333 0.03333333333333333 0.009375 0.016666666666666666
0 0.7544270833333333 0.06712962962962964 0.0109375 0.025
0 0.6796875 0.40555555555555556 0.013541666666666667 0.02592592592592593
0 0.5359375 0.18703703703703706 0.011458333333333333 0.02962962962962963
0 0.6411458333333333 0.4217592592592593 0.013541666666666667 0.028703703703703703
0 0.03333333333333333 0.11296296296296297 0.011458333333333333 0.022222222222222223
0 0.6127604166666667 0.08148148148148149 0.009895833333333333 0.020370370370370372
0 0.7432291666666666 0.8226851851851852 0.01875 0.028703703703703703
