0 0.6263020833333334 0.33287037037037037 0.011979166666666666 0.025
0 0.6453125 0.06296296296296297 0.010416666666666666 0.022222222222222223
0 0.32317708333333334 0.775462962962963 0.01614583333333333 0.03796296296296296
0 0.80859375 0.6523148148148148 0.015104166666666667 0.032407407407407406
0 0.4731770833333333 0.26203703703703707 0.011979166666666666 0.02777777777777778
0 0.9278645833333333 0.7856481481481482 0.019270833333333334 0.03796296296296296
0 0.65 0.3421296296296296 0.011458333333333333 0.025
0 0.75546875 0.07083333333333333 0.0109375 0.025
0 0.4921875 0.5412037037037037 0.011458333333333333 0.028703703703703703
0 0.5205729166666666 0.8949074074074075 0.015104166666666667 0.03796296296296296
0 0.57890625 0.13055555555555556 0.008854166666666666 0.024074074074074074
0 0.5541666666666667 0.8421296296296297 0.01875 0.04722222222222222
0 0.5622395833333333 0.019444444444444445 0.009895833333333333 0.022222222222222223
0 0.20781249999999998 0.6199074074074075 0.014583333333333334 0.028703703703703703
0 0.56796875 0.4689814814814815 0.011979166666666666 0.026851851851851852
0 0.5565104166666667 0.39166666666666666 0.011979166666666666 0.02592592592592593
0 0.6598958333333333 0.7861111111111111 0.016666666666666666 0.040740740740740744
0 0.91640625 0.9171296296296296 0.0171875 0.036111111111111115
0 0.578125 0.6078703703703704 0.014583333333333334 0.032407407407407406
0 0.5533854166666666 0.17500000000000002 0.0109375 0.02962962962962963
0 0.55078125 0.075 0.0078125 0.018518518518518517
0 0.20234375 0.5768518518518518 0.015104166666666667 0.02962962962962963
0 0.6994791666666667 0.7523148148148149 0.020833333333333332 0.03796296296296296
0 0.5270833333333333 0.25 0.011458333333333333 0.02962962962962963
0 0.6088541666666667 0.6587962962962963 0.01875 0.03425925925925926
0 0.5359375 0.18796296296296297 0.011458333333333333 0.02962962962962963
0 0.5869791666666666 0.03425925925925926 0.008333333333333333 0.014814814814814815
0 0.6145833333333334 0.08148148148148149 0.008333333333333333 0.020370370370370372
0 0.64296875 0.4217592592592593 0.015104166666666667 0.028703703703703703
0 0.66328125 0.3458333333333333 0.011979166666666666 0.02314814814814815
0 0.6802083333333333 0.40694444444444444 0.0125 0.026851851851851852
0 0.7411458333333333 0.826388888888889 0.019791666666666666 0.03425925925925926
0 0.03125 0.0125 0.0125 0.019444444444444445
0 0.03177083333333333 0.11898148148148148 0.011458333333333333 0.030555555555555558
