0 0.32526041666666666 0.7537037037037038 0.015104166666666667 0.037037037037037035
0 0.9197916666666667 0.7703703703703704 0.01875 0.03888888888888889
0 0.6450520833333333 0.05601851851851852 0.0109375 0.021296296296296296
0 0.4901041666666667 0.5523148148148148 0.011458333333333333 0.028703703703703703
0 0.52578125 0.9203703703703704 0.0171875 0.044444444444444446
0 0.6255208333333333 0.325 0.011458333333333333 0.024074074074074074
0 0.8033854166666666 0.6305555555555555 0.013020833333333334 0.02962962962962963
0 0.46901041666666665 0.25092592592592594 0.0109375 0.02592592592592593
0 0.5528645833333333 0.3814814814814815 0.013020833333333334 0.02777777777777778
0 0.5578125 0.8652777777777778 0.017708333333333333 0.04166666666666667
0 0.5614583333333333 0.01712962962962963 0.009375 0.021296296296296296
0 0.52421875 0.24953703703703706 0.0109375 0.025
0 0.55 0.06851851851851852 0.008333333333333333 0.020370370370370372
0 0.64609375 0.3351851851851852 0.011979166666666666 0.02592592592592593
0 0.5703125 0.5953703703703704 0.014583333333333334 0.03333333333333333
0 0.20963541666666666 0.5722222222222223 0.013020833333333334 0.031481481481481485
0 0.6546875 0.7722222222222223 0.014583333333333334 0.03888888888888889
0 0.6768229166666666 0.40185185185185185 0.0140625 0.02777777777777778
0 0.2046875 0.5314814814814816 0.014583333333333334 0.031481481481481485
0 0.5765625 0.12407407407407407 0.008333333333333333 0.022222222222222223
0 0.66015625 0.3416666666666667 0.011979166666666666 0.02592592592592593
0 0.6953125 0.737962962962963 0.020833333333333332 0.037037037037037035
0 0.6005208333333333 0.6467592592592593 0.01875 0.032407407407407406
0 0.5341145833333333 0.18935185185185185 0.013020833333333334 0.03796296296296296
0 0.565625 0.45601851851851855 0.0125 0.030555555555555558
0 0.7505208333333333 0.0587962962962963 0.010416666666666666 0.02314814814814815
0 0.5502604166666667 0.17222222222222222 0.009895833333333333 0.02777777777777778
0 0.6377604166666666 0.4138888888888889 0.015104166666666667 0.03333333333333333
0 0.7372395833333333 0.8092592592592593 0.0203125 0.03518518518518519
0 0.6127604166666667 0.07731481481481482 0.009895833333333333 0.021296296296296296
0 0.0421875 0.09814814814814815 0.011458333333333333 0.03333333333333333
0 0.5861979166666667 0.03194444444444445 0.009895833333333333 0.019444444444444445
0 0.9088541666666666 0.8967592592592593 0.019791666666666666 0.030555555555555558
