0 0.36015625 0.0462962962962963 0.0140625 0.031481481481481485
0 0.41328125 0.010185185185185186 0.013020833333333334 0.018518518518518517
0 0.4328125 0.012037037037037037 0.011458333333333333 0.024074074074074074
0 0.46640624999999997 0.020833333333333336 0.015104166666666667 0.028703703703703703
0 0.47109375 0.051388888888888894 0.0109375 0.021296296296296296
0 0.5010416666666666 0.03935185185185185 0.009375 0.030555555555555558
0 0.5088541666666666 0.031481481481481485 0.007291666666666667 0.02962962962962963
0 0.5416666666666666 0.06944444444444445 0.011458333333333333 0.031481481481481485
0 0.5684895833333333 0.04351851851851852 0.0109375 0.022222222222222223
0 0.60859375 0.058333333333333334 0.0140625 0.02592592592592593
0 0.62734375 0.06527777777777778 0.0171875 0.036111111111111115
0 0.6677083333333333 0.03657407407407408 0.020833333333333332 0.032407407407407406
0 0.6861979166666666 0.07777777777777778 0.009895833333333333 0.02777777777777778
0 0.4471354166666667 0.2967592592592593 0.01614583333333333 0.028703703703703703
0 0.5950520833333334 0.3625 0.019270833333333334 0.028703703703703703
0 0.6450520833333333 0.3462962962962963 0.018229166666666668 0.03518518518518519
0 0.7044270833333334 0.3143518518518519 0.015104166666666667 0.030555555555555558
0 0.7549479166666666 0.5356481481481482 0.018229166666666668 0.036111111111111115
