0 0.43307291666666664 0.010185185185185186 0.0109375 0.020370370370370372
0 0.4653645833333333 0.021296296296296296 0.01614583333333333 0.031481481481481485
0 0.3609375 0.04953703703703704 0.01875 0.036111111111111115
0 0.41171874999999997 0.007870370370370371 0.009895833333333333 0.015740740740740743
0 0.4708333333333333 0.052314814814814814 0.009375 0.019444444444444445
0 0.5427083333333333 0.06898148148148149 0.013541666666666667 0.032407407407407406
0 0.5669270833333333 0.03333333333333333 0.01614583333333333 0.02962962962962963
0 0.6049479166666667 0.04814814814814815 0.015104166666666667 0.02962962962962963
0 0.62421875 0.059722222222222225 0.015104166666666667 0.04166666666666667
0 0.6489583333333333 0.01388888888888889 0.016666666666666666 0.02777777777777778
0 0.6713541666666667 0.04398148148148148 0.015625 0.036111111111111115
0 0.6888020833333334 0.07731481481481482 0.013020833333333334 0.03425925925925926
0 0.7018229166666666 0.30648148148148147 0.018229166666666668 0.040740740740740744
0 0.6442708333333333 0.33981481481481485 0.019791666666666666 0.03518518518518519
0 0.59453125 0.3731481481481482 0.01614583333333333 0.037037037037037035
0 0.4466145833333333 0.29074074074074074 0.0171875 0.03333333333333333
0 0.7526041666666666 0.5314814814814816 0.016666666666666666 0.03888888888888889
0 0.5002604166666667 0.04861111111111111 0.013020833333333334 0.028703703703703703
0 0.51171875 0.027314814814814816 0.015104166666666667 0.036111111111111115
