0 0.4140625 0.017592592592592594 0.015625 0.02962962962962963
0 0.4359375 0.019444444444444445 0.015625 0.02592592592592593
0 0.46796875 0.019444444444444445 0.015104166666666667 0.037037037037037035
0 0.49192708333333335 0.013425925925925926 0.0171875 0.026851851851851852
0 0.6580729166666667 0.01388888888888889 0.01614583333333333 0.024074074074074074
0 0.67265625 0.05092592592592593 0.015104166666666667 0.03333333333333333
0 0.6380208333333334 0.08750000000000001 0.016666666666666666 0.03981481481481482
0 0.6192708333333333 0.07546296296296297 0.0125 0.028703703703703703
0 0.5736979166666667 0.06574074074074074 0.013020833333333334 0.02592592592592593
0 0.54921875 0.10046296296296296 0.01614583333333333 0.030555555555555558
0 0.37057291666666664 0.09814814814814815 0.0171875 0.031481481481481485
0 0.4473958333333333 0.3314814814814815 0.01875 0.044444444444444446
0 0.5760416666666667 0.3023148148148148 0.015625 0.03796296296296296
0 0.6515625 0.39166666666666666 0.01875 0.044444444444444446
0 0.7229166666666667 0.38333333333333336 0.019791666666666666 0.03888888888888889
0 0.7739583333333333 0.6231481481481481 0.020833333333333332 0.044444444444444446
