0 0.4791666666666667 0.09351851851851853 0.010416666666666666 0.018518518518518517
0 0.49921875 0.14027777777777778 0.0078125 0.017592592592592594
0 0.5390625 0.11388888888888889 0.007291666666666667 0.012962962962962964
0 0.5421875 0.13240740740740742 0.011458333333333333 0.020370370370370372
0 0.54140625 0.007870370370370371 0.0078125 0.015740740740740743
0 0.6442708333333333 0.1287037037037037 0.0125 0.020370370370370372
0 0.6955729166666667 0.08009259259259259 0.009895833333333333 0.017592592592592594
0 0.7072916666666667 0.12222222222222223 0.010416666666666666 0.020370370370370372
0 0.7296875 0.17546296296296296 0.011458333333333333 0.025
0 0.6276041666666666 0.21296296296296297 0.013541666666666667 0.024074074074074074
0 0.44947916666666665 0.18564814814814815 0.011458333333333333 0.017592592592592594
0 0.7104166666666667 0.33611111111111114 0.011458333333333333 0.020370370370370372
0 0.68828125 0.5342592592592593 0.015104166666666667 0.031481481481481485
