0 0.35651041666666666 0.03287037037037037 0.01614583333333333 0.025
0 0.4661458333333333 0.02777777777777778 0.011458333333333333 0.024074074074074074
0 0.47213541666666664 0.061111111111111116 0.011979166666666666 0.02777777777777778
0 0.4328125 0.010648148148148148 0.011458333333333333 0.015740740740740743
0 0.5059895833333333 0.049074074074074076 0.0078125 0.02592592592592593
0 0.5135416666666667 0.04351851851851852 0.00625 0.022222222222222223
0 0.5424479166666667 0.06620370370370371 0.0109375 0.026851851851851852
0 0.5666666666666667 0.03194444444444445 0.010416666666666666 0.030555555555555558
0 0.6036458333333333 0.043055555555555555 0.010416666666666666 0.028703703703703703
0 0.6216145833333333 0.05 0.01614583333333333 0.037037037037037035
0 0.653125 0.018518518518518517 0.011458333333333333 0.03333333333333333
0 0.6729166666666666 0.05092592592592593 0.013541666666666667 0.03333333333333333
0 0.6924479166666666 0.08611111111111111 0.008854166666666666 0.02962962962962963
0 0.4466145833333333 0.28564814814814815 0.0171875 0.03796296296296296
0 0.6018229166666667 0.38842592592592595 0.015104166666666667 0.032407407407407406
0 0.6432291666666666 0.32685185185185184 0.017708333333333333 0.03888888888888889
0 0.69609375 0.287962962962963 0.015104166666666667 0.040740740740740744
0 0.7481770833333333 0.5157407407407407 0.01614583333333333 0.03888888888888889
