0 0.4145833333333333 0.008796296296296297 0.014583333333333334 0.017592592592592594
0 0.4317708333333333 0.0125 0.015625 0.02314814814814815
0 0.46328125 0.014351851851851852 0.011979166666666666 0.02314814814814815
0 0.4713541666666667 0.04212962962962963 0.009375 0.021296296296296296
0 0.49557291666666664 0.028703703703703703 0.011979166666666666 0.024074074074074074
0 0.50546875 0.01898148148148148 0.008854166666666666 0.025
0 0.5421875 0.07777777777777778 0.010416666666666666 0.024074074074074074
0 0.57109375 0.04953703703703704 0.011979166666666666 0.028703703703703703
0 0.6127604166666667 0.061111111111111116 0.0140625 0.02962962962962963
0 0.6315104166666666 0.06064814814814815 0.011979166666666666 0.030555555555555558
0 0.6653645833333334 0.025 0.013020833333333334 0.02592592592592593
0 0.6825520833333333 0.06527777777777778 0.013020833333333334 0.036111111111111115
0 0.3625 0.06527777777777778 0.014583333333333334 0.028703703703703703
0 0.44687499999999997 0.30972222222222223 0.016666666666666666 0.032407407407407406
0 0.5869791666666666 0.33611111111111114 0.014583333333333334 0.02962962962962963
0 0.6466145833333333 0.36064814814814816 0.0171875 0.03796296296296296
0 0.7122395833333334 0.3365740740740741 0.015104166666666667 0.032407407407407406
0 0.75859375 0.563425925925926 0.018229166666666668 0.04351851851851852
