0 0.36875 0.1 0.011458333333333333 0.022222222222222223
0 0.4166666666666667 0.013425925925925926 0.009375 0.015740740740740743
0 0.43697916666666664 0.014814814814814815 0.009375 0.018518518518518517
0 0.46510416666666665 0.014814814814814815 0.009375 0.016666666666666666
0 0.4473958333333333 0.3277777777777778 0.0125 0.022222222222222223
0 0.5721354166666667 0.2962962962962963 0.011979166666666666 0.018518518518518517
0 0.5484375 0.09907407407407408 0.008333333333333333 0.018518518518518517
0 0.5721354166666667 0.06296296296296297 0.009895833333333333 0.020370370370370372
0 0.6184895833333334 0.07777777777777778 0.009895833333333333 0.018518518518518517
0 0.6380208333333334 0.07777777777777778 0.009375 0.018518518518518517
0 0.6557291666666667 0.009259259259259259 0.010416666666666666 0.018518518518518517
0 0.6723958333333333 0.04398148148148148 0.010416666666666666 0.02314814814814815
0 0.6518229166666667 0.3893518518518519 0.013020833333333334 0.02314814814814815
0 0.72421875 0.38796296296296295 0.01614583333333333 0.02962962962962963
0 0.77578125 0.6291666666666667 0.01614583333333333 0.028703703703703703
0 0.49296875 0.010648148148148148 0.009895833333333333 0.019444444444444445
