0 0.4778645833333333 0.08796296296296297 0.0109375 0.016666666666666666
0 0.5427083333333333 0.010185185185185186 0.008333333333333333 0.014814814814814815
0 0.53671875 0.09861111111111112 0.0109375 0.01388888888888889
0 0.5361979166666666 0.11435185185185186 0.0109375 0.019444444444444445
0 0.49947916666666664 0.12268518518518519 0.008333333333333333 0.02314814814814815
0 0.44921875 0.19490740740740742 0.011979166666666666 0.019444444444444445
0 0.6924479166666666 0.06712962962962964 0.009895833333333333 0.02314814814814815
0 0.6486979166666667 0.14537037037037037 0.0109375 0.018518518518518517
0 0.6283854166666667 0.2240740740740741 0.008854166666666666 0.018518518518518517
0 0.7015625 0.11157407407407408 0.008333333333333333 0.019444444444444445
0 0.7252604166666666 0.16064814814814815 0.009895833333333333 0.021296296296296296
0 0.7114583333333333 0.3527777777777778 0.0125 0.020370370370370372
0 0.6760416666666667 0.513425925925926 0.011458333333333333 0.02314814814814815
