0 0.41510416666666666 0.013425925925925926 0.017708333333333333 0.02314814814814815
0 0.43776041666666665 0.01898148148148148 0.0140625 0.028703703703703703
0 0.46328125 0.01388888888888889 0.013020833333333334 0.024074074074074074
0 0.49114583333333334 0.010185185185185186 0.013541666666666667 0.018518518518518517
0 0.65390625 0.012037037037037037 0.015104166666666667 0.024074074074074074
0 0.6703125 0.04120370370370371 0.016666666666666666 0.028703703703703703
0 0.5471354166666667 0.10324074074074074 0.015104166666666667 0.02314814814814815
0 0.5708333333333333 0.06666666666666667 0.014583333333333334 0.02592592592592593
0 0.6203125 0.0837962962962963 0.014583333333333334 0.028703703703703703
0 0.6411458333333333 0.09074074074074075 0.017708333333333333 0.03518518518518519
0 0.3677083333333333 0.10648148148148148 0.017708333333333333 0.02962962962962963
0 0.56953125 0.2916666666666667 0.0171875 0.03333333333333333
0 0.4479166666666667 0.3375 0.019791666666666666 0.03425925925925926
0 0.6518229166666667 0.3976851851851852 0.022395833333333334 0.04537037037037037
0 0.7283854166666667 0.40185185185185185 0.021354166666666667 0.040740740740740744
0 0.7796875 0.6453703703703704 0.022916666666666665 0.040740740740740744
