0 0.359375 0.04398148148148148 0.010416666666666666 0.017592592592592594
0 0.465625 0.025462962962962965 0.009375 0.017592592592592594
0 0.47239583333333335 0.05555555555555556 0.009375 0.018518518518518517
0 0.5033854166666667 0.04583333333333334 0.009895833333333333 0.019444444444444445
0 0.5424479166666667 0.06851851851851852 0.008854166666666666 0.016666666666666666
0 0.5666666666666667 0.03287037037037037 0.010416666666666666 0.021296296296296296
0 0.6049479166666667 0.05 0.009895833333333333 0.020370370370370372
0 0.6213541666666667 0.049074074074074076 0.010416666666666666 0.018518518518518517
0 0.6518229166666667 0.010648148148148148 0.009895833333333333 0.019444444444444445
0 0.6705729166666666 0.04120370370370371 0.008854166666666666 0.019444444444444445
0 0.6893229166666667 0.08425925925925926 0.013020833333333334 0.022222222222222223
0 0.44687499999999997 0.28611111111111115 0.0125 0.020370370370370372
0 0.5979166666666667 0.37777777777777777 0.0125 0.022222222222222223
0 0.64375 0.3282407407407408 0.015625 0.025
0 0.6989583333333333 0.2967592592592593 0.0125 0.025
0 0.7510416666666666 0.5231481481481481 0.015625 0.024074074074074074
0 0.43359375 0.009722222222222222 0.011979166666666666 0.019444444444444445
