0 0.38255208333333335 0.010185185185185186 0.009895833333333333 0.014814814814814815
0 0.4596354166666667 0.011574074074074075 0.015104166666666667 0.017592592592592594
0 0.48671875 0.010185185185185186 0.009895833333333333 0.014814814814814815
0 0.48828125 0.12083333333333333 0.009895833333333333 0.017592592592592594
0 0.45416666666666666 0.17083333333333334 0.011458333333333333 0.017592592592592594
0 0.5072916666666667 0.16435185185185186 0.011458333333333333 0.02314814814814815
0 0.54609375 0.13564814814814816 0.009895833333333333 0.02314814814814815
0 0.5536458333333333 0.15462962962962964 0.008333333333333333 0.020370370370370372
0 0.6317708333333333 0.09675925925925927 0.008333333333333333 0.017592592592592594
0 0.7041666666666666 0.10740740740740741 0.011458333333333333 0.014814814814814815
0 0.7125 0.14537037037037037 0.011458333333333333 0.020370370370370372
0 0.7359375 0.19953703703703704 0.011458333333333333 0.02314814814814815
0 0.6234375 0.1953703703703704 0.011458333333333333 0.020370370370370372
0 0.6986979166666667 0.3074074074074074 0.013020833333333334 0.020370370370370372
0 0.71640625 0.5699074074074074 0.015104166666666667 0.026851851851851852
