0 0.37734375 0.04212962962962963 0.013020833333333334 0.02314814814814815
0 0.40911458333333334 0.030092592592592594 0.013020833333333334 0.02314814814814815
0 0.4705729166666667 0.03657407407407408 0.0171875 0.026851851851851852
0 0.4940104166666667 0.04722222222222222 0.013020833333333334 0.018518518518518517
0 0.45468749999999997 0.11944444444444445 0.010416666666666666 0.018518518518518517
0 0.50390625 0.17083333333333334 0.015104166666666667 0.02314814814814815
0 0.5973958333333333 0.036111111111111115 0.010416666666666666 0.018518518518518517
0 0.6091145833333333 0.1476851851851852 0.013020833333333334 0.02314814814814815
0 0.57109375 0.19814814814814816 0.013020833333333334 0.018518518518518517
0 0.5283854166666666 0.22870370370370371 0.013020833333333334 0.018518518518518517
0 0.5731770833333333 0.2212962962962963 0.013020833333333334 0.018518518518518517
0 0.6794270833333333 0.23101851851851854 0.013020833333333334 0.02314814814814815
0 0.72421875 0.16111111111111112 0.013020833333333334 0.018518518518518517
0 0.7372395833333333 0.2050925925925926 0.013020833333333334 0.02314814814814815
0 0.7518229166666667 0.274537037037037 0.0171875 0.03425925925925926
0 0.7872395833333333 0.6893518518518519 0.019270833333333334 0.030555555555555558
