0 0.3841145833333333 0.008796296296296297 0.009895833333333333 0.012037037037037037
0 0.4588541666666667 0.008796296296296297 0.016666666666666666 0.012037037037037037
0 0.48515625 0.11435185185185186 0.009895833333333333 0.017592592592592594
0 0.45260416666666664 0.16944444444444445 0.008333333333333333 0.014814814814814815
0 0.5049479166666666 0.1574074074074074 0.009895833333333333 0.020370370370370372
0 0.54375 0.12638888888888888 0.008333333333333333 0.017592592592592594
0 0.5513020833333333 0.14537037037037037 0.009895833333333333 0.020370370370370372
0 0.6348958333333333 0.1087962962962963 0.011458333333333333 0.02314814814814815
0 0.7018229166666666 0.0925925925925926 0.009895833333333333 0.020370370370370372
0 0.709375 0.14305555555555557 0.011458333333333333 0.026851851851851852
0 0.7359375 0.1953703703703704 0.011458333333333333 0.020370370370370372
0 0.62265625 0.19398148148148148 0.013020833333333334 0.017592592592592594
0 0.7018229166666666 0.31527777777777777 0.009895833333333333 0.017592592592592594
0 0.7104166666666667 0.5662037037037038 0.016666666666666666 0.032407407407407406
