0 0.3833333333333333 0.020833333333333336 0.011458333333333333 0.017592592592592594
0 0.40234375 0.008796296296296297 0.009895833333333333 0.012037037037037037
0 0.46328125 0.019444444444444445 0.013020833333333334 0.020370370370370372
0 0.490625 0.019444444444444445 0.011458333333333333 0.020370370370370372
0 0.6166666666666667 0.075 0.011458333333333333 0.020370370370370372
0 0.45338541666666665 0.15601851851851853 0.009895833333333333 0.017592592592592594
0 0.4934895833333333 0.1425925925925926 0.009895833333333333 0.020370370370370372
0 0.5140625 0.18842592592592594 0.011458333333333333 0.02314814814814815
0 0.5565104166666667 0.1587962962962963 0.009895833333333333 0.012037037037037037
0 0.5596354166666666 0.17777777777777778 0.009895833333333333 0.020370370370370372
0 0.6182291666666666 0.1763888888888889 0.011458333333333333 0.02314814814814815
0 0.7125 0.1328703703703704 0.011458333333333333 0.017592592592592594
0 0.7208333333333333 0.1736111111111111 0.011458333333333333 0.017592592592592594
0 0.7419270833333333 0.22916666666666669 0.009895833333333333 0.02314814814814815
0 0.6927083333333334 0.2777777777777778 0.008333333333333333 0.014814814814814815
0 0.7416666666666667 0.6185185185185186 0.016666666666666666 0.02962962962962963
