0 0.37916666666666665 0.03981481481481482 0.008333333333333333 0.018518518518518517
0 0.4046875 0.022222222222222223 0.008333333333333333 0.014814814814814815
0 0.4671875 0.032407407407407406 0.010416666666666666 0.018518518518518517
0 0.4942708333333333 0.03981481481481482 0.008333333333333333 0.018518518518518517
0 0.45260416666666664 0.13425925925925927 0.010416666666666666 0.018518518518518517
0 0.5015625 0.16342592592592592 0.010416666666666666 0.02314814814814815
0 0.5229166666666667 0.22175925925925927 0.010416666666666666 0.026851851851851852
0 0.5666666666666667 0.1851851851851852 0.008333333333333333 0.014814814814814815
0 0.571875 0.2064814814814815 0.010416666666666666 0.018518518518518517
0 0.6026041666666666 0.04583333333333334 0.008333333333333333 0.02314814814814815
0 0.61328125 0.15694444444444444 0.013020833333333334 0.026851851851851852
0 0.6848958333333334 0.24675925925925926 0.010416666666666666 0.02314814814814815
0 0.7190104166666667 0.14953703703703705 0.015104166666666667 0.026851851851851852
0 0.7315104166666666 0.20046296296296298 0.015104166666666667 0.02314814814814815
0 0.7515625 0.25972222222222224 0.008333333333333333 0.026851851851851852
0 0.77734375 0.6717592592592593 0.0171875 0.03425925925925926
