0 0.38359375 0.020833333333333336 0.013020833333333334 0.026851851851851852
0 0.4028645833333333 0.014814814814814815 0.013020833333333334 0.014814814814814815
0 0.4653645833333333 0.022685185185185187 0.019270833333333334 0.02314814814814815
0 0.49192708333333335 0.02638888888888889 0.013020833333333334 0.02314814814814815
0 0.6109375 0.06018518518518519 0.008333333333333333 0.014814814814814815
0 0.6166666666666667 0.1625 0.010416666666666666 0.030555555555555558
0 0.45260416666666664 0.14583333333333334 0.010416666666666666 0.026851851851851852
0 0.49609375 0.1439814814814815 0.0171875 0.030555555555555558
0 0.51640625 0.20046296296296298 0.015104166666666667 0.02314814814814815
0 0.5567708333333333 0.17083333333333334 0.010416666666666666 0.02314814814814815
0 0.565625 0.1925925925925926 0.010416666666666666 0.014814814814814815
0 0.7158854166666666 0.1328703703703704 0.013020833333333334 0.030555555555555558
0 0.7263020833333333 0.17824074074074076 0.013020833333333334 0.02314814814814815
0 0.7424479166666667 0.23657407407407408 0.019270833333333334 0.03425925925925926
0 0.6924479166666666 0.26296296296296295 0.013020833333333334 0.018518518518518517
0 0.75390625 0.6305555555555555 0.013020833333333334 0.018518518518518517
