0 0.01796875 0.13935185185185187 0.0171875 0.03425925925925926
0 0.040364583333333336 0.12222222222222223 0.015104166666666667 0.02777777777777778
0 0.06536458333333334 0.2101851851851852 0.0171875 0.031481481481481485
0 0.18125 0.1337962962962963 0.013541666666666667 0.025
0 0.25338541666666664 0.047685185185185185 0.013020833333333334 0.025
0 0.29192708333333334 0.050462962962962966 0.0140625 0.025
0 0.32005208333333335 0.23055555555555557 0.015104166666666667 0.02777777777777778
0 0.07447916666666667 0.475462962962963 0.017708333333333333 0.032407407407407406
0 0.13489583333333333 0.4740740740740741 0.021875 0.02777777777777778
0 0.07447916666666667 0.7055555555555556 0.01875 0.03518518518518519
0 0.20234375 0.8055555555555556 0.0234375 0.040740740740740744
0 0.32760416666666664 0.7472222222222222 0.022916666666666665 0.03888888888888889
0 0.3067708333333333 0.6375000000000001 0.017708333333333333 0.03425925925925926
0 0.3765625 0.6314814814814815 0.022916666666666665 0.03888888888888889
0 0.28541666666666665 0.48842592592592593 0.01875 0.030555555555555558
0 0.3072916666666667 0.5199074074074074 0.019791666666666666 0.03796296296296296
0 0.45234375 0.2125 0.015104166666666667 0.025
0 0.4471354166666667 0.24583333333333335 0.01614583333333333 0.030555555555555558
0 0.5856770833333333 0.1638888888888889 0.015104166666666667 0.02592592592592593
0 0.6760416666666667 0.1962962962962963 0.015625 0.02777777777777778
0 0.7002604166666666 0.12962962962962962 0.0171875 0.024074074074074074
0 0.73671875 0.13240740740740742 0.018229166666666668 0.03333333333333333
0 0.7729166666666667 0.27824074074074073 0.01875 0.036111111111111115
0 0.8049479166666667 0.24953703703703706 0.0171875 0.03425925925925926
0 0.9333333333333333 0.16018518518518518 0.019791666666666666 0.03333333333333333
0 0.94140625 0.09907407407407408 0.015104166666666667 0.02777777777777778
0 0.9846354166666667 0.12222222222222223 0.0171875 0.031481481481481485
0 0.7184895833333333 0.0375 0.0140625 0.025
0 0.8255208333333334 0.06296296296296297 0.016666666666666666 0.03333333333333333
