0 0.014322916666666666 0.13796296296296298 0.018229166666666668 0.031481481481481485
0 0.03802083333333333 0.12268518518518519 0.016666666666666666 0.030555555555555558
0 0.06822916666666666 0.21203703703703705 0.022916666666666665 0.03518518518518519
0 0.17864583333333334 0.1337962962962963 0.015625 0.030555555555555558
0 0.07395833333333333 0.47500000000000003 0.017708333333333333 0.037037037037037035
0 0.13567708333333334 0.47222222222222227 0.0234375 0.037037037037037035
0 0.07708333333333334 0.712962962962963 0.026041666666666668 0.044444444444444446
0 0.20104166666666667 0.8009259259259259 0.02395833333333333 0.044444444444444446
0 0.3286458333333333 0.7462962962962963 0.021875 0.03888888888888889
0 0.31145833333333334 0.6407407407407407 0.019791666666666666 0.037037037037037035
0 0.37473958333333335 0.6296296296296297 0.024479166666666666 0.040740740740740744
0 0.30546875 0.5194444444444445 0.019270833333333334 0.037037037037037035
0 0.28619791666666666 0.48842592592592593 0.019270833333333334 0.03425925925925926
0 0.32447916666666665 0.2300925925925926 0.01875 0.030555555555555558
0 0.25364583333333335 0.050462962962962966 0.015625 0.030555555555555558
0 0.29244791666666664 0.046759259259259264 0.0140625 0.02314814814814815
0 0.45416666666666666 0.2152777777777778 0.015625 0.028703703703703703
0 0.45026041666666666 0.24629629629629632 0.0171875 0.03333333333333333
0 0.5893229166666667 0.16481481481481483 0.0171875 0.02962962962962963
0 0.6747395833333333 0.19490740740740742 0.019270833333333334 0.03425925925925926
0 0.7005208333333334 0.1300925925925926 0.016666666666666666 0.032407407407407406
0 0.7200520833333334 0.03425925925925926 0.015104166666666667 0.02777777777777778
0 0.7393229166666666 0.13148148148148148 0.015104166666666667 0.03333333333333333
0 0.771875 0.27222222222222225 0.019791666666666666 0.03333333333333333
0 0.8028645833333333 0.24814814814814815 0.0203125 0.031481481481481485
0 0.9317708333333333 0.16805555555555557 0.021875 0.03425925925925926
0 0.8263020833333333 0.05925925925925926 0.0140625 0.031481481481481485
0 0.9419270833333333 0.09398148148148149 0.013020833333333334 0.021296296296296296
0 0.9799479166666667 0.12037037037037038 0.01614583333333333 0.03333333333333333
