0 0.011979166666666666 0.13842592592592592 0.017708333333333333 0.030555555555555558
0 0.03333333333333333 0.11898148148148148 0.013541666666666667 0.025
0 0.07239583333333333 0.2111111111111111 0.017708333333333333 0.02962962962962963
0 0.17395833333333333 0.13425925925925927 0.015625 0.02592592592592593
0 0.07630208333333333 0.4759259259259259 0.019270833333333334 0.031481481481481485
0 0.13541666666666666 0.47870370370370374 0.019791666666666666 0.031481481481481485
0 0.07395833333333333 0.7046296296296296 0.020833333333333332 0.03518518518518519
0 0.20208333333333334 0.8023148148148148 0.020833333333333332 0.03796296296296296
0 0.31197916666666664 0.6361111111111112 0.021875 0.03888888888888889
0 0.37447916666666664 0.6296296296296297 0.022916666666666665 0.040740740740740744
0 0.32708333333333334 0.7481481481481482 0.025 0.03333333333333333
0 0.28463541666666664 0.48888888888888893 0.019270833333333334 0.02962962962962963
0 0.30572916666666666 0.5148148148148148 0.01875 0.037037037037037035
0 0.328125 0.23148148148148148 0.015625 0.02777777777777778
0 0.45260416666666664 0.2476851851851852 0.016666666666666666 0.028703703703703703
0 0.45598958333333334 0.2189814814814815 0.01614583333333333 0.026851851851851852
0 0.25416666666666665 0.04953703703703704 0.015625 0.028703703703703703
0 0.29140625 0.049074074074074076 0.013020833333333334 0.02592592592592593
0 0.5927083333333333 0.16342592592592592 0.014583333333333334 0.030555555555555558
0 0.67265625 0.19583333333333333 0.01614583333333333 0.028703703703703703
0 0.70390625 0.12962962962962962 0.01614583333333333 0.02777777777777778
0 0.7182291666666667 0.034722222222222224 0.0125 0.030555555555555558
0 0.7421875 0.13240740740740742 0.014583333333333334 0.031481481481481485
0 0.8244791666666667 0.059722222222222225 0.017708333333333333 0.028703703703703703
0 0.9294270833333333 0.16064814814814815 0.0140625 0.028703703703703703
0 0.9466145833333334 0.09722222222222222 0.013020833333333334 0.024074074074074074
0 0.975 0.12222222222222223 0.013541666666666667 0.02592592592592593
0 0.76953125 0.26805555555555555 0.01614583333333333 0.026851851851851852
0 0.8002604166666667 0.24675925925925926 0.018229166666666668 0.028703703703703703
0 0.6794270833333333 0.337037037037037 0.011979166666666666 0.024074074074074074
