0 0.011458333333333333 0.12685185185185185 0.015625 0.03518518518518519
0 0.09817708333333333 0.21157407407407408 0.019270833333333334 0.036111111111111115
0 0.1515625 0.13148148148148148 0.016666666666666666 0.03333333333333333
0 0.07604166666666666 0.4828703703703704 0.017708333333333333 0.028703703703703703
0 0.13333333333333333 0.48842592592592593 0.019791666666666666 0.036111111111111115
0 0.25390625 0.0462962962962963 0.01614583333333333 0.02962962962962963
0 0.2921875 0.04814814814814815 0.011458333333333333 0.024074074074074074
0 0.35234375 0.22268518518518518 0.01614583333333333 0.03425925925925926
0 0.07473958333333333 0.7055555555555556 0.0234375 0.044444444444444446
0 0.20208333333333334 0.8050925925925926 0.020833333333333332 0.04166666666666667
0 0.3299479166666667 0.7472222222222222 0.024479166666666666 0.04259259259259259
0 0.3255208333333333 0.6375000000000001 0.02395833333333333 0.036111111111111115
0 0.3703125 0.625 0.021875 0.04259259259259259
0 0.2838541666666667 0.4861111111111111 0.019791666666666666 0.03518518518518519
0 0.3072916666666667 0.5203703703703704 0.017708333333333333 0.03333333333333333
0 0.47421874999999997 0.25462962962962965 0.0171875 0.031481481481481485
0 0.4778645833333333 0.22361111111111112 0.01614583333333333 0.030555555555555558
0 0.60625 0.15972222222222224 0.015625 0.026851851851851852
0 0.6559895833333333 0.1912037037037037 0.01614583333333333 0.030555555555555558
0 0.7177083333333333 0.03796296296296296 0.013541666666666667 0.024074074074074074
0 0.721875 0.1277777777777778 0.01875 0.03333333333333333
0 0.7546875 0.12731481481481483 0.013541666666666667 0.026851851851851852
0 0.759375 0.26203703703703707 0.015625 0.031481481481481485
0 0.7854166666666667 0.23842592592592593 0.019791666666666666 0.036111111111111115
0 0.8106770833333333 0.05 0.015104166666666667 0.02777777777777778
0 0.9080729166666667 0.16203703703703703 0.0171875 0.037037037037037035
0 0.95546875 0.12314814814814816 0.013020833333333334 0.02777777777777778
0 0.9682291666666667 0.09583333333333334 0.015625 0.028703703703703703
0 0.6643229166666667 0.3439814814814815 0.015104166666666667 0.025
