0 0.10729166666666666 0.1398148148148148 0.016666666666666666 0.02777777777777778
0 0.2578125 0.0462962962962963 0.015625 0.02777777777777778
0 0.28854166666666664 0.04537037037037037 0.013541666666666667 0.024074074074074074
0 0.146875 0.20833333333333334 0.019791666666666666 0.02962962962962963
0 0.07994791666666666 0.48379629629629634 0.018229166666666668 0.030555555555555558
0 0.12630208333333334 0.49444444444444446 0.021354166666666667 0.03518518518518519
0 0.07291666666666667 0.7055555555555556 0.021875 0.037037037037037035
0 0.19791666666666666 0.7990740740740742 0.021875 0.03333333333333333
0 0.3260416666666667 0.7472222222222222 0.025 0.037037037037037035
0 0.3390625 0.6328703703703704 0.020833333333333332 0.04166666666666667
0 0.365625 0.6291666666666667 0.019791666666666666 0.036111111111111115
0 0.28828125 0.49074074074074076 0.0203125 0.03518518518518519
0 0.3020833333333333 0.512962962962963 0.016666666666666666 0.03518518518518519
0 0.390625 0.22083333333333335 0.01875 0.028703703703703703
0 0.4984375 0.2476851851851852 0.017708333333333333 0.036111111111111115
0 0.5114583333333333 0.22083333333333335 0.015625 0.030555555555555558
0 0.625 0.18564814814814815 0.017708333333333333 0.028703703703703703
0 0.63671875 0.14953703703703705 0.015104166666666667 0.026851851851851852
0 0.7333333333333333 0.24629629629629632 0.016666666666666666 0.03333333333333333
0 0.7567708333333333 0.21435185185185185 0.01875 0.03425925925925926
0 0.78203125 0.12083333333333333 0.015104166666666667 0.028703703703703703
0 0.7151041666666667 0.037037037037037035 0.016666666666666666 0.02962962962962963
0 0.7934895833333333 0.03425925925925926 0.013020833333333334 0.02777777777777778
0 0.7510416666666666 0.11944444444444445 0.014583333333333334 0.02777777777777778
0 0.8624999999999999 0.1824074074074074 0.019791666666666666 0.031481481481481485
0 0.9317708333333333 0.1388888888888889 0.016666666666666666 0.02777777777777778
0 0.63046875 0.34490740740740744 0.0140625 0.02314814814814815
