0 0.012239583333333333 0.22361111111111112 0.019270833333333334 0.036111111111111115
0 0.08880208333333334 0.13703703703703704 0.0140625 0.02592592592592593
0 0.17265625 0.2111111111111111 0.0171875 0.031481481481481485
0 0.08151041666666667 0.48379629629629634 0.0203125 0.028703703703703703
0 0.12916666666666665 0.4800925925925926 0.020833333333333332 0.032407407407407406
0 0.07213541666666666 0.7064814814814815 0.0234375 0.03518518518518519
0 0.19869791666666667 0.8037037037037037 0.019270833333333334 0.031481481481481485
0 0.32447916666666665 0.7467592592592592 0.02395833333333333 0.03796296296296296
0 0.34088541666666666 0.6314814814814815 0.022395833333333334 0.03333333333333333
0 0.365625 0.6305555555555555 0.021875 0.03888888888888889
0 0.2890625 0.49212962962962964 0.019791666666666666 0.032407407407407406
0 0.30416666666666664 0.5148148148148148 0.019791666666666666 0.03518518518518519
0 0.4067708333333333 0.2189814814814815 0.014583333333333334 0.02314814814814815
0 0.26067708333333334 0.0462962962962963 0.015104166666666667 0.02777777777777778
0 0.2877604166666667 0.04212962962962963 0.011979166666666666 0.025
0 0.5127604166666666 0.24861111111111112 0.0171875 0.030555555555555558
0 0.5291666666666667 0.22222222222222224 0.015625 0.02962962962962963
0 0.6140625 0.1865740740740741 0.016666666666666666 0.028703703703703703
0 0.6505208333333333 0.1527777777777778 0.01875 0.02592592592592593
0 0.7166666666666667 0.03981481481481482 0.013541666666666667 0.02592592592592593
0 0.7927083333333333 0.030092592592592594 0.0125 0.02314814814814815
0 0.7658854166666667 0.11018518518518519 0.01614583333333333 0.02962962962962963
0 0.79453125 0.11712962962962964 0.013020833333333334 0.025
0 0.7432291666666666 0.2064814814814815 0.014583333333333334 0.031481481481481485
0 0.7263020833333333 0.23750000000000002 0.019270833333333334 0.030555555555555558
0 0.8497395833333333 0.19212962962962965 0.0171875 0.026851851851851852
0 0.921875 0.1462962962962963 0.016666666666666666 0.02777777777777778
0 0.6174479166666667 0.34351851851851856 0.013020833333333334 0.020370370370370372
