0 0.039322916666666666 0.21435185185185185 0.019270833333333334 0.030555555555555558
0 0.06354166666666666 0.13101851851851853 0.013541666666666667 0.026851851851851852
0 0.20416666666666666 0.20231481481481484 0.016666666666666666 0.030555555555555558
0 0.26458333333333334 0.04490740740740741 0.014583333333333334 0.02314814814814815
0 0.2877604166666667 0.04166666666666667 0.0140625 0.024074074074074074
0 0.0828125 0.4800925925925926 0.02395833333333333 0.03796296296296296
0 0.07526041666666666 0.7018518518518518 0.021354166666666667 0.031481481481481485
0 0.13463541666666667 0.4708333333333333 0.021354166666666667 0.032407407407407406
0 0.20052083333333334 0.8009259259259259 0.020833333333333332 0.03888888888888889
0 0.3247395833333333 0.7416666666666667 0.0234375 0.04259259259259259
0 0.3453125 0.6277777777777778 0.016666666666666666 0.031481481481481485
0 0.36796875 0.6268518518518519 0.019270833333333334 0.03333333333333333
0 0.30390625 0.5162037037037037 0.015104166666666667 0.030555555555555558
0 0.2921875 0.48842592592592593 0.017708333333333333 0.030555555555555558
0 0.4309895833333333 0.2240740740740741 0.018229166666666668 0.031481481481481485
0 0.5276041666666667 0.24537037037037038 0.020833333333333332 0.037037037037037035
0 0.5513020833333333 0.22083333333333335 0.0171875 0.030555555555555558
0 0.596875 0.17962962962962964 0.01875 0.02962962962962963
0 0.67421875 0.14583333333333334 0.01614583333333333 0.025
0 0.7197916666666666 0.0375 0.014583333333333334 0.025
0 0.7283854166666667 0.19722222222222224 0.0171875 0.031481481481481485
0 0.7143229166666667 0.22824074074074074 0.019270833333333334 0.032407407407407406
0 0.5994791666666667 0.3550925925925926 0.017708333333333333 0.030555555555555558
0 0.7893229166666667 0.10740740740740741 0.015104166666666667 0.020370370370370372
0 0.8184895833333333 0.11435185185185186 0.0140625 0.025
0 0.8351562499999999 0.21944444444444444 0.015104166666666667 0.03333333333333333
0 0.903125 0.15324074074074073 0.016666666666666666 0.032407407407407406
0 0.7950520833333333 0.014814814814814815 0.011979166666666666 0.020370370370370372
