0 0.26666666666666666 0.04259259259259259 0.014583333333333334 0.020370370370370372
0 0.3028645833333333 0.03935185185185185 0.0109375 0.02314814814814815
0 0.15026041666666667 0.20787037037037037 0.019270833333333334 0.026851851851851852
0 0.3380208333333333 0.2050925925925926 0.019791666666666666 0.026851851851851852
0 0.0890625 0.48333333333333334 0.017708333333333333 0.031481481481481485
0 0.13072916666666667 0.47731481481481486 0.017708333333333333 0.032407407407407406
0 0.07916666666666666 0.701388888888889 0.01875 0.026851851851851852
0 0.20598958333333334 0.8 0.0234375 0.037037037037037035
0 0.3502604166666667 0.6138888888888889 0.015104166666666667 0.02777777777777778
0 0.37421875 0.6263888888888889 0.0203125 0.04166666666666667
0 0.32786458333333335 0.7416666666666667 0.019270833333333334 0.031481481481481485
0 0.29713541666666665 0.48842592592592593 0.0203125 0.03425925925925926
0 0.31015625 0.5097222222222222 0.01614583333333333 0.036111111111111115
0 0.5270833333333333 0.16064814814814815 0.015625 0.030555555555555558
0 0.5252604166666667 0.22314814814814815 0.01614583333333333 0.024074074074074074
0 0.5807291666666666 0.23935185185185187 0.016666666666666666 0.032407407407407406
0 0.5390625 0.362962962962963 0.0125 0.024074074074074074
0 0.6283854166666667 0.23101851851851854 0.0140625 0.028703703703703703
0 0.6552083333333333 0.18194444444444446 0.0125 0.025
0 0.665625 0.15462962962962964 0.011458333333333333 0.02962962962962963
0 0.72421875 0.03518518518518519 0.0109375 0.022222222222222223
0 0.75859375 0.13842592592592592 0.011979166666666666 0.026851851851851852
0 0.81875 0.1763888888888889 0.016666666666666666 0.032407407407407406
0 0.7385416666666667 0.2625 0.015625 0.026851851851851852
0 0.8802083333333334 0.09305555555555556 0.0125 0.025
0 0.9072916666666666 0.11157407407407408 0.015625 0.03425925925925926
0 0.9653645833333333 0.4481481481481482 0.0203125 0.031481481481481485
