0 0.26484375 0.040740740740740744 0.015104166666666667 0.02592592592592593
0 0.1609375 0.21064814814814817 0.01875 0.030555555555555558
0 0.3046875 0.040740740740740744 0.0125 0.02777777777777778
0 0.3489583333333333 0.2 0.016666666666666666 0.02962962962962963
0 0.09010416666666667 0.47962962962962963 0.019791666666666666 0.02777777777777778
0 0.13203125 0.4828703703703704 0.018229166666666668 0.03796296296296296
0 0.08203125 0.6967592592592593 0.021354166666666667 0.03796296296296296
0 0.20885416666666667 0.8055555555555556 0.025 0.0462962962962963
0 0.3286458333333333 0.7384259259259259 0.017708333333333333 0.03796296296296296
0 0.3484375 0.6180555555555556 0.016666666666666666 0.03425925925925926
0 0.3731770833333333 0.6203703703703703 0.022395833333333334 0.031481481481481485
0 0.30885416666666665 0.513888888888889 0.015625 0.02592592592592593
0 0.29609375 0.48379629629629634 0.018229166666666668 0.032407407407407406
0 0.5200520833333333 0.16018518518518518 0.018229166666666668 0.02777777777777778
0 0.5317708333333333 0.22268518518518518 0.013541666666666667 0.021296296296296296
0 0.5325520833333334 0.3652777777777778 0.011979166666666666 0.028703703703703703
0 0.5895833333333333 0.24120370370370373 0.01875 0.03796296296296296
0 0.63125 0.23287037037037037 0.015625 0.032407407407407406
0 0.6494791666666666 0.17962962962962964 0.010416666666666666 0.02777777777777778
0 0.6606770833333333 0.15092592592592594 0.015104166666666667 0.02777777777777778
0 0.7260416666666667 0.038425925925925926 0.013541666666666667 0.032407407407407406
0 0.7658854166666667 0.13935185185185187 0.021354166666666667 0.03796296296296296
0 0.73046875 0.2574074074074074 0.01614583333333333 0.02962962962962963
0 0.8119791666666667 0.17453703703703705 0.016666666666666666 0.028703703703703703
0 0.8880208333333334 0.08981481481481482 0.0125 0.02592592592592593
0 0.9145833333333333 0.10231481481481482 0.014583333333333334 0.028703703703703703
0 0.9643229166666667 0.4416666666666667 0.024479166666666666 0.044444444444444446
