0 0.26588541666666665 0.040740740740740744 0.01614583333333333 0.02592592592592593
0 0.3028645833333333 0.03981481481481482 0.008854166666666666 0.018518518518518517
0 0.17916666666666667 0.2013888888888889 0.021875 0.028703703703703703
0 0.0875 0.48194444444444445 0.016666666666666666 0.032407407407407406
0 0.13255208333333332 0.47870370370370374 0.01614583333333333 0.02592592592592593
0 0.08125 0.7037037037037037 0.019791666666666666 0.031481481481481485
0 0.20755208333333333 0.800462962962963 0.0234375 0.03796296296296296
0 0.32838541666666665 0.737037037037037 0.0171875 0.02777777777777778
0 0.3484375 0.6180555555555556 0.021875 0.032407407407407406
0 0.37265625 0.625 0.019270833333333334 0.037037037037037035
0 0.3104166666666667 0.5175925925925926 0.019791666666666666 0.02777777777777778
0 0.29635416666666664 0.4847222222222222 0.017708333333333333 0.028703703703703703
0 0.37135416666666665 0.20185185185185187 0.017708333333333333 0.02962962962962963
0 0.9557291666666666 0.41712962962962963 0.020833333333333332 0.04166666666666667
0 0.5036458333333333 0.1638888888888889 0.017708333333333333 0.03518518518518519
0 0.51875 0.36435185185185187 0.013541666666666667 0.028703703703703703
0 0.5497395833333333 0.22546296296296298 0.015104166666666667 0.026851851851851852
0 0.59921875 0.24074074074074076 0.0171875 0.031481481481481485
0 0.6364583333333333 0.17222222222222222 0.015625 0.02592592592592593
0 0.6463541666666667 0.1462962962962963 0.015625 0.02962962962962963
0 0.6447916666666667 0.23148148148148148 0.017708333333333333 0.02962962962962963
0 0.7109375 0.2675925925925926 0.016666666666666666 0.02777777777777778
0 0.7919270833333333 0.18101851851851852 0.01614583333333333 0.028703703703703703
0 0.7791666666666667 0.14027777777777778 0.016666666666666666 0.025
0 0.7239583333333334 0.03796296296296296 0.014583333333333334 0.02592592592592593
0 0.9044270833333333 0.09027777777777778 0.015104166666666667 0.028703703703703703
0 0.9276041666666667 0.10787037037037038 0.015625 0.030555555555555558
