0 0.2671875 0.037037037037037035 0.0125 0.024074074074074074
0 0.3026041666666667 0.03425925925925926 0.009375 0.024074074074074074
0 0.20755208333333333 0.20462962962962963 0.021354166666666667 0.03518518518518519
0 0.41041666666666665 0.19814814814814816 0.019791666666666666 0.02962962962962963
0 0.4830729166666667 0.15601851851851853 0.0203125 0.03796296296296296
0 0.4984375 0.36574074074074076 0.019791666666666666 0.02777777777777778
0 0.5799479166666667 0.2212962962962963 0.019270833333333334 0.02962962962962963
0 0.6104166666666666 0.24120370370370373 0.017708333333333333 0.032407407407407406
0 0.6140625 0.16018518518518518 0.014583333333333334 0.02777777777777778
0 0.6260416666666666 0.13703703703703704 0.015625 0.02592592592592593
0 0.7252604166666666 0.03564814814814815 0.0140625 0.025
0 0.66484375 0.22361111111111112 0.01614583333333333 0.025
0 0.6755208333333333 0.26342592592592595 0.016666666666666666 0.026851851851851852
0 0.7606770833333333 0.17731481481481481 0.0171875 0.026851851851851852
0 0.8052083333333333 0.13194444444444445 0.014583333333333334 0.026851851851851852
0 0.93125 0.09027777777777778 0.016666666666666666 0.03425925925925926
0 0.9510416666666667 0.09907407407407408 0.015625 0.02777777777777778
0 0.9523437499999999 0.38472222222222224 0.021354166666666667 0.036111111111111115
0 0.08723958333333333 0.48055555555555557 0.019270833333333334 0.03888888888888889
0 0.13307291666666665 0.47962962962962963 0.018229166666666668 0.03888888888888889
0 0.2947916666666667 0.48703703703703705 0.017708333333333333 0.02962962962962963
0 0.31145833333333334 0.5092592592592593 0.020833333333333332 0.037037037037037035
0 0.3502604166666667 0.6171296296296297 0.01614583333333333 0.028703703703703703
0 0.3716145833333333 0.625462962962963 0.018229166666666668 0.04537037037037037
0 0.3286458333333333 0.7421296296296297 0.019791666666666666 0.03425925925925926
0 0.20651041666666667 0.8050925925925926 0.024479166666666666 0.04537037037037037
0 0.08072916666666667 0.7037037037037037 0.02395833333333333 0.037037037037037035
