0 0.26640625 0.036111111111111115 0.018229166666666668 0.037037037037037035
0 0.2109375 0.20324074074074075 0.022916666666666665 0.049074074074074076
0 0.4140625 0.19444444444444445 0.022916666666666665 0.04814814814814815
0 0.4809895833333333 0.1513888888888889 0.024479166666666666 0.04351851851851852
0 0.5794270833333334 0.22037037037037038 0.024479166666666666 0.03333333333333333
0 0.6125 0.15972222222222224 0.019791666666666666 0.03796296296296296
0 0.62578125 0.13703703703703704 0.019270833333333334 0.037037037037037035
0 0.6106770833333334 0.24074074074074076 0.022395833333333334 0.04259259259259259
0 0.7255208333333333 0.03564814814814815 0.016666666666666666 0.04166666666666667
0 0.6703125 0.2263888888888889 0.022916666666666665 0.04166666666666667
0 0.6697916666666667 0.26481481481481484 0.02395833333333333 0.04814814814814815
0 0.75625 0.17314814814814816 0.021875 0.03888888888888889
0 0.8098958333333334 0.13703703703703704 0.017708333333333333 0.037037037037037035
0 0.93515625 0.09027777777777778 0.01614583333333333 0.036111111111111115
0 0.95390625 0.10046296296296296 0.0171875 0.03796296296296296
0 0.9533854166666667 0.3824074074074074 0.027604166666666666 0.053703703703703705
0 0.496875 0.36574074074074076 0.019791666666666666 0.040740740740740744
0 0.08828125 0.4810185185185185 0.021354166666666667 0.04722222222222222
0 0.13515625 0.47453703703703703 0.025520833333333333 0.05092592592592593
0 0.29791666666666666 0.4847222222222222 0.02395833333333333 0.04537037037037037
0 0.3098958333333333 0.5111111111111112 0.025 0.04814814814814815
0 0.35182291666666665 0.6171296296296297 0.0265625 0.05092592592592593
0 0.3729166666666667 0.625 0.025 0.06296296296296297
0 0.3294270833333333 0.7393518518518519 0.025520833333333333 0.058333333333333334
0 0.20859375 0.8064814814814815 0.0328125 0.05555555555555556
0 0.08125 0.700462962962963 0.030208333333333334 0.05462962962962963
0 0.3028645833333333 0.037037037037037035 0.013020833333333334 0.02777777777777778
