0 0.26901041666666664 0.033796296296296297 0.0171875 0.03796296296296296
0 0.23020833333333332 0.20370370370370372 0.019791666666666666 0.044444444444444446
0 0.4359375 0.1953703703703704 0.02395833333333333 0.040740740740740744
0 0.46770833333333334 0.15046296296296297 0.019791666666666666 0.04166666666666667
0 0.4822916666666667 0.36435185185185187 0.016666666666666666 0.03425925925925926
0 0.72421875 0.037037037037037035 0.0171875 0.03888888888888889
0 0.6065104166666666 0.13425925925925927 0.018229166666666668 0.037037037037037035
0 0.5989583333333334 0.15787037037037038 0.01875 0.03981481481481482
0 0.5986979166666666 0.22175925925925927 0.0171875 0.032407407407407406
0 0.6200520833333333 0.24120370370370373 0.0203125 0.04537037037037037
0 0.6489583333333333 0.26712962962962966 0.020833333333333332 0.04537037037037037
0 0.6807291666666666 0.2300925925925926 0.021875 0.03981481481481482
0 0.7375 0.17175925925925928 0.020833333333333332 0.03796296296296296
0 0.8239583333333333 0.1388888888888889 0.01875 0.03518518518518519
0 0.9505208333333334 0.09027777777777778 0.016666666666666666 0.03796296296296296
0 0.9682291666666667 0.09861111111111112 0.016666666666666666 0.04166666666666667
0 0.9541666666666666 0.3615740740740741 0.027083333333333334 0.049074074074074076
0 0.08489583333333334 0.4777777777777778 0.022916666666666665 0.04259259259259259
0 0.14348958333333334 0.4675925925925926 0.022395833333333334 0.0462962962962963
0 0.29583333333333334 0.48333333333333334 0.02395833333333333 0.05
0 0.31015625 0.5078703703703704 0.021354166666666667 0.05092592592592593
0 0.35234375 0.6185185185185186 0.0265625 0.05185185185185186
0 0.37447916666666664 0.6236111111111111 0.022916666666666665 0.05462962962962963
0 0.32838541666666665 0.7393518518518519 0.025520833333333333 0.049074074074074076
0 0.20729166666666665 0.8046296296296297 0.030208333333333334 0.05555555555555556
0 0.08125 0.7027777777777778 0.030208333333333334 0.05
0 0.3013020833333333 0.03333333333333333 0.013020833333333334 0.024074074074074074
