0 0.26588541666666665 0.034722222222222224 0.015104166666666667 0.030555555555555558
0 0.30026041666666664 0.03287037037037037 0.013020833333333334 0.032407407407407406
0 0.26145833333333335 0.2050925925925926 0.020833333333333332 0.03981481481481482
0 0.084375 0.4759259259259259 0.01875 0.03888888888888889
0 0.13515625 0.4847222222222222 0.024479166666666666 0.04722222222222222
0 0.08020833333333333 0.700925925925926 0.019791666666666666 0.03333333333333333
0 0.20755208333333333 0.8018518518518519 0.0265625 0.040740740740740744
0 0.3296875 0.7402777777777778 0.017708333333333333 0.03796296296296296
0 0.35104166666666664 0.6208333333333333 0.017708333333333333 0.03425925925925926
0 0.37265625 0.6203703703703703 0.0171875 0.040740740740740744
0 0.3111979166666667 0.5171296296296296 0.019270833333333334 0.036111111111111115
0 0.29791666666666666 0.4861111111111111 0.020833333333333332 0.031481481481481485
0 0.4427083333333333 0.14953703703703705 0.016666666666666666 0.028703703703703703
0 0.47213541666666664 0.19398148148148148 0.022395833333333334 0.030555555555555558
0 0.5822916666666667 0.12037037037037038 0.017708333333333333 0.02962962962962963
0 0.57734375 0.1513888888888889 0.0203125 0.03796296296296296
0 0.6244791666666667 0.2199074074074074 0.016666666666666666 0.032407407407407406
0 0.6401041666666667 0.24444444444444446 0.011458333333333333 0.02962962962962963
0 0.6106770833333334 0.2726851851851852 0.0171875 0.03796296296296296
0 0.7234375 0.03564814814814815 0.013541666666666667 0.025
0 0.7059895833333333 0.16064814814814815 0.019270833333333334 0.028703703703703703
0 0.70625 0.23148148148148148 0.015625 0.03333333333333333
0 0.8486979166666666 0.1375 0.01614583333333333 0.030555555555555558
0 0.9523437499999999 0.3388888888888889 0.018229166666666668 0.03518518518518519
0 0.9755208333333333 0.08657407407407408 0.011458333333333333 0.025
0 0.9903645833333333 0.0976851851851852 0.0140625 0.036111111111111115
0 0.4596354166666667 0.3592592592592593 0.0140625 0.02962962962962963
