0 0.2609375 0.036111111111111115 0.013541666666666667 0.02777777777777778
0 0.30026041666666664 0.033796296296296297 0.0109375 0.026851851851851852
0 0.28203125 0.20046296296296298 0.018229166666666668 0.036111111111111115
0 0.42864583333333334 0.1537037037037037 0.017708333333333333 0.03518518518518519
0 0.49635416666666665 0.19212962962962965 0.019791666666666666 0.030555555555555558
0 0.559375 0.14907407407407408 0.014583333333333334 0.02962962962962963
0 0.5666666666666667 0.11990740740740741 0.014583333333333334 0.025
0 0.5890625 0.27037037037037037 0.016666666666666666 0.03888888888888889
0 0.4473958333333333 0.36388888888888893 0.016666666666666666 0.02962962962962963
0 0.64375 0.22268518518518518 0.015625 0.025
0 0.6559895833333333 0.24120370370370373 0.0109375 0.03425925925925926
0 0.6848958333333334 0.1638888888888889 0.015625 0.02777777777777778
0 0.71640625 0.2240740740740741 0.01614583333333333 0.02962962962962963
0 0.7239583333333334 0.0375 0.0125 0.025
0 0.8645833333333334 0.14027777777777778 0.016666666666666666 0.025
0 0.9518229166666666 0.3175925925925926 0.0171875 0.037037037037037035
0 0.9893229166666666 0.08935185185185185 0.011979166666666666 0.028703703703703703
0 0.07994791666666666 0.4791666666666667 0.019270833333333334 0.036111111111111115
0 0.13203125 0.48055555555555557 0.0203125 0.040740740740740744
0 0.0796875 0.7046296296296296 0.025 0.04259259259259259
0 0.20598958333333334 0.8037037037037037 0.022395833333333334 0.0462962962962963
0 0.328125 0.7439814814814815 0.021875 0.03981481481481482
0 0.35130208333333335 0.6203703703703703 0.01614583333333333 0.03333333333333333
0 0.3731770833333333 0.625925925925926 0.0171875 0.044444444444444446
0 0.3104166666666667 0.5166666666666667 0.016666666666666666 0.031481481481481485
0 0.2947916666666667 0.4847222222222222 0.019791666666666666 0.036111111111111115
