0 0.25703125 0.0375 0.013020833333333334 0.028703703703703703
0 0.30104166666666665 0.19444444444444445 0.021875 0.02962962962962963
0 0.07942708333333333 0.4763888888888889 0.0203125 0.030555555555555558
0 0.1328125 0.48240740740740745 0.021875 0.02777777777777778
0 0.08125 0.7064814814814815 0.021875 0.037037037037037035
0 0.20703125 0.8037037037037037 0.024479166666666666 0.03518518518518519
0 0.32578125 0.7416666666666667 0.019270833333333334 0.02962962962962963
0 0.35182291666666665 0.6277777777777778 0.0171875 0.02777777777777778
0 0.3731770833333333 0.6222222222222222 0.019270833333333334 0.03518518518518519
0 0.30963541666666666 0.5185185185185185 0.0203125 0.03333333333333333
0 0.2942708333333333 0.487962962962963 0.019791666666666666 0.031481481481481485
0 0.5203125 0.19583333333333333 0.016666666666666666 0.030555555555555558
0 0.5432291666666667 0.1398148148148148 0.013541666666666667 0.024074074074074074
0 0.5526041666666667 0.11527777777777778 0.015625 0.026851851851851852
0 0.56171875 0.27222222222222225 0.018229166666666668 0.037037037037037035
0 0.6630208333333333 0.16018518518518518 0.015625 0.02962962962962963
0 0.6658854166666667 0.22222222222222224 0.011979166666666666 0.020370370370370372
0 0.6755208333333333 0.2550925925925926 0.014583333333333334 0.025
0 0.7299479166666667 0.22685185185185186 0.0140625 0.02777777777777778
0 0.7239583333333334 0.038425925925925926 0.0125 0.026851851851851852
0 0.41380208333333335 0.15601851851851853 0.015104166666666667 0.026851851851851852
0 0.8796875 0.13564814814814816 0.016666666666666666 0.032407407407407406
0 0.9559895833333333 0.3074074074074074 0.022395833333333334 0.03888888888888889
0 0.43046875 0.3615740740740741 0.015104166666666667 0.02314814814814815
0 0.30104166666666665 0.032407407407407406 0.009375 0.031481481481481485
