0 0.2677083333333333 0.03935185185185185 0.016666666666666666 0.032407407407407406
0 0.36614583333333334 0.14953703703703705 0.016666666666666666 0.036111111111111115
0 0.3765625 0.19907407407407407 0.01875 0.03333333333333333
0 0.49765624999999997 0.09907407407407408 0.015104166666666667 0.02777777777777778
0 0.50078125 0.13796296296296298 0.015104166666666667 0.03518518518518519
0 0.4901041666666667 0.25787037037037036 0.01875 0.032407407407407406
0 0.38255208333333335 0.362962962962963 0.015104166666666667 0.031481481481481485
0 0.08645833333333333 0.47361111111111115 0.01875 0.032407407407407406
0 0.140625 0.4217592592592593 0.017708333333333333 0.032407407407407406
0 0.08541666666666667 0.7037037037037037 0.02395833333333333 0.040740740740740744
0 0.21276041666666667 0.7976851851851852 0.025520833333333333 0.04351851851851852
0 0.3338541666666667 0.7398148148148148 0.021875 0.03888888888888889
0 0.3546875 0.6222222222222222 0.016666666666666666 0.03333333333333333
0 0.3763020833333333 0.6231481481481481 0.019270833333333334 0.03888888888888889
0 0.3138020833333333 0.5143518518518518 0.0203125 0.032407407407407406
0 0.30026041666666664 0.48703703703703705 0.019270833333333334 0.031481481481481485
0 0.6026041666666666 0.14166666666666666 0.017708333333333333 0.02777777777777778
0 0.6083333333333333 0.18425925925925926 0.017708333333333333 0.03518518518518519
0 0.728125 0.03287037037037037 0.014583333333333334 0.032407407407407406
0 0.7328125 0.19814814814814816 0.015625 0.02962962962962963
0 0.73671875 0.27083333333333337 0.018229166666666668 0.03425925925925926
0 0.7744791666666666 0.22731481481481483 0.01875 0.030555555555555558
0 0.9401041666666666 0.13425925925925927 0.016666666666666666 0.031481481481481485
0 0.9846354166666667 0.25833333333333336 0.022395833333333334 0.0462962962962963
