0 0.20416666666666666 0.09490740740740741 0.008333333333333333 0.017592592592592594
0 0.3515625 0.15462962962962964 0.008333333333333333 0.016666666666666666
0 0.4458333333333333 0.12361111111111112 0.009375 0.019444444444444445
0 0.4359375 0.19490740740740742 0.008333333333333333 0.019444444444444445
0 0.5291666666666667 0.29120370370370374 0.009375 0.021296296296296296
0 0.39947916666666666 0.37083333333333335 0.011458333333333333 0.025
0 0.321875 0.3388888888888889 0.011458333333333333 0.022222222222222223
0 0.09505208333333333 0.5523148148148148 0.019270833333333334 0.030555555555555558
0 0.29453125 0.5949074074074074 0.0171875 0.030555555555555558
0 0.33203125 0.6125 0.0140625 0.032407407407407406
0 0.3609375 0.6166666666666667 0.0125 0.024074074074074074
0 0.16640625 0.887962962962963 0.019270833333333334 0.04259259259259259
0 0.225 0.9064814814814816 0.02395833333333333 0.03888888888888889
0 0.2903645833333333 0.8773148148148149 0.01614583333333333 0.03425925925925926
0 0.33932291666666664 0.9226851851851853 0.0171875 0.03425925925925926
0 0.4981770833333333 0.7467592592592592 0.0171875 0.03425925925925926
0 0.5346354166666667 0.7208333333333333 0.0140625 0.032407407407407406
0 0.7473958333333334 0.9574074074074075 0.019791666666666666 0.03518518518518519
0 0.6541666666666667 0.07916666666666666 0.008333333333333333 0.01388888888888889
0 0.68125 0.07546296296296297 0.009375 0.015740740740740743
0 0.8083333333333333 0.052314814814814814 0.007291666666666667 0.017592592592592594
0 0.82578125 0.05740740740740741 0.0078125 0.014814814814814815
0 0.7166666666666667 0.21342592592592594 0.007291666666666667 0.017592592592592594
0 0.8895833333333333 0.2888888888888889 0.011458333333333333 0.022222222222222223
0 0.9299479166666667 0.1902777777777778 0.008854166666666666 0.019444444444444445
