0 0.05364583333333333 0.08101851851851852 0.00625 0.015740740740740743
0 0.06015625 0.08287037037037037 0.005729166666666666 0.01388888888888889
0 0.09713541666666667 0.4550925925925926 0.011979166666666666 0.021296296296296296
0 0.30364583333333334 0.3680555555555556 0.009375 0.019444444444444445
0 0.3880208333333333 0.40370370370370373 0.013541666666666667 0.020370370370370372
0 0.2505208333333333 0.07685185185185185 0.010416666666666666 0.016666666666666666
0 0.34921875 0.12222222222222223 0.0067708333333333336 0.016666666666666666
0 0.4080729166666667 0.14814814814814814 0.009895833333333333 0.020370370370370372
0 0.4348958333333333 0.18981481481481483 0.011458333333333333 0.020370370370370372
0 0.5291666666666667 0.28611111111111115 0.0125 0.022222222222222223
0 0.71484375 0.20925925925925926 0.008854166666666666 0.018518518518518517
0 0.9106770833333333 0.21851851851851853 0.0109375 0.020370370370370372
0 0.6536458333333334 0.07453703703703704 0.009375 0.01388888888888889
0 0.6815104166666667 0.07222222222222223 0.0078125 0.016666666666666666
0 0.8119791666666667 0.0462962962962963 0.007291666666666667 0.016666666666666666
0 0.82578125 0.052314814814814814 0.0078125 0.01388888888888889
0 0.24036458333333333 0.6574074074074074 0.01614583333333333 0.03333333333333333
0 0.28463541666666664 0.6763888888888889 0.011979166666666666 0.026851851851851852
0 0.3052083333333333 0.6763888888888889 0.013541666666666667 0.028703703703703703
0 0.2994791666666667 0.7592592592592593 0.013541666666666667 0.03333333333333333
0 0.3489583333333333 0.7236111111111111 0.017708333333333333 0.032407407407407406
0 0.38828125 0.7708333333333334 0.0140625 0.026851851851851852
0 0.5018229166666667 0.7541666666666667 0.0140625 0.026851851851851852
0 0.5122395833333333 0.7305555555555556 0.0171875 0.03333333333333333
0 0.7455729166666667 0.9731481481481482 0.021354166666666667 0.03333333333333333
