0 0.18359375 0.0976851851851852 0.008854166666666666 0.017592592592592594
0 0.10078125 0.5916666666666667 0.0140625 0.02777777777777778
0 0.3104166666666667 0.5657407407407408 0.011458333333333333 0.031481481481481485
0 0.34348958333333335 0.5888888888888889 0.0140625 0.024074074074074074
0 0.37395833333333334 0.5888888888888889 0.014583333333333334 0.022222222222222223
0 0.32916666666666666 0.325 0.011458333333333333 0.024074074074074074
0 0.40208333333333335 0.3509259259259259 0.008333333333333333 0.016666666666666666
0 0.3497395833333333 0.16481481481481483 0.008854166666666666 0.018518518518518517
0 0.43463541666666666 0.19166666666666668 0.0078125 0.014814814814814815
0 0.4630208333333333 0.10925925925925926 0.008333333333333333 0.016666666666666666
0 0.528125 0.29074074074074074 0.009375 0.016666666666666666
0 0.7153645833333333 0.21296296296296297 0.0109375 0.016666666666666666
0 0.68203125 0.075 0.0067708333333333336 0.014814814814814815
0 0.6528645833333333 0.07731481481481482 0.005729166666666666 0.010185185185185186
0 0.8091145833333333 0.05277777777777778 0.009895833333333333 0.018518518518518517
0 0.8260416666666667 0.05787037037037037 0.008333333333333333 0.015740740740740743
0 0.8815104166666666 0.31527777777777777 0.011979166666666666 0.021296296296296296
0 0.19088541666666667 0.8361111111111111 0.018229166666666668 0.037037037037037035
0 0.20026041666666666 0.9745370370370371 0.015104166666666667 0.032407407407407406
0 0.2591145833333333 0.9407407407407408 0.01614583333333333 0.03518518518518519
0 0.3263020833333333 0.9824074074074074 0.0140625 0.024074074074074074
0 0.4981770833333333 0.7541666666666667 0.015104166666666667 0.025
0 0.5567708333333333 0.7333333333333334 0.020833333333333332 0.037037037037037035
0 0.7598958333333333 0.9305555555555556 0.019791666666666666 0.03888888888888889
0 0.9192708333333334 0.20925925925925926 0.013541666666666667 0.022222222222222223
