0 0.05026041666666667 0.09212962962962963 0.0067708333333333336 0.01388888888888889
0 0.05703125 0.09305555555555556 0.0067708333333333336 0.017592592592592594
0 0.25546875 0.07592592592592592 0.0109375 0.024074074074074074
0 0.3489583333333333 0.11990740740740741 0.010416666666666666 0.021296296296296296
0 0.4049479166666667 0.15324074074074073 0.008854166666666666 0.019444444444444445
0 0.1 0.4439814814814815 0.016666666666666666 0.03425925925925926
0 0.3046875 0.3726851851851852 0.016666666666666666 0.036111111111111115
0 0.3859375 0.41064814814814815 0.015625 0.030555555555555558
0 0.528125 0.2814814814814815 0.014583333333333334 0.02592592592592593
0 0.4354166666666667 0.18796296296296297 0.013541666666666667 0.022222222222222223
0 0.23489583333333333 0.6657407407407407 0.020833333333333332 0.037037037037037035
0 0.28072916666666664 0.6819444444444445 0.0125 0.032407407407407406
0 0.29973958333333334 0.6870370370370371 0.0140625 0.03518518518518519
0 0.35260416666666666 0.700462962962963 0.013541666666666667 0.028703703703703703
0 0.3078125 0.7449074074074075 0.0125 0.026851851851851852
0 0.39140625 0.7560185185185185 0.01614583333333333 0.028703703703703703
0 0.5 0.7541666666666667 0.013541666666666667 0.03425925925925926
0 0.5091145833333334 0.725 0.01614583333333333 0.024074074074074074
0 0.7427083333333333 0.9699074074074074 0.019791666666666666 0.030555555555555558
0 0.6544270833333333 0.07546296296296297 0.009895833333333333 0.019444444444444445
0 0.6799479166666667 0.0699074074074074 0.008854166666666666 0.017592592592592594
0 0.8109375 0.044444444444444446 0.008333333333333333 0.014814814814814815
0 0.8244791666666667 0.050462962962962966 0.008333333333333333 0.012037037037037037
0 0.7138020833333333 0.20833333333333334 0.0078125 0.018518518518518517
0 0.9109375 0.21666666666666667 0.010416666666666666 0.024074074074074074
