0 0.016666666666666666 0.19166666666666668 0.008333333333333333 0.016666666666666666
0 0.023697916666666666 0.19675925925925927 0.0109375 0.017592592592592594
0 0.29453125 0.06527777777777778 0.011979166666666666 0.017592592592592594
0 0.10442708333333334 0.37453703703703706 0.011979166666666666 0.02314814814814815
0 0.30390625 0.41111111111111115 0.009895833333333333 0.018518518518518517
0 0.1890625 0.7310185185185185 0.015625 0.028703703703703703
0 0.2328125 0.7671296296296296 0.011458333333333333 0.026851851851851852
0 0.2559895833333333 0.7601851851851852 0.0140625 0.02592592592592593
0 0.746875 0.9731481481481482 0.019791666666666666 0.031481481481481485
0 0.5065104166666666 0.7240740740740741 0.015104166666666667 0.024074074074074074
0 0.49583333333333335 0.7416666666666667 0.016666666666666666 0.02592592592592593
0 0.35 0.6324074074074074 0.016666666666666666 0.02962962962962963
0 0.38984375 0.5986111111111111 0.015104166666666667 0.028703703703703703
0 0.4244791666666667 0.6458333333333334 0.015625 0.026851851851851852
0 0.36640625 0.4449074074074074 0.01614583333333333 0.025
0 0.52734375 0.28240740740740744 0.011979166666666666 0.022222222222222223
0 0.43307291666666664 0.1851851851851852 0.008854166666666666 0.020370370370370372
0 0.3924479166666667 0.1865740740740741 0.0109375 0.017592592592592594
0 0.3502604166666667 0.09953703703703703 0.0109375 0.017592592592592594
0 0.653125 0.06944444444444445 0.009375 0.020370370370370372
0 0.6807291666666666 0.06851851851851852 0.010416666666666666 0.020370370370370372
0 0.7127604166666667 0.20277777777777778 0.009895833333333333 0.018518518518518517
0 0.9390625 0.1736111111111111 0.011458333333333333 0.021296296296296296
0 0.8088541666666667 0.04398148148148148 0.009375 0.019444444444444445
0 0.8239583333333333 0.04722222222222222 0.009375 0.016666666666666666
