0 0.06875 0.03657407407407408 0.005208333333333333 0.012037037037037037
0 0.07447916666666667 0.03981481481481482 0.005208333333333333 0.011111111111111112
0 0.22916666666666666 0.08518518518518518 0.00625 0.014814814814814815
0 0.34791666666666665 0.1375 0.007291666666666667 0.01388888888888889
0 0.1 0.4953703703703704 0.013541666666666667 0.022222222222222223
0 0.2630208333333333 0.6287037037037038 0.014583333333333334 0.02592592592592593
0 0.3059895833333333 0.6439814814814815 0.011979166666666666 0.028703703703703703
0 0.3364583333333333 0.6513888888888889 0.017708333333333333 0.030555555555555558
0 0.265625 0.8222222222222223 0.017708333333333333 0.02777777777777778
0 0.32317708333333334 0.7912037037037037 0.01614583333333333 0.02314814814814815
0 0.36666666666666664 0.8421296296296297 0.014583333333333334 0.028703703703703703
0 0.3078125 0.35370370370370374 0.010416666666666666 0.022222222222222223
0 0.4 0.38796296296296295 0.011458333333333333 0.022222222222222223
0 0.42421875 0.13472222222222222 0.009895833333333333 0.019444444444444445
0 0.43776041666666665 0.1962962962962963 0.008854166666666666 0.016666666666666666
0 0.5296875 0.2902777777777778 0.010416666666666666 0.017592592592592594
0 0.65546875 0.07962962962962963 0.0078125 0.014814814814814815
0 0.6838541666666667 0.07546296296296297 0.007291666666666667 0.01388888888888889
0 0.715625 0.21342592592592594 0.007291666666666667 0.01388888888888889
0 0.81015625 0.051388888888888894 0.0067708333333333336 0.01388888888888889
0 0.8270833333333333 0.05601851851851852 0.00625 0.01388888888888889
0 0.8973958333333333 0.2490740740740741 0.009375 0.016666666666666666
0 0.9588541666666667 0.16203703703703703 0.009375 0.016666666666666666
0 0.13671875 0.9634259259259259 0.015104166666666667 0.03425925925925926
0 0.5033854166666667 0.7541666666666667 0.018229166666666668 0.028703703703703703
0 0.52421875 0.7185185185185186 0.0140625 0.024074074074074074
0 0.7463541666666667 0.9773148148148149 0.019791666666666666 0.03425925925925926
