0 0.190625 0.09722222222222222 0.009375 0.016666666666666666
0 0.1 0.5824074074074075 0.014583333333333334 0.02962962962962963
0 0.30703125 0.5787037037037037 0.0140625 0.031481481481481485
0 0.33828125 0.5953703703703704 0.011979166666666666 0.02777777777777778
0 0.3671875 0.600925925925926 0.013541666666666667 0.02777777777777778
0 0.32838541666666665 0.33287037037037037 0.009895833333333333 0.017592592592592594
0 0.40130208333333334 0.3578703703703704 0.008854166666666666 0.019444444444444445
0 0.35052083333333334 0.16203703703703703 0.007291666666666667 0.016666666666666666
0 0.4356770833333333 0.1953703703703704 0.0067708333333333336 0.018518518518518517
0 0.45807291666666666 0.11388888888888889 0.0078125 0.018518518518518517
0 0.5286458333333334 0.29120370370370374 0.010416666666666666 0.021296296296296296
0 0.18203125 0.8555555555555556 0.018229166666666668 0.040740740740740744
0 0.20859375 0.9495370370370371 0.01614583333333333 0.030555555555555558
0 0.2708333333333333 0.9217592592592593 0.013541666666666667 0.025
0 0.33098958333333334 0.9662037037037038 0.0171875 0.026851851851851852
0 0.49609375 0.7523148148148149 0.015104166666666667 0.03425925925925926
0 0.5518229166666666 0.7310185185185185 0.0140625 0.028703703703703703
0 0.75859375 0.9402777777777778 0.019270833333333334 0.028703703703703703
0 0.65390625 0.08101851851851852 0.0078125 0.015740740740740743
0 0.68125 0.07546296296296297 0.00625 0.015740740740740743
0 0.7161458333333334 0.21342592592592594 0.00625 0.01388888888888889
0 0.8083333333333333 0.052314814814814814 0.00625 0.01388888888888889
0 0.8263020833333333 0.05694444444444444 0.005729166666666666 0.012037037037037037
0 0.9223958333333333 0.2 0.00625 0.011111111111111112
0 0.8830729166666667 0.3037037037037037 0.008854166666666666 0.018518518518518517
