0 0.0067708333333333336 0.22731481481481483 0.007291666666666667 0.017592592592592594
0 0.01328125 0.2300925925925926 0.0078125 0.019444444444444445
0 0.30572916666666666 0.06944444444444445 0.010416666666666666 0.018518518518518517
0 0.35 0.09861111111111112 0.010416666666666666 0.017592592592592594
0 0.38958333333333334 0.19861111111111113 0.011458333333333333 0.021296296296296296
0 0.43307291666666664 0.1865740740740741 0.009895833333333333 0.021296296296296296
0 0.5270833333333333 0.28703703703703703 0.008333333333333333 0.016666666666666666
0 0.30026041666666664 0.4273148148148148 0.011979166666666666 0.025
0 0.36432291666666666 0.4625 0.0140625 0.026851851851851852
0 0.4015625 0.5712962962962963 0.0125 0.02777777777777778
0 0.35963541666666665 0.6013888888888889 0.0140625 0.026851851851851852
0 0.43203125 0.6175925925925926 0.0109375 0.02592592592592593
0 0.5078125 0.7291666666666667 0.0125 0.025
0 0.49583333333333335 0.7453703703703703 0.013541666666666667 0.02777777777777778
0 0.17057291666666666 0.7583333333333334 0.018229166666666668 0.037037037037037035
0 0.22213541666666667 0.7902777777777779 0.0140625 0.026851851851851852
0 0.24765625 0.7814814814814816 0.015104166666666667 0.03333333333333333
0 0.9518229166666666 0.16666666666666669 0.0140625 0.024074074074074074
0 0.809375 0.047685185185185185 0.009375 0.019444444444444445
0 0.8244791666666667 0.05092592592592593 0.007291666666666667 0.016666666666666666
0 0.7125 0.20833333333333334 0.008333333333333333 0.016666666666666666
0 0.65390625 0.07453703703703704 0.008854166666666666 0.017592592592592594
0 0.6817708333333333 0.07037037037037037 0.008333333333333333 0.016666666666666666
0 0.7434895833333334 0.9736111111111111 0.019270833333333334 0.03425925925925926
0 0.10390624999999999 0.3652777777777778 0.0140625 0.030555555555555558
