0 0.33046875 0.0638888888888889 0.009895833333333333 0.014814814814814815
0 0.35 0.09398148148148149 0.007291666666666667 0.01388888888888889
0 0.43333333333333335 0.18888888888888888 0.007291666666666667 0.020370370370370372
0 0.3833333333333333 0.23611111111111113 0.011458333333333333 0.020370370370370372
0 0.10364583333333333 0.32407407407407407 0.010416666666666666 0.022222222222222223
0 0.2921875 0.4652777777777778 0.011458333333333333 0.02314814814814815
0 0.35078125 0.4967592592592593 0.013020833333333334 0.02314814814814815
0 0.3807291666666667 0.5347222222222222 0.0125 0.026851851851851852
0 0.41822916666666665 0.512962962962963 0.010416666666666666 0.022222222222222223
0 0.45078124999999997 0.5523148148148148 0.011979166666666666 0.021296296296296296
0 0.13932291666666666 0.8314814814814815 0.022395833333333334 0.03518518518518519
0 0.19322916666666667 0.8634259259259259 0.017708333333333333 0.028703703703703703
0 0.21380208333333334 0.8606481481481482 0.019270833333333334 0.03796296296296296
0 0.3169270833333333 0.9259259259259259 0.01614583333333333 0.037037037037037035
0 0.5080729166666667 0.7310185185185185 0.015104166666666667 0.028703703703703703
0 0.4934895833333333 0.7449074074074075 0.013020833333333334 0.028703703703703703
0 0.7453125 0.9805555555555556 0.020833333333333332 0.03518518518518519
0 0.7140625 0.21203703703703705 0.014583333333333334 0.022222222222222223
0 0.5296875 0.2796296296296296 0.0125 0.024074074074074074
0 0.6828125 0.075 0.009375 0.018518518518518517
0 0.6528645833333333 0.07592592592592592 0.009895833333333333 0.020370370370370372
0 0.8104166666666667 0.049074074074074076 0.010416666666666666 0.018518518518518517
0 0.8244791666666667 0.05277777777777778 0.008333333333333333 0.012962962962962964
