0 0.10260416666666666 0.3143518518518519 0.013541666666666667 0.02314814814814815
0 0.3346354166666667 0.06435185185185185 0.011979166666666666 0.017592592592592594
0 0.35052083333333334 0.09166666666666667 0.010416666666666666 0.014814814814814815
0 0.38229166666666664 0.2388888888888889 0.011458333333333333 0.02592592592592593
0 0.43359375 0.18981481481481483 0.009895833333333333 0.022222222222222223
0 0.2908854166666667 0.4726851851851852 0.015104166666666667 0.03425925925925926
0 0.346875 0.5037037037037038 0.016666666666666666 0.02962962962962963
0 0.38255208333333335 0.5231481481481481 0.0171875 0.03518518518518519
0 0.4200520833333333 0.5041666666666667 0.015104166666666667 0.030555555555555558
0 0.45260416666666664 0.5375 0.0125 0.021296296296296296
0 0.13359375 0.8453703703703704 0.018229166666666668 0.03888888888888889
0 0.18489583333333334 0.8689814814814815 0.0125 0.030555555555555558
0 0.21119791666666665 0.8712962962962963 0.0171875 0.03518518518518519
0 0.3216145833333333 0.9041666666666667 0.019270833333333334 0.03425925925925926
0 0.5091145833333334 0.7356481481481482 0.018229166666666668 0.032407407407407406
0 0.49583333333333335 0.7472222222222222 0.0125 0.03518518518518519
0 0.7458333333333333 0.9800925925925926 0.019791666666666666 0.030555555555555558
0 0.5296875 0.27824074074074073 0.010416666666666666 0.021296296296296296
0 0.653125 0.07731481481481482 0.010416666666666666 0.021296296296296296
0 0.68125 0.07222222222222223 0.007291666666666667 0.016666666666666666
0 0.7140625 0.21157407407407408 0.009375 0.017592592592592594
0 0.8117187499999999 0.05 0.0078125 0.018518518518518517
0 0.8252604166666666 0.05277777777777778 0.0078125 0.016666666666666666
