0 0.09947916666666666 0.34074074074074073 0.009375 0.020370370370370372
0 0.3208333333333333 0.06805555555555556 0.009375 0.015740740740740743
0 0.3489583333333333 0.09722222222222222 0.008333333333333333 0.016666666666666666
0 0.38776041666666666 0.21805555555555556 0.011979166666666666 0.021296296296296296
0 0.15026041666666667 0.8060185185185186 0.01614583333333333 0.04166666666666667
0 0.20130208333333333 0.8347222222222223 0.01614583333333333 0.03425925925925926
0 0.22447916666666667 0.8268518518518518 0.016666666666666666 0.03333333333333333
0 0.5072916666666667 0.7337962962962963 0.013541666666666667 0.030555555555555558
0 0.4953125 0.7527777777777778 0.013541666666666667 0.031481481481481485
0 0.40729166666666666 0.5351851851851852 0.015625 0.031481481481481485
0 0.44453125 0.576388888888889 0.0140625 0.026851851851851852
0 0.3703125 0.5583333333333333 0.014583333333333334 0.024074074074074074
0 0.35885416666666664 0.48703703703703705 0.0125 0.02592592592592593
0 0.29296875 0.4527777777777778 0.011979166666666666 0.022222222222222223
0 0.43359375 0.1875 0.009895833333333333 0.017592592592592594
0 0.5291666666666667 0.28101851851851856 0.013541666666666667 0.021296296296296296
0 0.29713541666666665 0.9689814814814816 0.01614583333333333 0.032407407407407406
0 0.7440104166666667 0.9782407407407407 0.018229166666666668 0.03425925925925926
0 0.6544270833333333 0.07777777777777778 0.0078125 0.018518518518518517
0 0.6830729166666667 0.07546296296296297 0.011979166666666666 0.019444444444444445
0 0.7145833333333333 0.2087962962962963 0.008333333333333333 0.017592592592592594
0 0.8096354166666666 0.04953703703703704 0.009895833333333333 0.015740740740740743
0 0.8239583333333333 0.05416666666666667 0.007291666666666667 0.01388888888888889
