0 0.004427083333333333 0.25972222222222224 0.0078125 0.021296296296296296
0 0.10104166666666667 0.35185185185185186 0.013541666666666667 0.020370370370370372
0 0.3140625 0.06805555555555556 0.009375 0.017592592592592594
0 0.3481770833333333 0.0962962962962963 0.0078125 0.016666666666666666
0 0.39010416666666664 0.2125 0.009375 0.019444444444444445
0 0.29453125 0.4398148148148148 0.0109375 0.024074074074074074
0 0.36328125 0.47361111111111115 0.011979166666666666 0.02314814814814815
0 0.3640625 0.5824074074074075 0.014583333333333334 0.02592592592592593
0 0.40546875 0.5587962962962963 0.013020833333333334 0.02314814814814815
0 0.15677083333333333 0.7791666666666667 0.014583333333333334 0.032407407407407406
0 0.2109375 0.8171296296296297 0.014583333333333334 0.032407407407407406
0 0.23880208333333333 0.8115740740740741 0.019270833333333334 0.03796296296296296
0 0.7479166666666667 0.9819444444444445 0.020833333333333332 0.03425925925925926
0 0.4947916666666667 0.7513888888888889 0.014583333333333334 0.030555555555555558
0 0.5065104166666666 0.7324074074074074 0.015104166666666667 0.02962962962962963
0 0.43984375 0.5976851851851852 0.013020833333333334 0.025
0 0.5286458333333334 0.2847222222222222 0.010416666666666666 0.021296296296296296
0 0.43333333333333335 0.18796296296296297 0.009375 0.018518518518518517
0 0.6533854166666666 0.0763888888888889 0.0078125 0.017592592592592594
0 0.6822916666666666 0.07453703703703704 0.009375 0.015740740740740743
0 0.71328125 0.2111111111111111 0.008854166666666666 0.018518518518518517
0 0.8098958333333334 0.05 0.009375 0.016666666666666666
0 0.8252604166666666 0.05416666666666667 0.0067708333333333336 0.015740740740740743
0 0.9651041666666667 0.16203703703703703 0.0125 0.02592592592592593
