0 0.10338541666666666 0.31342592592592594 0.011979166666666666 0.025
0 0.3359375 0.0638888888888889 0.010416666666666666 0.018518518518518517
0 0.3502604166666667 0.08935185185185185 0.0078125 0.015740740740740743
0 0.43333333333333335 0.18888888888888888 0.009375 0.020370370370370372
0 0.38125 0.23750000000000002 0.013541666666666667 0.025
0 0.28984375 0.475462962962963 0.015104166666666667 0.028703703703703703
0 0.3455729166666667 0.5037037037037038 0.0140625 0.024074074074074074
0 0.38307291666666665 0.5180555555555556 0.0140625 0.026851851851851852
0 0.42109375 0.4949074074074074 0.011979166666666666 0.025
0 0.4544270833333333 0.5351851851851852 0.011979166666666666 0.022222222222222223
0 0.12864583333333332 0.8476851851851852 0.01875 0.032407407407407406
0 0.18515625 0.8722222222222222 0.01614583333333333 0.02962962962962963
0 0.20807291666666666 0.875925925925926 0.015104166666666667 0.02962962962962963
0 0.32395833333333335 0.8935185185185186 0.01875 0.037037037037037035
0 0.5080729166666667 0.7342592592592593 0.015104166666666667 0.02592592592592593
0 0.49192708333333335 0.7449074074074075 0.01614583333333333 0.030555555555555558
0 0.7455729166666667 0.9814814814814815 0.0234375 0.03333333333333333
0 0.5294270833333333 0.2740740740740741 0.0109375 0.020370370370370372
0 0.7135416666666666 0.20925925925925926 0.011458333333333333 0.020370370370370372
0 0.68125 0.07453703703703704 0.0125 0.019444444444444445
0 0.6518229166666667 0.0763888888888889 0.008854166666666666 0.015740740740740743
0 0.8109375 0.047685185185185185 0.008333333333333333 0.015740740740740743
0 0.8263020833333333 0.05462962962962963 0.0078125 0.016666666666666666
