0 0.09973958333333333 0.2939814814814815 0.0109375 0.019444444444444445
0 0.34713541666666664 0.05925925925925926 0.0109375 0.016666666666666666
0 0.3497395833333333 0.08703703703703704 0.008854166666666666 0.014814814814814815
0 0.43203125 0.1865740740740741 0.008854166666666666 0.015740740740740743
0 0.37838541666666664 0.25324074074074077 0.009895833333333333 0.019444444444444445
0 0.28020833333333334 0.49259259259259264 0.0125 0.02962962962962963
0 0.33958333333333335 0.5222222222222223 0.013541666666666667 0.022222222222222223
0 0.3872395833333333 0.49212962962962964 0.013020833333333334 0.02314814814814815
0 0.4239583333333333 0.4759259259259259 0.013541666666666667 0.024074074074074074
0 0.4627604166666667 0.5083333333333333 0.0109375 0.024074074074074074
0 0.10807291666666667 0.8833333333333334 0.018229166666666668 0.031481481481481485
0 0.17291666666666666 0.9041666666666667 0.017708333333333333 0.030555555555555558
0 0.20182291666666666 0.9074074074074074 0.0171875 0.03333333333333333
0 0.33151041666666664 0.8425925925925927 0.013020833333333334 0.02592592592592593
0 0.5075520833333333 0.7324074074074074 0.013020833333333334 0.02592592592592593
0 0.49374999999999997 0.7467592592592592 0.016666666666666666 0.03425925925925926
0 0.7489583333333333 0.9819444444444445 0.019791666666666666 0.03425925925925926
0 0.5263020833333333 0.26944444444444443 0.009895833333333333 0.016666666666666666
0 0.6526041666666667 0.07407407407407407 0.008333333333333333 0.016666666666666666
0 0.6809895833333334 0.07222222222222223 0.008854166666666666 0.014814814814814815
0 0.7135416666666666 0.20925925925925926 0.008333333333333333 0.018518518518518517
0 0.8117187499999999 0.04722222222222222 0.0067708333333333336 0.014814814814814815
0 0.8239583333333333 0.04861111111111111 0.007291666666666667 0.015740740740740743
