0 0.0046875 0.2351851851851852 0.00625 0.016666666666666666
0 0.012239583333333333 0.2388888888888889 0.0067708333333333336 0.016666666666666666
0 0.10338541666666666 0.3625 0.011979166666666666 0.021296296296296296
0 0.3072916666666667 0.06712962962962964 0.007291666666666667 0.01388888888888889
0 0.3484375 0.09675925925925927 0.007291666666666667 0.015740740740740743
0 0.38958333333333334 0.19907407407407407 0.00625 0.014814814814814815
0 0.29921875 0.43472222222222223 0.013020833333333334 0.026851851851851852
0 0.36354166666666665 0.46342592592592596 0.010416666666666666 0.021296296296296296
0 0.40130208333333334 0.5648148148148149 0.0109375 0.020370370370370372
0 0.3611979166666667 0.5962962962962963 0.011979166666666666 0.020370370370370372
0 0.434375 0.612037037037037 0.014583333333333334 0.02592592592592593
0 0.16640625 0.7648148148148148 0.01614583333333333 0.031481481481481485
0 0.21901041666666665 0.7990740740740742 0.01614583333333333 0.024074074074074074
0 0.24557291666666667 0.788425925925926 0.0140625 0.028703703703703703
0 0.49374999999999997 0.7472222222222222 0.013541666666666667 0.024074074074074074
0 0.5059895833333333 0.7282407407407407 0.0109375 0.021296296296296296
0 0.7473958333333334 0.9787037037037037 0.016666666666666666 0.02962962962962963
0 0.9546875 0.16712962962962963 0.009375 0.021296296296296296
0 0.8080729166666667 0.04861111111111111 0.0067708333333333336 0.01388888888888889
0 0.8244791666666667 0.053703703703703705 0.007291666666666667 0.014814814814814815
0 0.52890625 0.287962962962963 0.011979166666666666 0.016666666666666666
0 0.7127604166666667 0.20787037037037037 0.008854166666666666 0.015740740740740743
0 0.6817708333333333 0.07314814814814816 0.008333333333333333 0.014814814814814815
0 0.6533854166666666 0.0763888888888889 0.0078125 0.015740740740740743
0 0.43333333333333335 0.18796296296296297 0.010416666666666666 0.016666666666666666
