0 0.10338541666666666 0.913425925925926 0.019270833333333334 0.04166666666666667
0 0.3346354166666667 0.5324074074074074 0.0140625 0.024074074074074074
0 0.37447916666666664 0.26481481481481484 0.009375 0.018518518518518517
0 0.42864583333333334 0.45231481481481484 0.010416666666666666 0.021296296296296296
0 0.18541666666666667 0.9347222222222222 0.01875 0.04537037037037037
0 0.2734375 0.5074074074074074 0.013541666666666667 0.031481481481481485
0 0.34375 0.7972222222222223 0.014583333333333334 0.031481481481481485
0 0.39140625 0.46944444444444444 0.011979166666666666 0.024074074074074074
0 0.46484375 0.4865740740740741 0.009895833333333333 0.021296296296296296
0 0.5255208333333333 0.2675925925925926 0.007291666666666667 0.018518518518518517
0 0.10260416666666666 0.28194444444444444 0.010416666666666666 0.019444444444444445
0 0.4953125 0.7476851851851852 0.015625 0.03796296296296296
0 0.43255208333333334 0.1875 0.0067708333333333336 0.021296296296296296
0 0.6809895833333334 0.0712962962962963 0.0078125 0.018518518518518517
0 0.15833333333333333 0.9273148148148148 0.017708333333333333 0.03981481481481482
0 0.7125 0.20972222222222223 0.008333333333333333 0.019444444444444445
0 0.65234375 0.07361111111111111 0.0078125 0.015740740740740743
0 0.8130208333333333 0.04583333333333334 0.007291666666666667 0.01388888888888889
0 0.5075520833333333 0.7324074074074074 0.015104166666666667 0.02962962962962963
0 0.7442708333333333 0.9814814814814815 0.022916666666666665 0.037037037037037035
0 0.35494791666666664 0.0587962962962963 0.0067708333333333336 0.015740740740740743
0 0.82421875 0.05 0.0078125 0.014814814814814815
0 0.3489583333333333 0.08240740740740742 0.007291666666666667 0.016666666666666666
0 0.6510416666666666 0.11944444444444445 0.0125 0.024074074074074074
0 0.3299479166666667 0.987962962962963 0.018229166666666668 0.022222222222222223
0 0.30104166666666665 0.987962962962963 0.021875 0.018518518518518517
