0 0.10416666666666667 0.9171296296296296 0.01875 0.04351851851851852
0 0.33359375 0.5337962962962963 0.013020833333333334 0.025
0 0.1828125 0.9370370370370371 0.01875 0.044444444444444446
0 0.37395833333333334 0.2675925925925926 0.009375 0.018518518518518517
0 0.3458333333333333 0.7949074074074074 0.014583333333333334 0.032407407407407406
0 0.46484375 0.4847222222222222 0.009895833333333333 0.021296296296296296
0 0.3919270833333333 0.46851851851851856 0.011979166666666666 0.024074074074074074
0 0.42942708333333335 0.45046296296296295 0.0109375 0.021296296296296296
0 0.2734375 0.5101851851851852 0.013541666666666667 0.031481481481481485
0 0.10260416666666666 0.28101851851851856 0.010416666666666666 0.019444444444444445
0 0.4953125 0.7486111111111111 0.015625 0.03796296296296296
0 0.43255208333333334 0.18703703703703706 0.0067708333333333336 0.022222222222222223
0 0.5252604166666667 0.26805555555555555 0.0067708333333333336 0.017592592592592594
0 0.68125 0.0712962962962963 0.008333333333333333 0.018518518518518517
0 0.15755208333333334 0.9296296296296297 0.018229166666666668 0.040740740740740744
0 0.7127604166666667 0.20972222222222223 0.0078125 0.019444444444444445
0 0.81328125 0.04583333333333334 0.0078125 0.01388888888888889
0 0.6518229166666667 0.07314814814814816 0.0078125 0.016666666666666666
0 0.5078125 0.7328703703703704 0.015625 0.030555555555555558
0 0.82421875 0.04953703703703704 0.0078125 0.01388888888888889
0 0.35546875 0.05925925925925926 0.0067708333333333336 0.016666666666666666
0 0.7447916666666666 0.9810185185185185 0.021875 0.036111111111111115
0 0.3494791666666667 0.08194444444444444 0.007291666666666667 0.015740740740740743
0 0.30182291666666666 0.9921296296296297 0.0203125 0.02314814814814815
0 0.33177083333333335 0.9837962962962963 0.021875 0.030555555555555558
0 0.6505208333333333 0.1212962962962963 0.015625 0.02777777777777778
