0 0.3921875 0.6087962962962963 0.0125 0.026851851851851852
0 0.409375 0.7731481481481481 0.015625 0.031481481481481485
0 0.3854166666666667 0.7856481481481482 0.014583333333333334 0.028703703703703703
0 0.30625 0.6300925925925926 0.011458333333333333 0.030555555555555558
0 0.4296875 0.35694444444444445 0.009375 0.019444444444444445
0 0.4700520833333333 0.3819444444444445 0.008854166666666666 0.02314814814814815
0 0.5005208333333333 0.7467592592592592 0.017708333333333333 0.03981481481481482
0 0.23984375 0.6018518518518519 0.0140625 0.031481481481481485
0 0.653125 0.07268518518518519 0.008333333333333333 0.021296296296296296
0 0.3927083333333333 0.37083333333333335 0.011458333333333333 0.02314814814814815
0 0.10104166666666667 0.21296296296296297 0.010416666666666666 0.018518518518518517
0 0.7127604166666667 0.21064814814814817 0.008854166666666666 0.019444444444444445
0 0.68203125 0.07407407407407407 0.0078125 0.020370370370370372
0 0.5197916666666667 0.7337962962962963 0.015625 0.030555555555555558
0 0.37734375 0.06759259259259259 0.005729166666666666 0.012962962962962964
0 0.4578125 0.9611111111111111 0.017708333333333333 0.031481481481481485
0 0.74375 0.9828703703703704 0.025 0.036111111111111115
0 0.8135416666666666 0.04861111111111111 0.007291666666666667 0.012037037037037037
0 0.43333333333333335 0.18611111111111112 0.007291666666666667 0.020370370370370372
0 0.8255208333333334 0.051388888888888894 0.014583333333333334 0.030555555555555558
0 0.6510416666666666 0.12407407407407407 0.0125 0.022222222222222223
0 0.528125 0.27685185185185185 0.014583333333333334 0.02777777777777778
0 0.35 0.07962962962962963 0.014583333333333334 0.022222222222222223
0 0.31015625 0.3351851851851852 0.0171875 0.02777777777777778
