0 0.10338541666666666 0.1875 0.009895833333333333 0.017592592592592594
0 0.26875 0.36064814814814816 0.0125 0.02314814814814815
0 0.42473958333333334 0.325 0.0109375 0.020370370370370372
0 0.43723958333333335 0.6986111111111112 0.015104166666666667 0.030555555555555558
0 0.41744791666666664 0.7092592592592593 0.0140625 0.02777777777777778
0 0.50234375 0.7467592592592592 0.0171875 0.03981481481481482
0 0.30104166666666665 0.6717592592592593 0.0125 0.028703703703703703
0 0.41119791666666666 0.5449074074074074 0.011979166666666666 0.025
0 0.3859375 0.33240740740740743 0.010416666666666666 0.022222222222222223
0 0.6830729166666667 0.075 0.0078125 0.020370370370370372
0 0.21979166666666666 0.6398148148148148 0.014583333333333334 0.031481481481481485
0 0.6544270833333333 0.07407407407407407 0.0078125 0.018518518518518517
0 0.46432291666666664 0.3425925925925926 0.0078125 0.018518518518518517
0 0.715625 0.21157407407407408 0.008333333333333333 0.019444444444444445
0 0.5192708333333333 0.7337962962962963 0.016666666666666666 0.032407407407407406
0 0.7440104166666667 0.9824074074074074 0.024479166666666666 0.037037037037037035
0 0.52890625 0.2777777777777778 0.0078125 0.020370370370370372
0 0.5140625 0.8958333333333334 0.014583333333333334 0.030555555555555558
0 0.38177083333333334 0.06805555555555556 0.00625 0.015740740740740743
0 0.43463541666666666 0.18935185185185185 0.005729166666666666 0.019444444444444445
0 0.35260416666666666 0.07962962962962963 0.015625 0.022222222222222223
0 0.6515625 0.1212962962962963 0.013541666666666667 0.024074074074074074
0 0.8145833333333333 0.04814814814814815 0.011458333333333333 0.024074074074074074
0 0.8278645833333333 0.05277777777777778 0.008854166666666666 0.024074074074074074
