0 0.46979166666666666 0.3768518518518519 0.009375 0.020370370370370372
0 0.42864583333333334 0.3513888888888889 0.009375 0.021296296296296296
0 0.30442708333333335 0.6333333333333333 0.011979166666666666 0.02962962962962963
0 0.5005208333333333 0.7472222222222222 0.017708333333333333 0.040740740740740744
0 0.3888020833333333 0.7722222222222223 0.013020833333333334 0.02777777777777778
0 0.41380208333333335 0.7597222222222223 0.015104166666666667 0.030555555555555558
0 0.39348958333333334 0.5967592592592593 0.011979166666666666 0.025
0 0.23776041666666667 0.6092592592592593 0.0140625 0.031481481481481485
0 0.10026041666666667 0.2111111111111111 0.009895833333333333 0.018518518518518517
0 0.4666666666666667 0.9532407407407407 0.016666666666666666 0.032407407407407406
0 0.30442708333333335 0.34120370370370373 0.008854166666666666 0.019444444444444445
0 0.390625 0.3648148148148148 0.010416666666666666 0.022222222222222223
0 0.6815104166666667 0.07453703703703704 0.0078125 0.019444444444444445
0 0.7135416666666666 0.2111111111111111 0.007291666666666667 0.018518518518518517
0 0.43359375 0.18935185185185185 0.0067708333333333336 0.021296296296296296
0 0.6526041666666667 0.07546296296296297 0.007291666666666667 0.015740740740740743
0 0.51953125 0.7342592592592593 0.01614583333333333 0.031481481481481485
0 0.378125 0.06759259259259259 0.00625 0.014814814814814815
0 0.74375 0.9828703703703704 0.025 0.036111111111111115
0 0.8130208333333333 0.05092592592592593 0.007291666666666667 0.011111111111111112
0 0.35104166666666664 0.07777777777777778 0.010416666666666666 0.018518518518518517
0 0.528125 0.2763888888888889 0.014583333333333334 0.030555555555555558
0 0.6515625 0.12314814814814816 0.010416666666666666 0.020370370370370372
0 0.8255208333333334 0.05462962962962963 0.010416666666666666 0.020370370370370372
