0 0.10286458333333333 0.9351851851851852 0.018229166666666668 0.040740740740740744
0 0.39557291666666666 0.4513888888888889 0.0109375 0.025
0 0.31536458333333334 0.9666666666666667 0.018229166666666668 0.03333333333333333
0 0.35625 0.7657407407407407 0.014583333333333334 0.031481481481481485
0 0.36744791666666665 0.274537037037037 0.008854166666666666 0.017592592592592594
0 0.34348958333333335 0.9546296296296297 0.0171875 0.03518518518518519
0 0.10442708333333334 0.26712962962962966 0.009895833333333333 0.019444444444444445
0 0.4661458333333333 0.46620370370370373 0.010416666666666666 0.02314814814814815
0 0.2713541666666667 0.5189814814814815 0.013541666666666667 0.026851851851851852
0 0.32890625 0.5467592592592593 0.011979166666666666 0.026851851851851852
0 0.17239583333333333 0.9587962962962964 0.019791666666666666 0.04722222222222222
0 0.496875 0.7476851851851852 0.015625 0.03796296296296296
0 0.15104166666666666 0.9546296296296297 0.019791666666666666 0.0462962962962963
0 0.43515624999999997 0.4337962962962963 0.0109375 0.021296296296296296
0 0.7122395833333334 0.20972222222222223 0.0078125 0.017592592592592594
0 0.5265625 0.26851851851851855 0.005208333333333333 0.016666666666666666
0 0.74296875 0.9805555555555556 0.0203125 0.03518518518518519
0 0.5109375 0.7324074074074074 0.016666666666666666 0.03333333333333333
0 0.65234375 0.07314814814814816 0.0078125 0.018518518518518517
0 0.68125 0.07037037037037037 0.007291666666666667 0.016666666666666666
0 0.3489583333333333 0.07916666666666666 0.007291666666666667 0.015740740740740743
0 0.4328125 0.18472222222222223 0.007291666666666667 0.019444444444444445
0 0.3611979166666667 0.053703703703703705 0.0067708333333333336 0.014814814814814815
0 0.65078125 0.11898148148148148 0.01614583333333333 0.032407407407407406
0 0.8119791666666667 0.0462962962962963 0.0125 0.020370370370370372
0 0.8255208333333334 0.05 0.0125 0.02777777777777778
