0 0.103125 0.22037037037037038 0.010416666666666666 0.020370370370370372
0 0.3885416666666667 0.6231481481481481 0.013541666666666667 0.02777777777777778
0 0.3106770833333333 0.6152777777777778 0.011979166666666666 0.028703703703703703
0 0.3770833333333333 0.8032407407407408 0.013541666666666667 0.028703703703703703
0 0.4984375 0.7462962962962963 0.015625 0.03888888888888889
0 0.4708333333333333 0.39166666666666666 0.009375 0.022222222222222223
0 0.43307291666666664 0.3662037037037037 0.009895833333333333 0.021296296296296296
0 0.40078125 0.7981481481481482 0.01614583333333333 0.037037037037037035
0 0.24453125 0.5888888888888889 0.0140625 0.02962962962962963
0 0.7125 0.20972222222222223 0.009375 0.019444444444444445
0 0.3953125 0.37962962962962965 0.010416666666666666 0.022222222222222223
0 0.5197916666666667 0.7333333333333334 0.015625 0.02962962962962963
0 0.6815104166666667 0.07314814814814816 0.0078125 0.018518518518518517
0 0.32057291666666665 0.3282407407407408 0.008854166666666666 0.019444444444444445
0 0.5286458333333334 0.27731481481481485 0.008333333333333333 0.019444444444444445
0 0.653125 0.07407407407407407 0.007291666666666667 0.016666666666666666
0 0.8130208333333333 0.047685185185185185 0.007291666666666667 0.015740740740740743
0 0.74296875 0.9824074074074074 0.0234375 0.03518518518518519
0 0.3765625 0.06620370370370371 0.00625 0.012037037037037037
0 0.44140625 0.9777777777777779 0.019270833333333334 0.037037037037037035
0 0.43333333333333335 0.18703703703703706 0.007291666666666667 0.020370370370370372
0 0.3515625 0.07731481481481482 0.007291666666666667 0.01388888888888889
0 0.825 0.049074074074074076 0.013541666666666667 0.022222222222222223
0 0.6515625 0.11990740740740741 0.015625 0.028703703703703703
