0 0.42994791666666665 0.6814814814814815 0.013020833333333334 0.02777777777777778
0 0.25234375 0.3731481481481482 0.011979166666666666 0.022222222222222223
0 0.21875 0.6592592592592593 0.014583333333333334 0.031481481481481485
0 0.45416666666666666 0.6726851851851852 0.013541666666666667 0.028703703703703703
0 0.29609375 0.6893518518518519 0.011979166666666666 0.028703703703703703
0 0.10130208333333333 0.18055555555555555 0.0109375 0.018518518518518517
0 0.534375 0.8638888888888889 0.01875 0.040740740740740744
0 0.503125 0.7449074074074075 0.015625 0.03796296296296296
0 0.4161458333333333 0.5203703703703704 0.011458333333333333 0.024074074074074074
0 0.6546875 0.07268518518518519 0.007291666666666667 0.017592592592592594
0 0.4171875 0.31666666666666665 0.011458333333333333 0.020370370370370372
0 0.4591145833333333 0.32916666666666666 0.008854166666666666 0.017592592592592594
0 0.7166666666666667 0.21064814814814817 0.008333333333333333 0.019444444444444445
0 0.3807291666666667 0.3212962962962963 0.010416666666666666 0.022222222222222223
0 0.6833333333333333 0.07314814814814816 0.007291666666666667 0.020370370370370372
0 0.5200520833333333 0.7324074074074074 0.015104166666666667 0.031481481481481485
0 0.5286458333333334 0.2777777777777778 0.008333333333333333 0.020370370370370372
0 0.008854166666666666 0.8115740740740741 0.016666666666666666 0.036111111111111115
0 0.3809895833333333 0.06805555555555556 0.005729166666666666 0.015740740740740743
0 0.74453125 0.9819444444444445 0.024479166666666666 0.03796296296296296
0 0.43515624999999997 0.1875 0.005729166666666666 0.017592592592592594
0 0.8265625 0.05185185185185186 0.00625 0.011111111111111112
0 0.8140625 0.05092592592592593 0.00625 0.009259259259259259
0 0.3528645833333333 0.0787037037037037 0.018229166666666668 0.02777777777777778
0 0.6526041666666667 0.1212962962962963 0.0125 0.024074074074074074
