0 0.42526041666666664 0.4842592592592593 0.0109375 0.024074074074074074
0 0.4122395833333333 0.2990740740740741 0.009895833333333333 0.020370370370370372
0 0.28541666666666665 0.7152777777777778 0.0125 0.025
0 0.34713541666666664 0.9439814814814815 0.0171875 0.03981481481481482
0 0.21276041666666667 0.6819444444444445 0.015104166666666667 0.028703703703703703
0 0.10208333333333333 0.16574074074074074 0.009375 0.016666666666666666
0 0.4739583333333333 0.6347222222222223 0.013541666666666667 0.028703703703703703
0 0.019010416666666665 0.7587962962962963 0.0171875 0.036111111111111115
0 0.5036458333333333 0.7444444444444445 0.015625 0.03888888888888889
0 0.5643229166666667 0.8333333333333334 0.01614583333333333 0.031481481481481485
0 0.4518229166666667 0.6421296296296296 0.0109375 0.025
0 0.5208333333333334 0.7296296296296296 0.015625 0.02962962962962963
0 0.37838541666666664 0.06944444444444445 0.0067708333333333336 0.018518518518518517
0 0.7177083333333333 0.2087962962962963 0.008333333333333333 0.019444444444444445
0 0.3755208333333333 0.2986111111111111 0.010416666666666666 0.021296296296296296
0 0.4497395833333333 0.3060185185185185 0.008854166666666666 0.019444444444444445
0 0.65546875 0.07268518518518519 0.0067708333333333336 0.017592592592592594
0 0.6838541666666667 0.0712962962962963 0.00625 0.020370370370370372
0 0.221875 0.3851851851851852 0.0125 0.022222222222222223
0 0.43515624999999997 0.1865740740740741 0.005729166666666666 0.019444444444444445
0 0.3528645833333333 0.08055555555555556 0.0078125 0.020370370370370372
0 0.6268229166666667 0.006481481481481482 0.005729166666666666 0.011111111111111112
0 0.7450520833333333 0.9805555555555556 0.021354166666666667 0.03518518518518519
0 0.6526041666666667 0.12037037037037038 0.0125 0.02592592592592593
0 0.8156249999999999 0.04722222222222222 0.015625 0.022222222222222223
0 0.8307291666666666 0.05092592592592593 0.009375 0.024074074074074074
0 0.5296875 0.27592592592592596 0.0125 0.02592592592592593
