0 0.09140625 0.9689814814814816 0.0203125 0.04537037037037037
0 0.33229166666666665 0.9240740740740742 0.017708333333333333 0.031481481481481485
0 0.4354166666666667 0.41805555555555557 0.011458333333333333 0.021296296296296296
0 0.3609375 0.7277777777777779 0.014583333333333334 0.02962962962962963
0 0.10286458333333333 0.2574074074074074 0.0109375 0.020370370370370372
0 0.4981770833333333 0.7472222222222222 0.0171875 0.03888888888888889
0 0.39791666666666664 0.4324074074074074 0.011458333333333333 0.024074074074074074
0 0.3638020833333333 0.9148148148148149 0.01614583333333333 0.037037037037037035
0 0.46901041666666665 0.44953703703703707 0.009895833333333333 0.021296296296296296
0 0.26484375 0.5328703703703704 0.013020833333333334 0.025
0 0.3223958333333333 0.5601851851851852 0.0125 0.02777777777777778
0 0.6809895833333334 0.07037037037037037 0.0078125 0.018518518518518517
0 0.35859375 0.287962962962963 0.0109375 0.018518518518518517
0 0.16822916666666665 0.9865740740740742 0.020833333333333332 0.032407407407407406
0 0.4328125 0.18472222222222223 0.00625 0.019444444444444445
0 0.7125 0.20972222222222223 0.008333333333333333 0.017592592592592594
0 0.14583333333333334 0.9814814814814815 0.019791666666666666 0.037037037037037035
0 0.7442708333333333 0.9791666666666667 0.022916666666666665 0.03796296296296296
0 0.5122395833333333 0.7263888888888889 0.015104166666666667 0.028703703703703703
0 0.6526041666666667 0.07268518518518519 0.007291666666666667 0.017592592592592594
0 0.34869791666666666 0.07777777777777778 0.0067708333333333336 0.016666666666666666
0 0.5278645833333333 0.2712962962962963 0.018229166666666668 0.024074074074074074
0 0.36953125 0.05185185185185186 0.0203125 0.022222222222222223
0 0.6515625 0.11574074074074074 0.015625 0.016666666666666666
0 0.8083333333333333 0.04722222222222222 0.0125 0.022222222222222223
0 0.8244791666666667 0.049074074074074076 0.0125 0.02592592592592593
