0 0.45598958333333334 0.6699074074074074 0.0140625 0.030555555555555558
0 0.24973958333333332 0.375 0.0109375 0.024074074074074074
0 0.4317708333333333 0.6782407407407408 0.0125 0.026851851851851852
0 0.10104166666666667 0.17962962962962964 0.010416666666666666 0.018518518518518517
0 0.4161458333333333 0.5175925925925926 0.011458333333333333 0.024074074074074074
0 0.21875 0.6601851851851852 0.014583333333333334 0.02962962962962963
0 0.45807291666666666 0.3277777777777778 0.008854166666666666 0.020370370370370372
0 0.5354166666666667 0.862037037037037 0.016666666666666666 0.037037037037037035
0 0.2955729166666667 0.6916666666666667 0.0109375 0.02592592592592593
0 0.5028645833333333 0.7453703703703703 0.01614583333333333 0.037037037037037035
0 0.4166666666666667 0.3148148148148148 0.010416666666666666 0.018518518518518517
0 0.37994791666666666 0.32037037037037036 0.009895833333333333 0.022222222222222223
0 0.6544270833333333 0.07222222222222223 0.0078125 0.018518518518518517
0 0.7166666666666667 0.2101851851851852 0.008333333333333333 0.018518518518518517
0 0.6833333333333333 0.07314814814814816 0.007291666666666667 0.020370370370370372
0 0.008854166666666666 0.8060185185185186 0.016666666666666666 0.036111111111111115
0 0.5197916666666667 0.7328703703703704 0.015625 0.032407407407407406
0 0.5283854166666666 0.27731481481481485 0.0078125 0.019444444444444445
0 0.7442708333333333 0.9819444444444445 0.022916666666666665 0.036111111111111115
0 0.43515624999999997 0.18703703703703706 0.005729166666666666 0.018518518518518517
0 0.81484375 0.04953703703703704 0.0067708333333333336 0.012037037037037037
0 0.38125 0.06805555555555556 0.00625 0.01388888888888889
0 0.353125 0.07685185185185185 0.014583333333333334 0.020370370370370372
0 0.6520833333333333 0.1212962962962963 0.011458333333333333 0.024074074074074074
0 0.8270833333333333 0.05185185185185186 0.011458333333333333 0.018518518518518517
