0 0.10364583333333333 0.1962962962962963 0.009375 0.018518518518518517
0 0.40703125 0.5615740740740741 0.011979166666666666 0.025
0 0.42994791666666665 0.7189814814814816 0.015104166666666667 0.030555555555555558
0 0.4080729166666667 0.7282407407407407 0.013020833333333334 0.026851851851851852
0 0.5020833333333333 0.7472222222222222 0.017708333333333333 0.040740740740740744
0 0.22265625 0.6310185185185185 0.0140625 0.032407407407407406
0 0.27890625 0.35833333333333334 0.009895833333333333 0.022222222222222223
0 0.30104166666666665 0.6625 0.011458333333333333 0.028703703703703703
0 0.4265625 0.33194444444444443 0.011458333333333333 0.021296296296296296
0 0.3875 0.34444444444444444 0.010416666666666666 0.022222222222222223
0 0.6825520833333333 0.07361111111111111 0.0078125 0.017592592592592594
0 0.4653645833333333 0.35370370370370374 0.008854166666666666 0.022222222222222223
0 0.6533854166666666 0.075 0.0078125 0.018518518518518517
0 0.50234375 0.913425925925926 0.01614583333333333 0.03425925925925926
0 0.5190104166666667 0.7337962962962963 0.015104166666666667 0.030555555555555558
0 0.7145833333333333 0.2111111111111111 0.008333333333333333 0.018518518518518517
0 0.8138020833333334 0.04953703703703704 0.0067708333333333336 0.01388888888888889
0 0.43463541666666666 0.18796296296296297 0.005729166666666666 0.016666666666666666
0 0.8255208333333334 0.05185185185185186 0.00625 0.014814814814814815
0 0.7432291666666666 0.9824074074074074 0.021875 0.03518518518518519
0 0.35260416666666666 0.07731481481481482 0.011458333333333333 0.01388888888888889
0 0.38229166666666664 0.06481481481481481 0.013541666666666667 0.020370370370370372
0 0.52890625 0.27546296296296297 0.01614583333333333 0.028703703703703703
0 0.6536458333333334 0.1212962962962963 0.010416666666666666 0.020370370370370372
