0 0.4692708333333333 0.42314814814814816 0.009375 0.022222222222222223
0 0.3723958333333333 0.6773148148148148 0.013541666666666667 0.028703703703703703
0 0.35130208333333335 0.8671296296296297 0.01614583333333333 0.030555555555555558
0 0.2513020833333333 0.5597222222222222 0.0140625 0.030555555555555558
0 0.38255208333333335 0.8569444444444445 0.018229166666666668 0.032407407407407406
0 0.50078125 0.7467592592592592 0.018229166666666668 0.03981481481481482
0 0.434375 0.39212962962962966 0.011458333333333333 0.021296296296296296
0 0.31796875 0.5851851851851853 0.011979166666666666 0.02777777777777778
0 0.10078125 0.23935185185185187 0.0109375 0.019444444444444445
0 0.6809895833333334 0.07037037037037037 0.0078125 0.018518518518518517
0 0.39817708333333335 0.4041666666666667 0.0109375 0.02314814814814815
0 0.7125 0.20833333333333334 0.007291666666666667 0.016666666666666666
0 0.6526041666666667 0.07175925925925926 0.008333333333333333 0.019444444444444445
0 0.5140625 0.7296296296296296 0.013541666666666667 0.02962962962962963
0 0.43333333333333335 0.18425925925925926 0.00625 0.018518518518518517
0 0.8125 0.04490740740740741 0.008333333333333333 0.01388888888888889
0 0.7424479166666667 0.9791666666666667 0.021354166666666667 0.03425925925925926
0 0.5268229166666667 0.27175925925925926 0.005729166666666666 0.015740740740740743
0 0.37473958333333335 0.055092592592592596 0.0067708333333333336 0.012037037037037037
0 0.35 0.07546296296296297 0.007291666666666667 0.015740740740740743
0 0.3453125 0.3023148148148148 0.011458333333333333 0.017592592592592594
0 0.6510416666666666 0.11944444444444445 0.0125 0.024074074074074074
0 0.8239583333333333 0.04537037037037037 0.0125 0.02592592592592593
