0 0.3807291666666667 0.8208333333333334 0.015625 0.036111111111111115
0 0.5294270833333333 0.5703703703703704 0.013020833333333334 0.02777777777777778
0 0.50390625 0.5750000000000001 0.0109375 0.02777777777777778
0 0.3958333333333333 0.25833333333333336 0.009375 0.018518518518518517
0 0.6221354166666666 0.7574074074074074 0.015104166666666667 0.02777777777777778
0 0.26848958333333334 0.7777777777777778 0.013020833333333334 0.03333333333333333
0 0.4505208333333333 0.4175925925925926 0.009375 0.022222222222222223
0 0.20416666666666666 0.7486111111111111 0.016666666666666666 0.03796296296296296
0 0.7192708333333333 0.2111111111111111 0.007291666666666667 0.018518518518518517
0 0.5010416666666666 0.7476851851851852 0.017708333333333333 0.036111111111111115
0 0.03802083333333333 0.6592592592592593 0.015625 0.03333333333333333
0 0.5260416666666666 0.7291666666666667 0.016666666666666666 0.030555555555555558
0 0.15130208333333334 0.40231481481481485 0.013020833333333334 0.021296296296296296
0 0.10625 0.13194444444444445 0.009375 0.017592592592592594
0 0.36614583333333334 0.25601851851851853 0.009375 0.021296296296296296
0 0.6572916666666666 0.0712962962962963 0.007291666666666667 0.018518518518518517
0 0.43723958333333335 0.18472222222222223 0.005729166666666666 0.019444444444444445
0 0.4302083333333333 0.2662037037037037 0.010416666666666666 0.021296296296296296
0 0.5317708333333333 0.2763888888888889 0.00625 0.017592592592592594
0 0.6861979166666666 0.06898148148148149 0.0067708333333333336 0.017592592592592594
0 0.7450520833333333 0.9777777777777779 0.024479166666666666 0.037037037037037035
0 0.3546875 0.075 0.011458333333333333 0.016666666666666666
0 0.38125 0.06666666666666667 0.013541666666666667 0.016666666666666666
0 0.6552083333333333 0.11990740740740741 0.011458333333333333 0.028703703703703703
0 0.8166666666666667 0.04722222222222222 0.011458333333333333 0.018518518518518517
0 0.8317708333333333 0.05092592592592593 0.009375 0.020370370370370372
