0 0.471875 0.3888888888888889 0.009375 0.022222222222222223
0 0.19114583333333332 0.7944444444444445 0.017708333333333333 0.040740740740740744
0 0.2518229166666667 0.8148148148148149 0.015104166666666667 0.03518518518518519
0 0.40651041666666665 0.7652777777777778 0.015104166666666667 0.032407407407407406
0 0.64921875 0.7171296296296297 0.01614583333333333 0.026851851851851852
0 0.5627604166666667 0.5453703703703704 0.011979166666666666 0.02777777777777778
0 0.11015625 0.11990740740740741 0.008854166666666666 0.015740740740740743
0 0.5260416666666666 0.7324074074074074 0.015625 0.03518518518518519
0 0.35833333333333334 0.2388888888888889 0.009375 0.020370370370370372
0 0.5388020833333333 0.5449074074074074 0.0109375 0.025
0 0.65625 0.07453703703703704 0.007291666666666667 0.015740740740740743
0 0.10598958333333333 0.4199074074074074 0.0140625 0.02314814814814815
0 0.4197916666666667 0.2490740740740741 0.008333333333333333 0.020370370370370372
0 0.3880208333333333 0.24212962962962964 0.008333333333333333 0.017592592592592594
0 0.49557291666666664 0.7412037037037037 0.01614583333333333 0.03425925925925926
0 0.022135416666666668 0.2476851851851852 0.011979166666666666 0.017592592592592594
0 0.04583333333333333 0.6032407407407407 0.014583333333333334 0.026851851851851852
0 0.4661458333333333 0.9472222222222223 0.019791666666666666 0.05
0 0.38046875 0.07083333333333333 0.0067708333333333336 0.01388888888888889
0 0.43697916666666664 0.18472222222222223 0.00625 0.017592592592592594
0 0.6856770833333333 0.07222222222222223 0.0067708333333333336 0.016666666666666666
0 0.8166666666666667 0.049074074074074076 0.007291666666666667 0.012962962962962964
0 0.7453125 0.9824074074074074 0.02395833333333333 0.037037037037037035
0 0.7182291666666667 0.21064814814814817 0.007291666666666667 0.01388888888888889
0 0.3541666666666667 0.0787037037037037 0.007291666666666667 0.014814814814814815
0 0.8276041666666667 0.053703703703703705 0.005208333333333333 0.009259259259259259
0 0.5859375 0.049074074074074076 0.013541666666666667 0.020370370370370372
0 0.53125 0.2796296296296296 0.013541666666666667 0.022222222222222223
0 0.6526041666666667 0.12592592592592594 0.0125 0.02592592592592593
0 0.015885416666666666 0.9694444444444444 0.03177083333333333 0.0462962962962963
