0 0.19869791666666667 0.7777777777777778 0.0171875 0.03888888888888889
0 0.55 0.5569444444444445 0.0125 0.026851851851851852
0 0.2565104166666667 0.7986111111111112 0.015104166666666667 0.032407407407407406
0 0.4 0.788425925925926 0.016666666666666666 0.036111111111111115
0 0.5268229166666667 0.5513888888888889 0.0109375 0.025
0 0.6395833333333333 0.7342592592592593 0.015625 0.02592592592592593
0 0.3919270833333333 0.24814814814814815 0.008854166666666666 0.018518518518518517
0 0.36171875 0.24629629629629632 0.008854166666666666 0.020370370370370372
0 0.425 0.25277777777777777 0.008333333333333333 0.018518518518518517
0 0.49895833333333334 0.7453703703703703 0.016666666666666666 0.03518518518518519
0 0.11041666666666666 0.12314814814814816 0.009375 0.016666666666666666
0 0.4661458333333333 0.4013888888888889 0.009375 0.02314814814814815
0 0.5260416666666666 0.7314814814814815 0.016666666666666666 0.03333333333333333
0 0.015104166666666667 0.2777777777777778 0.0125 0.018518518518518517
0 0.12239583333333333 0.4152777777777778 0.011458333333333333 0.025
0 0.04348958333333333 0.6240740740740741 0.0140625 0.02777777777777778
0 0.71875 0.2111111111111111 0.007291666666666667 0.016666666666666666
0 0.65625 0.07175925925925926 0.007291666666666667 0.017592592592592594
0 0.45026041666666666 0.9634259259259259 0.019270833333333334 0.04166666666666667
0 0.43723958333333335 0.18472222222222223 0.005729166666666666 0.017592592592592594
0 0.7471354166666666 0.9805555555555556 0.0234375 0.037037037037037035
0 0.6859375 0.07037037037037037 0.007291666666666667 0.016666666666666666
0 0.38125 0.06898148148148149 0.00625 0.01388888888888889
0 0.4700520833333333 0.9842592592592593 0.0109375 0.02777777777777778
0 0.35442708333333334 0.0763888888888889 0.0067708333333333336 0.01388888888888889
0 0.5911458333333334 0.05 0.010416666666666666 0.024074074074074074
0 0.65390625 0.11898148148148148 0.011979166666666666 0.017592592592592594
0 0.8182291666666667 0.04722222222222222 0.0125 0.018518518518518517
0 0.8307291666666666 0.05 0.011458333333333333 0.022222222222222223
