0 0.3640625 0.899537037037037 0.017708333333333333 0.03796296296296296
0 0.10442708333333334 0.1513888888888889 0.009895833333333333 0.017592592592592594
0 0.37395833333333334 0.2828703703703704 0.009375 0.021296296296296296
0 0.44505208333333335 0.29305555555555557 0.008854166666666666 0.021296296296296296
0 0.4088541666666667 0.28055555555555556 0.009375 0.018518518518518517
0 0.28125 0.7328703703703704 0.013541666666666667 0.030555555555555558
0 0.7182291666666667 0.20833333333333334 0.007291666666666667 0.016666666666666666
0 0.52265625 0.7282407407407407 0.01614583333333333 0.028703703703703703
0 0.20338541666666665 0.7037037037037037 0.015104166666666667 0.03518518518518519
0 0.46953125 0.6171296296296297 0.0109375 0.028703703703703703
0 0.50390625 0.7453703703703703 0.01614583333333333 0.03888888888888889
0 0.19739583333333333 0.38981481481481484 0.014583333333333334 0.022222222222222223
0 0.4864583333333333 0.6101851851851852 0.011458333333333333 0.02777777777777778
0 0.58359375 0.8087962962962963 0.01614583333333333 0.028703703703703703
0 0.4356770833333333 0.1851851851851852 0.005729166666666666 0.018518518518518517
0 0.6838541666666667 0.06712962962962964 0.007291666666666667 0.015740740740740743
0 0.4354166666666667 0.4620370370370371 0.010416666666666666 0.024074074074074074
0 0.025 0.7240740740740741 0.016666666666666666 0.03518518518518519
0 0.62265625 0.007407407407407408 0.005729166666666666 0.012962962962962964
0 0.53046875 0.275 0.0067708333333333336 0.016666666666666666
0 0.378125 0.06666666666666667 0.00625 0.014814814814814815
0 0.6565104166666667 0.07083333333333333 0.0078125 0.017592592592592594
0 0.7440104166666667 0.9787037037037037 0.024479166666666666 0.03888888888888889
0 0.353125 0.07592592592592592 0.007291666666666667 0.014814814814814815
0 0.8135416666666666 0.044444444444444446 0.013541666666666667 0.020370370370370372
0 0.8296875 0.05 0.0125 0.024074074074074074
0 0.653125 0.11666666666666667 0.011458333333333333 0.022222222222222223
