0 0.37447916666666664 0.8421296296296297 0.016666666666666666 0.036111111111111115
0 0.5184895833333333 0.5796296296296296 0.0140625 0.02777777777777778
0 0.16380208333333332 0.4041666666666667 0.0140625 0.02314814814814815
0 0.44557291666666665 0.4310185185185185 0.009895833333333333 0.02314814814814815
0 0.0359375 0.674074074074074 0.015625 0.031481481481481485
0 0.2739583333333333 0.7620370370370371 0.0125 0.02962962962962963
0 0.5013020833333334 0.7472222222222222 0.018229166666666668 0.037037037037037035
0 0.49453125 0.5810185185185185 0.0109375 0.026851851851851852
0 0.6127604166666667 0.7722222222222223 0.015104166666666667 0.02962962962962963
0 0.7192708333333333 0.20972222222222223 0.007291666666666667 0.017592592592592594
0 0.4375 0.1851851851851852 0.00625 0.020370370370370372
0 0.39791666666666664 0.2662037037037037 0.009375 0.019444444444444445
0 0.10494791666666667 0.13796296296296298 0.009895833333333333 0.016666666666666666
0 0.20390624999999998 0.737962962962963 0.01614583333333333 0.03333333333333333
0 0.5247395833333334 0.7277777777777779 0.01614583333333333 0.02777777777777778
0 0.36796875 0.2638888888888889 0.009895833333333333 0.022222222222222223
0 0.4348958333333333 0.27083333333333337 0.009375 0.019444444444444445
0 0.5315104166666667 0.27546296296296297 0.005729166666666666 0.015740740740740743
0 0.6864583333333333 0.06805555555555556 0.007291666666666667 0.015740740740740743
0 0.74609375 0.9782407407407407 0.0234375 0.03796296296296296
0 0.659375 0.0712962962962963 0.0125 0.022222222222222223
0 0.6546875 0.11574074074074074 0.014583333333333334 0.020370370370370372
0 0.8166666666666667 0.0462962962962963 0.009375 0.020370370370370372
0 0.8312499999999999 0.049074074074074076 0.010416666666666666 0.020370370370370372
0 0.3572916666666667 0.075 0.011458333333333333 0.016666666666666666
0 0.38177083333333334 0.06666666666666667 0.010416666666666666 0.016666666666666666
