0 0.42994791666666665 0.47731481481481486 0.0109375 0.025
0 0.4786458333333333 0.625 0.013541666666666667 0.02962962962962963
0 0.35520833333333335 0.9273148148148148 0.017708333333333333 0.03981481481481482
0 0.10364583333333333 0.15972222222222224 0.009375 0.019444444444444445
0 0.4114583333333333 0.29120370370370374 0.009375 0.019444444444444445
0 0.521875 0.7296296296296296 0.016666666666666666 0.031481481481481485
0 0.46015625 0.6314814814814815 0.011979166666666666 0.02592592592592593
0 0.6838541666666667 0.0699074074074074 0.007291666666666667 0.017592592592592594
0 0.37473958333333335 0.2935185185185185 0.009895833333333333 0.022222222222222223
0 0.2825520833333333 0.7222222222222222 0.013020833333333334 0.031481481481481485
0 0.4479166666666667 0.30092592592592593 0.008333333333333333 0.018518518518518517
0 0.37838541666666664 0.06805555555555556 0.0067708333333333336 0.017592592592592594
0 0.20911458333333333 0.6958333333333334 0.015104166666666667 0.03425925925925926
0 0.7174479166666666 0.20925925925925926 0.0078125 0.020370370370370372
0 0.65625 0.07175925925925926 0.007291666666666667 0.017592592592592594
0 0.5036458333333333 0.7444444444444445 0.014583333333333334 0.037037037037037035
0 0.57265625 0.8222222222222223 0.01614583333333333 0.031481481481481485
0 0.43515624999999997 0.18564814814814815 0.005729166666666666 0.019444444444444445
0 0.020572916666666666 0.7402777777777778 0.01614583333333333 0.036111111111111115
0 0.2109375 0.38981481481481484 0.0125 0.020370370370370372
0 0.5291666666666667 0.275 0.008333333333333333 0.020370370370370372
0 0.62578125 0.007407407407407408 0.005729166666666666 0.012962962962962964
0 0.7453125 0.9777777777777779 0.021875 0.03518518518518519
0 0.35260416666666666 0.075 0.013541666666666667 0.020370370370370372
0 0.8140625 0.04722222222222222 0.0125 0.022222222222222223
0 0.828125 0.05092592592592593 0.011458333333333333 0.016666666666666666
0 0.6510416666666666 0.11944444444444445 0.014583333333333334 0.024074074074074074
