0 0.6109375 0.7736111111111111 0.015625 0.028703703703703703
0 0.37421875 0.8486111111111111 0.0171875 0.036111111111111115
0 0.5161458333333333 0.5833333333333334 0.013541666666666667 0.02777777777777778
0 0.16744791666666667 0.40370370370370373 0.013020833333333334 0.022222222222222223
0 0.36875 0.2657407407407408 0.009375 0.020370370370370372
0 0.20338541666666665 0.7351851851851852 0.01614583333333333 0.03518518518518519
0 0.275 0.7625000000000001 0.014583333333333334 0.036111111111111115
0 0.49192708333333335 0.5824074074074075 0.0109375 0.02592592592592593
0 0.03515625 0.675 0.015104166666666667 0.02962962962962963
0 0.5013020833333334 0.7476851851851852 0.0171875 0.03796296296296296
0 0.3984375 0.2675925925925926 0.008333333333333333 0.018518518518518517
0 0.7190104166666667 0.20972222222222223 0.0078125 0.017592592592592594
0 0.5247395833333334 0.7287037037037037 0.0171875 0.031481481481481485
0 0.44453125 0.4328703703703704 0.009895833333333333 0.02314814814814815
0 0.43671875 0.18472222222222223 0.0067708333333333336 0.017592592592592594
0 0.1046875 0.13935185185185187 0.009375 0.017592592592592594
0 0.43463541666666666 0.2740740740740741 0.008854166666666666 0.018518518518518517
0 0.5309895833333333 0.275 0.0046875 0.014814814814814815
0 0.7455729166666667 0.9777777777777779 0.022395833333333334 0.03518518518518519
0 0.6864583333333333 0.06712962962962964 0.007291666666666667 0.015740740740740743
0 0.3796875 0.06620370370370371 0.00625 0.01388888888888889
0 0.3546875 0.07592592592592592 0.007291666666666667 0.014814814814814815
0 0.65859375 0.06666666666666667 0.01614583333333333 0.020370370370370372
0 0.653125 0.11296296296296297 0.015625 0.016666666666666666
0 0.8151041666666666 0.04537037037037037 0.010416666666666666 0.022222222222222223
0 0.8291666666666666 0.05185185185185186 0.010416666666666666 0.018518518518518517
