0 0.50859375 0.562962962962963 0.013020833333333334 0.02777777777777778
0 0.44453125 0.5236111111111111 0.013020833333333334 0.026851851851851852
0 0.7731770833333333 0.5685185185185185 0.011979166666666666 0.022222222222222223
0 0.6377604166666666 0.788425925925926 0.015104166666666667 0.036111111111111115
0 0.3078125 0.9050925925925927 0.017708333333333333 0.03425925925925926
0 0.11276041666666667 0.05740740740740741 0.0078125 0.014814814814814815
0 0.35130208333333335 0.15555555555555556 0.0078125 0.014814814814814815
0 0.34140625 0.9333333333333333 0.015104166666666667 0.037037037037037035
0 0.6526041666666667 0.6898148148148149 0.015625 0.03888888888888889
0 0.4067708333333333 0.712037037037037 0.016666666666666666 0.040740740740740744
0 0.7296875 0.4467592592592593 0.011458333333333333 0.026851851851851852
0 0.07604166666666666 0.40555555555555556 0.011458333333333333 0.022222222222222223
0 0.43515624999999997 0.1953703703703704 0.005729166666666666 0.018518518518518517
0 0.37890625 0.1625 0.0067708333333333336 0.015740740740740743
0 0.7455729166666667 0.9861111111111112 0.0234375 0.03333333333333333
0 0.3169270833333333 0.15925925925925927 0.0067708333333333336 0.016666666666666666
0 0.10130208333333333 0.7078703703703704 0.01614583333333333 0.030555555555555558
0 0.371875 0.07916666666666666 0.007291666666666667 0.015740740740740743
0 0.7158854166666666 0.2175925925925926 0.0067708333333333336 0.016666666666666666
0 0.3515625 0.0837962962962963 0.010416666666666666 0.028703703703703703
0 0.6619791666666667 0.012037037037037037 0.009375 0.016666666666666666
0 0.6875 0.011111111111111112 0.0125 0.014814814814814815
0 0.8130208333333333 0.05740740740740741 0.008333333333333333 0.016666666666666666
0 0.8255208333333334 0.06018518518518519 0.009375 0.016666666666666666
0 0.528125 0.28935185185185186 0.0125 0.021296296296296296
0 0.5033854166666667 0.750462962962963 0.0203125 0.036111111111111115
0 0.7494791666666667 0.46435185185185185 0.017708333333333333 0.02314814814814815
0 0.66171875 0.061111111111111116 0.011979166666666666 0.016666666666666666
0 0.6390625 0.10138888888888889 0.007291666666666667 0.019444444444444445
0 0.6575520833333334 0.07824074074074075 0.013020833333333334 0.021296296296296296
0 0.6841145833333333 0.07962962962962963 0.0109375 0.02777777777777778
0 0.6528645833333333 0.1287037037037037 0.0109375 0.02777777777777778
