0 0.4981770833333333 0.600925925925926 0.0140625 0.02962962962962963
0 0.7583333333333333 0.5884259259259259 0.013541666666666667 0.025
0 0.4434895833333333 0.5560185185185186 0.013020833333333334 0.028703703703703703
0 0.296875 0.950462962962963 0.01875 0.03425925925925926
0 0.6828125 0.07962962962962963 0.008333333333333333 0.022222222222222223
0 0.6109375 0.8268518518518518 0.016666666666666666 0.03888888888888889
0 0.6388020833333333 0.7217592592592593 0.0171875 0.03796296296296296
0 0.35442708333333334 0.1685185185185185 0.0078125 0.014814814814814815
0 0.090625 0.736574074074074 0.016666666666666666 0.030555555555555558
0 0.071875 0.43194444444444446 0.0125 0.025
0 0.38671875 0.7458333333333333 0.01614583333333333 0.03425925925925926
0 0.11041666666666666 0.06574074074074074 0.007291666666666667 0.014814814814814815
0 0.7067708333333333 0.46296296296296297 0.011458333333333333 0.022222222222222223
0 0.38307291666666665 0.17314814814814816 0.0067708333333333336 0.014814814814814815
0 0.43463541666666666 0.1953703703703704 0.005729166666666666 0.018518518518518517
0 0.7455729166666667 0.9884259259259259 0.0234375 0.032407407407407406
0 0.3223958333333333 0.16990740740740742 0.008333333333333333 0.017592592592592594
0 0.7158854166666666 0.2175925925925926 0.0078125 0.016666666666666666
0 0.37786458333333334 0.0763888888888889 0.0067708333333333336 0.015740740740740743
0 0.32838541666666665 0.9787037037037037 0.0171875 0.040740740740740744
0 0.3515625 0.08518518518518518 0.0125 0.018518518518518517
0 0.5260416666666666 0.2796296296296296 0.010416666666666666 0.022222222222222223
0 0.5848958333333333 0.2898148148148148 0.008333333333333333 0.020370370370370372
0 0.6260416666666666 0.09351851851851853 0.011458333333333333 0.018518518518518517
0 0.646875 0.05555555555555556 0.009375 0.020370370370370372
0 0.6578125 0.08425925925925926 0.010416666666666666 0.016666666666666666
0 0.6510416666666666 0.12592592592592594 0.011458333333333333 0.018518518518518517
0 0.8119791666666667 0.05648148148148149 0.011458333333333333 0.018518518518518517
0 0.8255208333333334 0.05555555555555556 0.009375 0.020370370370370372
0 0.728125 0.4712962962962963 0.0125 0.03518518518518519
0 0.5078125 0.7462962962962963 0.019791666666666666 0.03888888888888889
