0 0.44244791666666666 0.5907407407407408 0.0140625 0.031481481481481485
0 0.740625 0.6069444444444445 0.013541666666666667 0.025
0 0.36666666666666664 0.7828703703703704 0.015625 0.03425925925925926
0 0.49166666666666664 0.6476851851851853 0.013541666666666667 0.028703703703703703
0 0.6828125 0.07777777777777778 0.008333333333333333 0.018518518518518517
0 0.43515624999999997 0.19398148148148148 0.005729166666666666 0.017592592592592594
0 0.06979166666666667 0.45833333333333337 0.0125 0.024074074074074074
0 0.1125 0.07453703703703704 0.008333333333333333 0.015740740740740743
0 0.58203125 0.8680555555555556 0.018229166666666668 0.03981481481481482
0 0.33125 0.18194444444444446 0.008333333333333333 0.017592592592592594
0 0.3846354166666667 0.18425925925925926 0.0067708333333333336 0.016666666666666666
0 0.075 0.775462962962963 0.01875 0.032407407407407406
0 0.3611979166666667 0.18194444444444446 0.0078125 0.015740740740740743
0 0.6768229166666666 0.4759259259259259 0.011979166666666666 0.02777777777777778
0 0.6557291666666667 0.08055555555555556 0.00625 0.016666666666666666
0 0.38177083333333334 0.07546296296296297 0.00625 0.015740740740740743
0 0.715625 0.21666666666666667 0.007291666666666667 0.016666666666666666
0 0.7440104166666667 0.9861111111111112 0.0265625 0.03333333333333333
0 0.6106770833333334 0.7578703703703704 0.018229166666666668 0.03796296296296296
0 0.5640625 0.30648148148148147 0.00625 0.018518518518518517
0 0.12447916666666667 0.9888888888888889 0.021875 0.02777777777777778
0 0.6317708333333333 0.053703703703703705 0.00625 0.016666666666666666
0 0.20911458333333333 0.9921296296296297 0.022395833333333334 0.02314814814814815
0 0.07994791666666666 0.02638888888888889 0.011979166666666666 0.01388888888888889
0 0.35130208333333335 0.08472222222222223 0.0171875 0.02314814814814815
0 0.5278645833333333 0.2800925925925926 0.015104166666666667 0.030555555555555558
0 0.6518229166666667 0.12731481481481483 0.015104166666666667 0.02314814814814815
0 0.8138020833333334 0.055092592592592596 0.013020833333333334 0.025
0 0.82890625 0.05787037037037037 0.009895833333333333 0.026851851851851852
0 0.5138020833333333 0.7439814814814815 0.01614583333333333 0.028703703703703703
0 0.6953125 0.47962962962962963 0.019791666666666666 0.03518518518518519
