0 0.5145833333333333 0.5208333333333334 0.013541666666666667 0.028703703703703703
0 0.3223958333333333 0.8564814814814815 0.017708333333333333 0.03518518518518519
0 0.45026041666666666 0.4916666666666667 0.0140625 0.02777777777777778
0 0.07838541666666667 0.3800925925925926 0.011979166666666666 0.021296296296296296
0 0.3515625 0.8805555555555555 0.015625 0.037037037037037035
0 0.7859375 0.5462962962962963 0.0125 0.024074074074074074
0 0.11510416666666666 0.6726851851851852 0.017708333333333333 0.030555555555555558
0 0.7528645833333333 0.4287037037037037 0.011979166666666666 0.02962962962962963
0 0.11223958333333334 0.05 0.0078125 0.014814814814814815
0 0.715625 0.2199074074074074 0.008333333333333333 0.02314814814814815
0 0.43515624999999997 0.19444444444444445 0.005729166666666666 0.016666666666666666
0 0.665625 0.7439814814814815 0.014583333333333334 0.032407407407407406
0 0.43333333333333335 0.6824074074074075 0.015625 0.037037037037037035
0 0.6734375 0.6560185185185186 0.015625 0.03425925925925926
0 0.3416666666666667 0.14583333333333334 0.008333333333333333 0.017592592592592594
0 0.3729166666666667 0.14953703703703705 0.007291666666666667 0.015740740740740743
0 0.74296875 0.9856481481481482 0.027604166666666666 0.036111111111111115
0 0.37213541666666666 0.07592592592592592 0.0067708333333333336 0.014814814814814815
0 0.81328125 0.05740740740740741 0.0078125 0.014814814814814815
0 0.3520833333333333 0.08611111111111111 0.007291666666666667 0.014814814814814815
0 0.6859375 0.006944444444444445 0.00625 0.012037037037037037
0 0.8260416666666667 0.05787037037037037 0.00625 0.012037037037037037
0 0.66953125 0.009722222222222222 0.0067708333333333336 0.019444444444444445
0 0.6611979166666666 0.014351851851851852 0.009895833333333333 0.021296296296296296
0 0.6627604166666666 0.08194444444444444 0.008854166666666666 0.01388888888888889
0 0.678125 0.06435185185185185 0.005208333333333333 0.012037037037037037
0 0.68359375 0.08101851851851852 0.0078125 0.01388888888888889
0 0.6544270833333333 0.12638888888888888 0.008854166666666666 0.01388888888888889
0 0.5299479166666666 0.2898148148148148 0.011979166666666666 0.016666666666666666
0 0.6354166666666666 0.2726851851851852 0.011458333333333333 0.015740740740740743
0 0.7768229166666667 0.45046296296296295 0.013020833333333334 0.025
0 0.5065104166666666 0.7513888888888889 0.019270833333333334 0.032407407407407406
