0 0.24296874999999998 0.8652777777777778 0.015104166666666667 0.03425925925925926
0 0.4203125 0.7106481481481481 0.016666666666666666 0.030555555555555558
0 0.18307291666666667 0.8532407407407407 0.018229166666666668 0.04166666666666667
0 0.5283854166666666 0.7324074074074074 0.013020833333333334 0.031481481481481485
0 0.378125 0.22685185185185186 0.008333333333333333 0.016666666666666666
0 0.40963541666666664 0.22731481481481483 0.008854166666666666 0.017592592592592594
0 0.053906249999999996 0.4416666666666667 0.0140625 0.022222222222222223
0 0.678125 0.6824074074074075 0.015625 0.02777777777777778
0 0.34921875 0.22083333333333335 0.008854166666666666 0.019444444444444445
0 0.4356770833333333 0.19074074074074074 0.005729166666666666 0.018518518518518517
0 0.4895833333333333 0.7337962962962963 0.014583333333333334 0.032407407407407406
0 0.57890625 0.5263888888888889 0.009895833333333333 0.025
0 0.10989583333333333 0.10833333333333334 0.009375 0.016666666666666666
0 0.7171875 0.2125 0.007291666666666667 0.015740740740740743
0 0.6846354166666666 0.07592592592592592 0.0067708333333333336 0.018518518518518517
0 0.049479166666666664 0.5578703703703703 0.013541666666666667 0.026851851851851852
0 0.4940104166666667 0.35879629629629634 0.008854166666666666 0.021296296296296296
0 0.74609375 0.9837962962962963 0.025520833333333333 0.036111111111111115
0 0.042708333333333334 0.16805555555555557 0.009375 0.01388888888888889
0 0.32057291666666665 0.9351851851851852 0.018229166666666668 0.04259259259259259
0 0.65546875 0.07824074074074075 0.0067708333333333336 0.017592592592592594
0 0.53046875 0.2800925925925926 0.0067708333333333336 0.017592592592592594
0 0.026041666666666668 0.9148148148148149 0.01875 0.044444444444444446
0 0.3546875 0.08148148148148149 0.011458333333333333 0.020370370370370372
0 0.37838541666666664 0.06759259259259259 0.0171875 0.022222222222222223
0 0.6041666666666666 0.5259259259259259 0.015625 0.024074074074074074
0 0.578125 0.06851851851851852 0.013541666666666667 0.020370370370370372
0 0.6520833333333333 0.125 0.011458333333333333 0.020370370370370372
0 0.8161458333333333 0.053703703703703705 0.010416666666666666 0.02592592592592593
0 0.8296875 0.053703703703703705 0.0125 0.022222222222222223
0 0.5216145833333333 0.8791666666666667 0.021354166666666667 0.03425925925925926
