0 0.42291666666666666 0.7037037037037037 0.016666666666666666 0.031481481481481485
0 0.6825520833333333 0.6782407407407408 0.015104166666666667 0.026851851851851852
0 0.3484375 0.2199074074074074 0.009375 0.021296296296296296
0 0.4888020833333333 0.737962962962963 0.01614583333333333 0.03333333333333333
0 0.5283854166666666 0.7337962962962963 0.013020833333333334 0.030555555555555558
0 0.1796875 0.8625 0.017708333333333333 0.03981481481481482
0 0.051041666666666666 0.5518518518518519 0.013541666666666667 0.024074074074074074
0 0.24010416666666667 0.875 0.013541666666666667 0.02962962962962963
0 0.1109375 0.10648148148148148 0.008333333333333333 0.016666666666666666
0 0.40859375 0.22222222222222224 0.0078125 0.016666666666666666
0 0.3770833333333333 0.22314814814814815 0.008333333333333333 0.016666666666666666
0 0.5252604166666667 0.8768518518518519 0.019270833333333334 0.04259259259259259
0 0.046614583333333334 0.15694444444444444 0.009895833333333333 0.01388888888888889
0 0.6846354166666666 0.0763888888888889 0.0067708333333333336 0.019444444444444445
0 0.5859375 0.5199074074074074 0.009375 0.021296296296296296
0 0.43515624999999997 0.19305555555555556 0.005729166666666666 0.019444444444444445
0 0.74609375 0.9851851851851853 0.0265625 0.03518518518518519
0 0.49895833333333334 0.35833333333333334 0.009375 0.022222222222222223
0 0.7169270833333333 0.21481481481481482 0.0078125 0.016666666666666666
0 0.5299479166666666 0.2833333333333333 0.0067708333333333336 0.018518518518518517
0 0.4635416666666667 0.9875 0.019791666666666666 0.032407407407407406
0 0.8151041666666666 0.053703703703703705 0.007291666666666667 0.012962962962962964
0 0.6549479166666666 0.07916666666666666 0.0078125 0.017592592592592594
0 0.3541666666666667 0.08055555555555556 0.014583333333333334 0.020370370370370372
0 0.3809895833333333 0.0712962962962963 0.01614583333333333 0.02592592592592593
0 0.5776041666666667 0.0712962962962963 0.0125 0.022222222222222223
0 0.6526041666666667 0.12685185185185185 0.0125 0.022222222222222223
0 0.8286458333333333 0.05555555555555556 0.014583333333333334 0.022222222222222223
0 0.6114583333333333 0.5236111111111111 0.014583333333333334 0.028703703703703703
0 0.32578125 0.9175925925925926 0.019270833333333334 0.04259259259259259
0 0.034375 0.9069444444444444 0.03958333333333333 0.05092592592592593
0 0.04609375 0.4518518518518519 0.021354166666666667 0.04259259259259259
