0 0.4432291666666667 0.5865740740740741 0.013541666666666667 0.028703703703703703
0 0.49244791666666665 0.6430555555555556 0.013020833333333334 0.028703703703703703
0 0.7419270833333333 0.6069444444444445 0.0140625 0.025
0 0.6791666666666667 0.4763888888888889 0.010416666666666666 0.025
0 0.07005208333333333 0.4564814814814815 0.011979166666666666 0.024074074074074074
0 0.6833333333333333 0.07777777777777778 0.008333333333333333 0.018518518518518517
0 0.36796875 0.7824074074074074 0.01614583333333333 0.037037037037037035
0 0.1125 0.07361111111111111 0.008333333333333333 0.015740740740740743
0 0.3307291666666667 0.18055555555555555 0.009375 0.018518518518518517
0 0.7158854166666666 0.21712962962962964 0.0078125 0.017592592592592594
0 0.43463541666666666 0.19398148148148148 0.005729166666666666 0.017592592592592594
0 0.58359375 0.8666666666666667 0.0171875 0.03518518518518519
0 0.65625 0.08009259259259259 0.00625 0.017592592592592594
0 0.3815104166666667 0.07546296296296297 0.0067708333333333336 0.015740740740740743
0 0.3846354166666667 0.18287037037037038 0.0067708333333333336 0.017592592592592594
0 0.36041666666666666 0.18101851851851852 0.007291666666666667 0.01388888888888889
0 0.0765625 0.7717592592592593 0.017708333333333333 0.030555555555555558
0 0.7440104166666667 0.9861111111111112 0.0265625 0.03333333333333333
0 0.6127604166666667 0.7550925925925926 0.0171875 0.03425925925925926
0 0.6325520833333333 0.05324074074074074 0.005729166666666666 0.01388888888888889
0 0.35234375 0.08472222222222223 0.0067708333333333336 0.01388888888888889
0 0.08046875 0.022685185185185187 0.0109375 0.01388888888888889
0 0.5127604166666666 0.7430555555555556 0.0140625 0.02314814814814815
0 0.5278645833333333 0.2847222222222222 0.013020833333333334 0.019444444444444445
0 0.5658854166666667 0.3078703703703704 0.0109375 0.02314814814814815
0 0.8122395833333333 0.05324074074074074 0.009895833333333333 0.017592592592592594
0 0.8247395833333333 0.05694444444444444 0.0109375 0.025
0 0.65234375 0.12546296296296297 0.011979166666666666 0.019444444444444445
0 0.6986979166666667 0.48194444444444445 0.015104166666666667 0.026851851851851852
