0 0.42526041666666664 0.6967592592592593 0.01614583333333333 0.032407407407407406
0 0.11171874999999999 0.10185185185185186 0.0078125 0.016666666666666666
0 0.48671875 0.737962962962963 0.0171875 0.03333333333333333
0 0.34713541666666664 0.2175925925925926 0.008854166666666666 0.018518518518518517
0 0.03515625 0.4481481481481482 0.013020833333333334 0.024074074074074074
0 0.17578125 0.8736111111111111 0.019270833333333334 0.03981481481481482
0 0.6864583333333333 0.6731481481481482 0.0125 0.024074074074074074
0 0.5270833333333333 0.7347222222222223 0.013541666666666667 0.030555555555555558
0 0.2359375 0.8847222222222223 0.014583333333333334 0.030555555555555558
0 0.3768229166666667 0.2189814814814815 0.008854166666666666 0.017592592592592594
0 0.6846354166666666 0.07592592592592592 0.0067708333333333336 0.018518518518518517
0 0.40572916666666664 0.2189814814814815 0.008333333333333333 0.017592592592592594
0 0.5041666666666667 0.3578703703703704 0.008333333333333333 0.017592592592592594
0 0.4348958333333333 0.19212962962962965 0.005208333333333333 0.017592592592592594
0 0.5333333333333333 0.8648148148148148 0.019791666666666666 0.040740740740740744
0 0.05286458333333333 0.5462962962962963 0.0140625 0.02777777777777778
0 0.5294270833333333 0.2833333333333333 0.0067708333333333336 0.020370370370370372
0 0.04973958333333333 0.1439814814814815 0.009895833333333333 0.01388888888888889
0 0.4739583333333333 0.9837962962962963 0.019791666666666666 0.03796296296296296
0 0.7463541666666667 0.9847222222222223 0.025 0.03425925925925926
0 0.7166666666666667 0.21435185185185185 0.007291666666666667 0.015740740740740743
0 0.59140625 0.5203703703703704 0.008854166666666666 0.018518518518518517
0 0.8153645833333333 0.052314814814814814 0.0078125 0.01388888888888889
0 0.32786458333333335 0.9189814814814815 0.018229166666666668 0.04722222222222222
0 0.6549479166666666 0.07962962962962963 0.0078125 0.016666666666666666
0 0.03333333333333333 0.888425925925926 0.026041666666666668 0.03425925925925926
0 0.3536458333333333 0.08148148148148149 0.011458333333333333 0.022222222222222223
0 0.3828125 0.07685185185185185 0.014583333333333334 0.024074074074074074
0 0.5770833333333333 0.06759259259259259 0.0125 0.02592592592592593
0 0.6520833333333333 0.1277777777777778 0.014583333333333334 0.020370370370370372
0 0.8276041666666667 0.05277777777777778 0.010416666666666666 0.024074074074074074
0 0.6161458333333333 0.5189814814814815 0.014583333333333334 0.03425925925925926
