0 0.7348958333333333 0.6152777777777778 0.013541666666666667 0.025
0 0.43906249999999997 0.6013888888888889 0.013541666666666667 0.030555555555555558
0 0.36223958333333334 0.18472222222222223 0.0078125 0.017592592592592594
0 0.13020833333333334 0.9814814814814815 0.025 0.037037037037037035
0 0.4869791666666667 0.6625 0.013541666666666667 0.028703703703703703
0 0.6830729166666667 0.07731481481481482 0.0078125 0.019444444444444445
0 0.06796875 0.46481481481481485 0.013020833333333334 0.024074074074074074
0 0.38697916666666665 0.18935185185185185 0.007291666666666667 0.017592592592592594
0 0.6033854166666667 0.7671296296296296 0.01614583333333333 0.03425925925925926
0 0.4348958333333333 0.19305555555555556 0.005208333333333333 0.017592592592592594
0 0.3598958333333333 0.7958333333333334 0.016666666666666666 0.04166666666666667
0 0.6549479166666666 0.07916666666666666 0.0067708333333333336 0.017592592592592594
0 0.11302083333333333 0.07685185185185185 0.008333333333333333 0.016666666666666666
0 0.5580729166666667 0.3138888888888889 0.008854166666666666 0.020370370370370372
0 0.3325520833333333 0.1851851851851852 0.008854166666666666 0.018518518518518517
0 0.07135416666666666 0.787962962962963 0.016666666666666666 0.02962962962962963
0 0.7434895833333334 0.9865740740740742 0.025520833333333333 0.032407407407407406
0 0.6684895833333333 0.47962962962962963 0.011979166666666666 0.02777777777777778
0 0.38307291666666665 0.07361111111111111 0.0067708333333333336 0.012037037037037037
0 0.56953125 0.8814814814814815 0.0171875 0.037037037037037035
0 0.21276041666666667 0.9833333333333334 0.019270833333333334 0.031481481481481485
0 0.7161458333333334 0.2162037037037037 0.007291666666666667 0.015740740740740743
0 0.51640625 0.7458333333333333 0.015104166666666667 0.032407407407407406
0 0.07890625 0.04120370370370371 0.0067708333333333336 0.010185185185185186
0 0.35234375 0.08009259259259259 0.013020833333333334 0.021296296296296296
0 0.6283854166666667 0.055092592592592596 0.009895833333333333 0.025
0 0.59921875 0.08750000000000001 0.009895833333333333 0.015740740740740743
0 0.65078125 0.12824074074074074 0.015104166666666667 0.021296296296296296
0 0.8117187499999999 0.05324074074074074 0.0109375 0.021296296296296296
0 0.8252604166666666 0.0587962962962963 0.011979166666666666 0.028703703703703703
0 0.68828125 0.48564814814814816 0.01614583333333333 0.02314814814814815
0 0.52578125 0.28101851851851856 0.01614583333333333 0.025
