0 0.43645833333333334 0.6111111111111112 0.013541666666666667 0.02962962962962963
0 0.7268229166666667 0.6208333333333333 0.011979166666666666 0.02314814814814815
0 0.06640625 0.47824074074074074 0.011979166666666666 0.02314814814814815
0 0.13515625 0.9708333333333333 0.022395833333333334 0.04351851851851852
0 0.3890625 0.19212962962962965 0.007291666666666667 0.017592592592592594
0 0.4822916666666667 0.674074074074074 0.015625 0.031481481481481485
0 0.6830729166666667 0.07685185185185185 0.0078125 0.018518518518518517
0 0.3533854166666667 0.8074074074074075 0.01614583333333333 0.03518518518518519
0 0.5549479166666667 0.8944444444444445 0.0171875 0.037037037037037035
0 0.3640625 0.19166666666666668 0.008333333333333333 0.016666666666666666
0 0.65390625 0.08055555555555556 0.0067708333333333336 0.018518518518518517
0 0.43515624999999997 0.19305555555555556 0.005729166666666666 0.017592592592592594
0 0.21484375 0.9731481481481482 0.018229166666666668 0.03888888888888889
0 0.11171874999999999 0.08240740740740742 0.0078125 0.014814814814814815
0 0.6557291666666667 0.48379629629629634 0.010416666666666666 0.021296296296296296
0 0.5947916666666666 0.7865740740740741 0.017708333333333333 0.03796296296296296
0 0.334375 0.18888888888888888 0.008333333333333333 0.018518518518518517
0 0.7450520833333333 0.9865740740740742 0.025520833333333333 0.032407407407407406
0 0.0671875 0.8027777777777778 0.01875 0.03333333333333333
0 0.5182291666666666 0.7444444444444445 0.014583333333333334 0.031481481481481485
0 0.7153645833333333 0.21574074074074076 0.0067708333333333336 0.014814814814814815
0 0.07421875 0.05462962962962963 0.0078125 0.011111111111111112
0 0.35078125 0.08287037037037037 0.009895833333333333 0.02314814814814815
0 0.38307291666666665 0.07175925925925926 0.015104166666666667 0.019444444444444445
0 0.5919270833333333 0.09027777777777778 0.0109375 0.021296296296296296
0 0.62109375 0.050462962962962966 0.009895833333333333 0.02314814814814815
0 0.6497395833333334 0.12638888888888888 0.013020833333333334 0.025
0 0.8122395833333333 0.05694444444444444 0.009895833333333333 0.021296296296296296
0 0.82578125 0.05787037037037037 0.0109375 0.026851851851851852
0 0.52734375 0.2865740740740741 0.0140625 0.02314814814814815
0 0.546875 0.3148148148148148 0.01875 0.040740740740740744
0 0.6755208333333333 0.49074074074074076 0.01875 0.03333333333333333
