0 0.4354166666666667 0.6412037037037037 0.014583333333333334 0.030555555555555558
0 0.14296875 0.9365740740740741 0.022395833333333334 0.04537037037037037
0 0.7145833333333333 0.6375000000000001 0.015625 0.025
0 0.6828125 0.07685185185185185 0.008333333333333333 0.018518518518518517
0 0.3651041666666667 0.19814814814814816 0.008333333333333333 0.018518518518518517
0 0.39375 0.20324074074074075 0.007291666666666667 0.017592592592592594
0 0.53125 0.9222222222222223 0.015625 0.03888888888888889
0 0.10859375 0.08750000000000001 0.0078125 0.015740740740740743
0 0.058854166666666666 0.4986111111111111 0.013541666666666667 0.026851851851851852
0 0.5203125 0.7421296296296297 0.015625 0.03796296296296296
0 0.4348958333333333 0.19351851851851853 0.005208333333333333 0.016666666666666666
0 0.05703125 0.8291666666666667 0.018229166666666668 0.03425925925925926
0 0.3854166666666667 0.07361111111111111 0.00625 0.01388888888888889
0 0.21744791666666666 0.9500000000000001 0.0171875 0.044444444444444446
0 0.6533854166666666 0.07916666666666666 0.0078125 0.017592592592592594
0 0.4791666666666667 0.6972222222222223 0.015625 0.02962962962962963
0 0.346875 0.8486111111111111 0.017708333333333333 0.04722222222222222
0 0.3377604166666667 0.19814814814814816 0.0078125 0.018518518518518517
0 0.8143229166666667 0.05416666666666667 0.0067708333333333336 0.012037037037037037
0 0.7450520833333333 0.9888888888888889 0.0234375 0.02962962962962963
0 0.5796875 0.8143518518518519 0.016666666666666666 0.03796296296296296
0 0.7161458333333334 0.2152777777777778 0.007291666666666667 0.015740740740740743
0 0.35182291666666665 0.08472222222222223 0.01614583333333333 0.02314814814814815
0 0.06901041666666667 0.08009259259259259 0.011979166666666666 0.017592592592592594
0 0.5283854166666666 0.2837962962962963 0.0140625 0.021296296296296296
0 0.53046875 0.3282407407407408 0.01614583333333333 0.030555555555555558
0 0.63203125 0.48935185185185187 0.015104166666666667 0.026851851851851852
0 0.65859375 0.4962962962962963 0.0140625 0.03333333333333333
0 0.5815104166666667 0.08194444444444444 0.011979166666666666 0.025
0 0.6513020833333333 0.12268518518518519 0.011979166666666666 0.025
0 0.61328125 0.050462962962962966 0.011979166666666666 0.02314814814814815
0 0.8247395833333333 0.055092592592592596 0.0109375 0.021296296296296296
