0 0.4348958333333333 0.6375000000000001 0.014583333333333334 0.030555555555555558
0 0.5338541666666666 0.9180555555555556 0.017708333333333333 0.04166666666666667
0 0.14244791666666667 0.9407407407407408 0.021354166666666667 0.04259259259259259
0 0.71640625 0.6347222222222223 0.013020833333333334 0.02314814814814815
0 0.36484375 0.19768518518518519 0.008854166666666666 0.017592592592592594
0 0.3932291666666667 0.20277777777777778 0.007291666666666667 0.016666666666666666
0 0.47890625 0.6939814814814815 0.0171875 0.030555555555555558
0 0.6830729166666667 0.07685185185185185 0.0078125 0.018518518518518517
0 0.6380208333333334 0.4967592592592593 0.010416666666666666 0.026851851851851852
0 0.05911458333333333 0.4962962962962963 0.0140625 0.02777777777777778
0 0.4348958333333333 0.19351851851851853 0.005208333333333333 0.016666666666666666
0 0.21770833333333334 0.9476851851851852 0.015625 0.032407407407407406
0 0.5200520833333333 0.7407407407407408 0.015104166666666667 0.03333333333333333
0 0.3854166666666667 0.07361111111111111 0.00625 0.01388888888888889
0 0.109375 0.08703703703703704 0.008333333333333333 0.016666666666666666
0 0.6533854166666666 0.07916666666666666 0.0078125 0.015740740740740743
0 0.058333333333333334 0.8277777777777778 0.01875 0.03518518518518519
0 0.7153645833333333 0.2152777777777778 0.0067708333333333336 0.015740740740740743
0 0.3375 0.19768518518518519 0.008333333333333333 0.019444444444444445
0 0.74453125 0.987962962962963 0.022395833333333334 0.02962962962962963
0 0.34739583333333335 0.8388888888888889 0.014583333333333334 0.03333333333333333
0 0.8143229166666667 0.05416666666666667 0.0067708333333333336 0.012037037037037037
0 0.35234375 0.08564814814814815 0.0067708333333333336 0.015740740740740743
0 0.82578125 0.05324074074074074 0.0109375 0.025
0 0.6143229166666666 0.05324074074074074 0.009895833333333333 0.021296296296296296
0 0.5846354166666666 0.0837962962962963 0.011979166666666666 0.021296296296296296
0 0.65234375 0.12453703703703704 0.011979166666666666 0.017592592592592594
0 0.5294270833333333 0.27824074074074073 0.011979166666666666 0.019444444444444445
0 0.5341145833333333 0.3226851851851852 0.0109375 0.026851851851851852
0 0.66015625 0.49583333333333335 0.011979166666666666 0.028703703703703703
0 0.5815104166666667 0.7981481481481482 0.01614583333333333 0.03333333333333333
0 0.06796875 0.07824074074074075 0.0140625 0.021296296296296296
