0 0.5302083333333333 0.41712962962962963 0.011458333333333333 0.02314814814814815
0 0.46119791666666665 0.42314814814814816 0.011979166666666666 0.02592592592592593
0 0.8135416666666666 0.48750000000000004 0.0125 0.025
0 0.7197916666666666 0.6439814814814815 0.0125 0.028703703703703703
0 0.34661458333333334 0.7388888888888889 0.015104166666666667 0.03333333333333333
0 0.7158854166666666 0.2162037037037037 0.0078125 0.017592592592592594
0 0.6942708333333333 0.23564814814814816 0.007291666666666667 0.017592592592592594
0 0.3755208333333333 0.7657407407407407 0.014583333333333334 0.02962962962962963
0 0.5119791666666667 0.6287037037037038 0.013541666666666667 0.02962962962962963
0 0.08828125 0.3212962962962963 0.008854166666666666 0.020370370370370372
0 0.11380208333333333 0.024074074074074074 0.0067708333333333336 0.012962962962962964
0 0.15520833333333334 0.5962962962962963 0.014583333333333334 0.02777777777777778
0 0.6846354166666666 0.08009259259259259 0.0067708333333333336 0.017592592592592594
0 0.721875 0.08750000000000001 0.007291666666666667 0.017592592592592594
0 0.43515624999999997 0.19490740740740742 0.005729166666666666 0.015740740740740743
0 0.37864583333333335 0.07916666666666666 0.00625 0.015740740740740743
0 0.7145833333333333 0.5666666666666667 0.015625 0.031481481481481485
0 0.325 0.11342592592592593 0.007291666666666667 0.015740740740740743
0 0.7432291666666666 0.9865740740740742 0.027083333333333334 0.03425925925925926
0 0.6643229166666667 0.08796296296296297 0.005729166666666666 0.014814814814814815
0 0.6791666666666667 0.01898148148148148 0.00625 0.01388888888888889
0 0.35234375 0.08564814814814815 0.0067708333333333336 0.015740740740740743
0 0.3536458333333333 0.12361111111111112 0.0125 0.019444444444444445
0 0.52890625 0.2902777777777778 0.0140625 0.021296296296296296
0 0.6984375 0.11944444444444445 0.009375 0.016666666666666666
0 0.6536458333333334 0.1287037037037037 0.011458333333333333 0.018518518518518517
0 0.65625 0.015740740740740743 0.00625 0.012962962962962964
0 0.6635416666666667 0.02638888888888889 0.007291666666666667 0.017592592592592594
0 0.8127604166666667 0.06157407407407408 0.013020833333333334 0.02314814814814815
0 0.825 0.0587962962962963 0.008333333333333333 0.017592592592592594
0 0.2981770833333333 0.11805555555555557 0.011979166666666666 0.017592592592592594
0 0.5119791666666667 0.7481481481481482 0.021875 0.04259259259259259
0 0.4744791666666667 0.9583333333333334 0.019791666666666666 0.061111111111111116
0 0.8140625 0.38796296296296295 0.015625 0.03518518518518519
0 0.8333333333333334 0.40555555555555556 0.019791666666666666 0.02962962962962963
