0 0.528125 0.4273148148148148 0.011458333333333333 0.02314814814814815
0 0.46041666666666664 0.4324074074074074 0.0125 0.02592592592592593
0 0.34375 0.7532407407407408 0.016666666666666666 0.030555555555555558
0 0.14895833333333333 0.6050925925925926 0.016666666666666666 0.028703703703703703
0 0.7158854166666666 0.21574074074074076 0.0078125 0.018518518518518517
0 0.8114583333333333 0.49768518518518523 0.011458333333333333 0.021296296296296296
0 0.08645833333333333 0.3282407407407408 0.009375 0.019444444444444445
0 0.7151041666666667 0.6527777777777778 0.014583333333333334 0.02962962962962963
0 0.6838541666666667 0.08009259259259259 0.007291666666666667 0.017592592592592594
0 0.37421875 0.7824074074074074 0.0171875 0.03333333333333333
0 0.11536458333333333 0.029166666666666667 0.0067708333333333336 0.01388888888888889
0 0.6872395833333333 0.23796296296296296 0.0078125 0.018518518518518517
0 0.7104166666666667 0.5777777777777778 0.014583333333333334 0.02962962962962963
0 0.37864583333333335 0.07824074074074075 0.00625 0.015740740740740743
0 0.43515624999999997 0.1953703703703704 0.005729166666666666 0.016666666666666666
0 0.32708333333333334 0.11712962962962964 0.007291666666666667 0.015740740740740743
0 0.7171875 0.08518518518518518 0.007291666666666667 0.016666666666666666
0 0.5002604166666667 0.6356481481481482 0.0140625 0.028703703703703703
0 0.8052083333333333 0.3962962962962963 0.010416666666666666 0.020370370370370372
0 0.7432291666666666 0.9856481481481482 0.026041666666666668 0.03425925925925926
0 0.46249999999999997 0.976388888888889 0.020833333333333332 0.05092592592592593
0 0.3559895833333333 0.125 0.0078125 0.016666666666666666
0 0.82578125 0.05787037037037037 0.0067708333333333336 0.01388888888888889
0 0.8125 0.0587962962962963 0.008333333333333333 0.015740740740740743
0 0.3528645833333333 0.08657407407407408 0.008854166666666666 0.017592592592592594
0 0.5296875 0.2898148148148148 0.011458333333333333 0.024074074074074074
0 0.6625 0.020833333333333336 0.008333333333333333 0.017592592592592594
0 0.6807291666666666 0.016203703703703703 0.0125 0.019444444444444445
0 0.665625 0.08750000000000001 0.011458333333333333 0.025
0 0.6536458333333334 0.1277777777777778 0.009375 0.020370370370370372
0 0.6953125 0.11805555555555557 0.007291666666666667 0.017592592592592594
0 0.3 0.12083333333333333 0.011458333333333333 0.02314814814814815
0 0.5114583333333333 0.7481481481481482 0.020833333333333332 0.03888888888888889
0 0.8265625 0.41111111111111115 0.01875 0.044444444444444446
