0 0.525 0.47870370370370374 0.0125 0.02777777777777778
0 0.4505208333333333 0.46435185185185185 0.013541666666666667 0.026851851851851852
0 0.328125 0.8078703703703703 0.016666666666666666 0.03425925925925926
0 0.6859375 0.6990740740740741 0.015625 0.03518518518518519
0 0.4614583333333333 0.6537037037037037 0.013541666666666667 0.02962962962962963
0 0.08255208333333333 0.35462962962962963 0.0109375 0.022222222222222223
0 0.35963541666666665 0.8347222222222223 0.0140625 0.03425925925925926
0 0.13098958333333333 0.6407407407407407 0.01614583333333333 0.02777777777777778
0 0.11354166666666667 0.03935185185185185 0.007291666666666667 0.01388888888888889
0 0.6890625 0.6175925925925926 0.015625 0.03333333333333333
0 0.7783854166666666 0.41203703703703703 0.011979166666666666 0.02777777777777778
0 0.7161458333333334 0.2162037037037037 0.007291666666666667 0.017592592592592594
0 0.4354166666666667 0.1953703703703704 0.00625 0.018518518518518517
0 0.8 0.5277777777777778 0.011458333333333333 0.022222222222222223
0 0.3375 0.13148148148148148 0.008333333333333333 0.016666666666666666
0 0.3770833333333333 0.07731481481481482 0.00625 0.015740740740740743
0 0.6986979166666667 0.075 0.0078125 0.016666666666666666
0 0.6614583333333334 0.08472222222222223 0.008333333333333333 0.017592592592592594
0 0.6833333333333333 0.0787037037037037 0.008333333333333333 0.020370370370370372
0 0.36614583333333334 0.1375 0.007291666666666667 0.015740740740740743
0 0.74453125 0.9856481481481482 0.0265625 0.036111111111111115
0 0.35234375 0.08472222222222223 0.0067708333333333336 0.01388888888888889
0 0.7984375 0.4444444444444445 0.0125 0.016666666666666666
0 0.6533854166666666 0.12592592592592594 0.0067708333333333336 0.012962962962962964
0 0.8138020833333334 0.05925925925925926 0.0078125 0.014814814814814815
0 0.8265625 0.06064814814814815 0.009375 0.017592592592592594
0 0.66640625 0.006944444444444445 0.0067708333333333336 0.012037037037037037
0 0.6606770833333333 0.018518518518518517 0.0078125 0.012962962962962964
0 0.6838541666666667 0.0125 0.011458333333333333 0.017592592592592594
0 0.6580729166666667 0.25416666666666665 0.0109375 0.019444444444444445
0 0.5278645833333333 0.2837962962962963 0.01614583333333333 0.025
0 0.5111979166666667 0.75 0.015104166666666667 0.03888888888888889
