0 0.5263020833333333 0.4361111111111111 0.0109375 0.02592592592592593
0 0.34088541666666666 0.7643518518518518 0.01614583333333333 0.03425925925925926
0 0.14453125 0.6111111111111112 0.015104166666666667 0.02962962962962963
0 0.45807291666666666 0.4388888888888889 0.013020833333333334 0.02592592592592593
0 0.11562499999999999 0.02962962962962963 0.007291666666666667 0.014814814814814815
0 0.715625 0.2162037037037037 0.007291666666666667 0.017592592592592594
0 0.08515625 0.33287037037037037 0.009895833333333333 0.021296296296296296
0 0.7111979166666667 0.6662037037037037 0.0140625 0.030555555555555558
0 0.6838541666666667 0.08009259259259259 0.007291666666666667 0.015740740740740743
0 0.7052083333333333 0.5847222222222223 0.014583333333333334 0.030555555555555558
0 0.37838541666666664 0.0787037037037037 0.0067708333333333336 0.016666666666666666
0 0.43515624999999997 0.19583333333333333 0.005729166666666666 0.017592592592592594
0 0.3286458333333333 0.12222222222222223 0.007291666666666667 0.014814814814814815
0 0.7432291666666666 0.9851851851851853 0.027083333333333334 0.03518518518518519
0 0.3716145833333333 0.7972222222222223 0.01614583333333333 0.03518518518518519
0 0.8098958333333334 0.5013888888888889 0.011458333333333333 0.021296296296296296
0 0.71484375 0.08055555555555556 0.0067708333333333336 0.014814814814814815
0 0.35625 0.12638888888888888 0.007291666666666667 0.015740740740740743
0 0.49244791666666665 0.6398148148148148 0.0140625 0.02962962962962963
0 0.6638020833333333 0.08703703703703704 0.005729166666666666 0.014814814814814815
0 0.81328125 0.05694444444444444 0.008854166666666666 0.015740740740740743
0 0.6625 0.02175925925925926 0.007291666666666667 0.01388888888888889
0 0.8265625 0.0587962962962963 0.00625 0.012037037037037037
0 0.6838541666666667 0.2388888888888889 0.007291666666666667 0.016666666666666666
0 0.45468749999999997 0.9805555555555556 0.020833333333333332 0.044444444444444446
0 0.35182291666666665 0.08518518518518518 0.0067708333333333336 0.014814814814814815
0 0.5294270833333333 0.29074074074074074 0.0109375 0.02777777777777778
0 0.6809895833333334 0.01712962962962963 0.0140625 0.019444444444444445
0 0.6536458333333334 0.12638888888888888 0.007291666666666667 0.017592592592592594
0 0.3015625 0.12175925925925926 0.0125 0.026851851851851852
0 0.5119791666666667 0.7472222222222222 0.020833333333333332 0.040740740740740744
0 0.8018229166666666 0.3925925925925926 0.013020833333333334 0.031481481481481485
0 0.82109375 0.4203703703703704 0.0171875 0.040740740740740744
