0 0.08177083333333333 0.950925925925926 0.028125 0.04259259259259259
0 0.24036458333333333 0.27037037037037037 0.0171875 0.037037037037037035
0 0.44921875 0.10740740740740741 0.0171875 0.03333333333333333
0 0.4825520833333333 0.12731481481481483 0.0203125 0.036111111111111115
0 0.55625 0.11157407407407408 0.017708333333333333 0.04166666666666667
0 0.7856770833333333 0.17546296296296296 0.022395833333333334 0.04537037037037037
0 0.8526041666666666 0.23703703703703705 0.021875 0.040740740740740744
0 0.8216145833333334 0.30462962962962964 0.021354166666666667 0.040740740740740744
0 0.8091145833333333 0.3453703703703704 0.022395833333333334 0.037037037037037035
0 0.7911458333333333 0.4462962962962963 0.021875 0.040740740740740744
0 0.8507812499999999 0.5296296296296297 0.0234375 0.0462962962962963
0 0.84921875 0.6375000000000001 0.0203125 0.04166666666666667
0 0.6859375 0.487962962962963 0.02395833333333333 0.037037037037037035
0 0.46953125 0.8541666666666667 0.024479166666666666 0.04351851851851852
0 0.44244791666666666 0.962962962962963 0.024479166666666666 0.040740740740740744
0 0.25885416666666666 0.913888888888889 0.027083333333333334 0.04259259259259259
0 0.31953125 0.7171296296296297 0.025520833333333333 0.03425925925925926
0 0.3416666666666667 0.7560185185185185 0.029166666666666667 0.05092592592592593
