0 0.08020833333333333 0.9416666666666667 0.022916666666666665 0.04814814814814815
0 0.23932291666666666 0.27175925925925926 0.0171875 0.036111111111111115
0 0.4473958333333333 0.11203703703703705 0.019791666666666666 0.03518518518518519
0 0.48203124999999997 0.12824074074074074 0.0171875 0.03425925925925926
0 0.6932291666666667 0.4916666666666667 0.02395833333333333 0.037037037037037035
0 0.5557291666666666 0.10972222222222222 0.01875 0.03425925925925926
0 0.7802083333333333 0.17731481481481481 0.017708333333333333 0.04537037037037037
0 0.8473958333333333 0.23703703703703705 0.02395833333333333 0.03888888888888889
0 0.8151041666666666 0.30694444444444446 0.021875 0.036111111111111115
0 0.8046875 0.34861111111111115 0.019791666666666666 0.03796296296296296
0 0.7848958333333333 0.4444444444444445 0.020833333333333332 0.03333333333333333
0 0.8585937499999999 0.5305555555555556 0.024479166666666666 0.03888888888888889
0 0.26197916666666665 0.9069444444444444 0.027083333333333334 0.04537037037037037
0 0.3184895833333333 0.7157407407407408 0.019270833333333334 0.037037037037037035
0 0.33984375 0.7550925925925926 0.028645833333333332 0.05277777777777778
0 0.46848958333333335 0.8518518518518519 0.0234375 0.0462962962962963
0 0.44375 0.962037037037037 0.02395833333333333 0.03888888888888889
0 0.8583333333333333 0.6444444444444445 0.019791666666666666 0.05
