0 0.234375 0.2967592592592593 0.015625 0.030555555555555558
0 0.4328125 0.14212962962962963 0.019791666666666666 0.03425925925925926
0 0.4809895833333333 0.13657407407407407 0.021354166666666667 0.03796296296296296
0 0.5533854166666666 0.11620370370370371 0.019270833333333334 0.03425925925925926
0 0.7369791666666666 0.20046296296296298 0.021875 0.04351851851851852
0 0.8049479166666667 0.24953703703703706 0.021354166666666667 0.03796296296296296
0 0.7677083333333333 0.2949074074074074 0.019791666666666666 0.03425925925925926
0 0.7591145833333334 0.34351851851851856 0.0203125 0.02962962962962963
0 0.73515625 0.4393518518518519 0.0203125 0.03425925925925926
0 0.7572916666666667 0.5171296296296296 0.022916666666666665 0.032407407407407406
0 0.9252604166666667 0.5472222222222223 0.021354166666666667 0.04814814814814815
0 0.9283854166666666 0.6365740740740741 0.021354166666666667 0.04166666666666667
0 0.4669270833333333 0.8583333333333334 0.0203125 0.044444444444444446
0 0.3182291666666667 0.7263888888888889 0.02395833333333333 0.03796296296296296
0 0.33697916666666666 0.7606481481481482 0.019791666666666666 0.04166666666666667
0 0.30078125 0.8916666666666667 0.024479166666666666 0.03888888888888889
0 0.4427083333333333 0.9583333333333334 0.019791666666666666 0.04259259259259259
0 0.05625 0.8486111111111111 0.03333333333333333 0.0638888888888889
