0 0.24791666666666667 0.2513888888888889 0.01875 0.04166666666666667
0 0.8135416666666666 0.18703703703703706 0.021875 0.040740740740740744
0 0.4544270833333333 0.10462962962962963 0.019270833333333334 0.03518518518518519
0 0.48333333333333334 0.12592592592592594 0.022916666666666665 0.040740740740740744
0 0.5549479166666667 0.10972222222222222 0.022395833333333334 0.03796296296296296
0 0.8807291666666667 0.24305555555555555 0.027083333333333334 0.05092592592592593
0 0.8510416666666667 0.30324074074074076 0.02395833333333333 0.04166666666666667
0 0.8333333333333334 0.3416666666666667 0.022916666666666665 0.037037037037037035
0 0.8192708333333333 0.44537037037037036 0.026041666666666668 0.04259259259259259
0 0.6455729166666666 0.4763888888888889 0.024479166666666666 0.036111111111111115
0 0.8104166666666667 0.5356481481481482 0.025 0.04722222222222222
0 0.8028645833333333 0.6296296296296297 0.025520833333333333 0.037037037037037035
0 0.32109375 0.7152777777777778 0.0265625 0.036111111111111115
0 0.34140625 0.7527777777777778 0.025520833333333333 0.044444444444444446
0 0.23411458333333332 0.9416666666666667 0.027604166666666666 0.04259259259259259
0 0.4708333333333333 0.8481481481481482 0.022916666666666665 0.044444444444444446
0 0.44114583333333335 0.9601851851851853 0.028125 0.05
