0 0.453125 0.10370370370370371 0.01875 0.03518518518518519
0 0.48411458333333335 0.12546296296296297 0.0171875 0.032407407407407406
0 0.2515625 0.23796296296296296 0.017708333333333333 0.037037037037037035
0 0.5541666666666667 0.11203703703703705 0.019791666666666666 0.03518518518518519
0 0.84375 0.20740740740740743 0.01875 0.04259259259259259
0 0.9026041666666667 0.24351851851851852 0.021875 0.04259259259259259
0 0.87578125 0.31203703703703706 0.021354166666666667 0.03518518518518519
0 0.8591145833333333 0.34814814814814815 0.018229166666666668 0.037037037037037035
0 0.8507812499999999 0.44722222222222224 0.0265625 0.03888888888888889
0 0.60546875 0.45601851851851855 0.0234375 0.03796296296296296
0 0.7684895833333333 0.5351851851851852 0.024479166666666666 0.05
0 0.7578125 0.6240740740740741 0.019791666666666666 0.037037037037037035
0 0.3203125 0.7194444444444444 0.02395833333333333 0.040740740740740744
0 0.3377604166666667 0.7537037037037038 0.024479166666666666 0.04259259259259259
0 0.471875 0.8481481481481482 0.022916666666666665 0.04259259259259259
0 0.44140625 0.9643518518518519 0.021354166666666667 0.03981481481481482
0 0.21067708333333332 0.9481481481481482 0.03177083333333333 0.037037037037037035
