0 0.23723958333333334 0.22175925925925927 0.0171875 0.030555555555555558
0 0.4557291666666667 0.09861111111111112 0.017708333333333333 0.03981481481481482
0 0.4875 0.12361111111111112 0.021875 0.03796296296296296
0 0.5549479166666667 0.12453703703703704 0.018229166666666668 0.03425925925925926
0 0.5330729166666667 0.425462962962963 0.022395833333333334 0.036111111111111115
0 0.8934895833333333 0.19953703703703704 0.024479166666666666 0.04351851851851852
0 0.9502604166666666 0.2574074074074074 0.022395833333333334 0.04259259259259259
0 0.9286458333333333 0.31712962962962965 0.020833333333333332 0.036111111111111115
0 0.9104166666666667 0.375462962962963 0.017708333333333333 0.04166666666666667
0 0.9096354166666667 0.4791666666666667 0.025520833333333333 0.030555555555555558
0 0.68828125 0.5287037037037037 0.025520833333333333 0.037037037037037035
0 0.6768229166666666 0.5958333333333333 0.0171875 0.03981481481481482
0 0.4796875 0.8541666666666667 0.01875 0.04166666666666667
0 0.44166666666666665 0.9708333333333333 0.021875 0.036111111111111115
0 0.3216145833333333 0.7194444444444444 0.0296875 0.040740740740740744
0 0.3390625 0.7611111111111112 0.025 0.04259259259259259
