0 0.009635416666666667 0.2972222222222222 0.0171875 0.04259259259259259
0 0.99453125 0.4462962962962963 0.013020833333333334 0.03518518518518519
0 0.13072916666666667 0.3111111111111111 0.019791666666666666 0.03518518518518519
0 0.11744791666666667 0.36574074074074076 0.022395833333333334 0.03333333333333333
0 0.1390625 0.3615740740740741 0.013541666666666667 0.025
0 0.24166666666666667 0.300462962962963 0.016666666666666666 0.030555555555555558
0 0.39375 0.12916666666666668 0.017708333333333333 0.036111111111111115
0 0.48046875 0.13842592592592592 0.0171875 0.028703703703703703
0 0.5536458333333333 0.12453703703703704 0.01875 0.032407407407407406
0 0.5559895833333334 0.20833333333333334 0.021354166666666667 0.03888888888888889
0 0.634375 0.2675925925925926 0.020833333333333332 0.040740740740740744
0 0.5549479166666667 0.32175925925925924 0.018229166666666668 0.036111111111111115
0 0.5763020833333333 0.36203703703703705 0.018229166666666668 0.03518518518518519
0 0.5520833333333334 0.42314814814814816 0.020833333333333332 0.0462962962962963
0 0.8567708333333334 0.07222222222222223 0.025 0.04259259259259259
0 0.43645833333333334 0.7486111111111111 0.02395833333333333 0.049074074074074076
0 0.47578125 0.8597222222222223 0.024479166666666666 0.04166666666666667
0 0.4986979166666667 0.9652777777777778 0.0203125 0.036111111111111115
0 0.4434895833333333 0.9726851851851852 0.019270833333333334 0.036111111111111115
0 0.3234375 0.7236111111111111 0.019791666666666666 0.030555555555555558
0 0.34322916666666664 0.7736111111111111 0.027083333333333334 0.049074074074074076
