0 0.07239583333333333 0.3 0.020833333333333332 0.03518518518518519
0 0.059895833333333336 0.3615740740740741 0.022916666666666665 0.032407407407407406
0 0.08619791666666667 0.36064814814814816 0.013020833333333334 0.02314814814814815
0 0.24140625 0.3106481481481482 0.018229166666666668 0.032407407407407406
0 0.39427083333333335 0.1337962962962963 0.019791666666666666 0.036111111111111115
0 0.48072916666666665 0.14212962962962963 0.020833333333333332 0.03425925925925926
0 0.553125 0.12546296296296297 0.017708333333333333 0.030555555555555558
0 0.6255208333333333 0.22546296296296298 0.020833333333333332 0.03796296296296296
0 0.6997395833333333 0.25833333333333336 0.021354166666666667 0.037037037037037035
0 0.62734375 0.31157407407407406 0.019270833333333334 0.036111111111111115
0 0.64375 0.37453703703703706 0.017708333333333333 0.03981481481481482
0 0.61328125 0.43472222222222223 0.015104166666666667 0.036111111111111115
0 0.9166666666666666 0.48703703703703705 0.026041666666666668 0.031481481481481485
0 0.9125 0.043055555555555555 0.026041666666666668 0.03981481481481482
0 0.3229166666666667 0.7305555555555556 0.026041666666666668 0.03888888888888889
0 0.33984375 0.7828703703703704 0.019270833333333334 0.04166666666666667
0 0.39817708333333335 0.8222222222222223 0.021354166666666667 0.040740740740740744
0 0.47265625 0.8574074074074074 0.021354166666666667 0.0462962962962963
0 0.4388020833333333 0.975925925925926 0.019270833333333334 0.037037037037037035
