0 0.025 0.2967592592592593 0.02395833333333333 0.04166666666666667
0 0.14270833333333333 0.31666666666666665 0.021875 0.037037037037037035
0 0.13046875 0.36342592592592593 0.022395833333333334 0.03425925925925926
0 0.15260416666666665 0.3611111111111111 0.014583333333333334 0.02592592592592593
0 0.24114583333333334 0.3 0.017708333333333333 0.031481481481481485
0 0.3950520833333333 0.12916666666666668 0.01614583333333333 0.03425925925925926
0 0.48072916666666665 0.13518518518518519 0.015625 0.03333333333333333
0 0.5544270833333333 0.12083333333333333 0.018229166666666668 0.032407407407407406
0 0.5411458333333333 0.20740740740740743 0.02395833333333333 0.03518518518518519
0 0.540625 0.3263888888888889 0.020833333333333332 0.04166666666666667
0 0.5651041666666666 0.3601851851851852 0.019791666666666666 0.03518518518518519
0 0.6221354166666666 0.2712962962962963 0.018229166666666668 0.03518518518518519
0 0.8468749999999999 0.07407407407407407 0.019791666666666666 0.03518518518518519
0 0.5395833333333333 0.4189814814814815 0.017708333333333333 0.036111111111111115
0 0.3247395833333333 0.725 0.027604166666666666 0.04259259259259259
0 0.3416666666666667 0.7731481481481481 0.02395833333333333 0.03888888888888889
0 0.4440104166666667 0.7314814814814815 0.022395833333333334 0.04259259259259259
0 0.47421874999999997 0.8560185185185185 0.022395833333333334 0.04351851851851852
0 0.5013020833333334 0.9606481481481481 0.025520833333333333 0.04537037037037037
0 0.44296874999999997 0.9680555555555556 0.021354166666666667 0.04537037037037037
