0 0.037760416666666664 0.29120370370370374 0.0203125 0.03425925925925926
0 0.15338541666666666 0.325 0.018229166666666668 0.03888888888888889
0 0.14401041666666667 0.36203703703703705 0.0234375 0.03518518518518519
0 0.165625 0.3625 0.013541666666666667 0.026851851851851852
0 0.24192708333333332 0.2990740740740741 0.01614583333333333 0.02777777777777778
0 0.39869791666666665 0.12731481481481483 0.0203125 0.036111111111111115
0 0.48125 0.1375 0.019791666666666666 0.03981481481481482
0 0.5549479166666667 0.12222222222222223 0.018229166666666668 0.03888888888888889
0 0.5286458333333334 0.20555555555555557 0.01875 0.04259259259259259
0 0.52890625 0.31666666666666665 0.019270833333333334 0.040740740740740744
0 0.5502604166666667 0.3601851851851852 0.018229166666666668 0.03333333333333333
0 0.5286458333333334 0.4134259259259259 0.019791666666666666 0.030555555555555558
0 0.6067708333333334 0.27314814814814814 0.021875 0.03888888888888889
0 0.8341145833333333 0.07916666666666666 0.021354166666666667 0.03981481481481482
0 0.321875 0.7217592592592593 0.026041666666666668 0.036111111111111115
0 0.3390625 0.7694444444444445 0.027083333333333334 0.03888888888888889
0 0.45078124999999997 0.7152777777777778 0.019270833333333334 0.04351851851851852
0 0.47630208333333335 0.8550925925925926 0.0203125 0.04537037037037037
0 0.44166666666666665 0.9652777777777778 0.027083333333333334 0.06018518518518519
0 0.50625 0.9564814814814815 0.01875 0.0462962962962963
