0 0.39479166666666665 0.12407407407407407 0.016666666666666666 0.037037037037037035
0 0.23177083333333334 0.29583333333333334 0.014583333333333334 0.026851851851851852
0 0.3515625 0.1625 0.020833333333333332 0.03981481481481482
0 0.3598958333333333 0.3837962962962963 0.015625 0.030555555555555558
0 0.5484375 0.12962962962962962 0.015625 0.031481481481481485
0 0.5513020833333333 0.5092592592592593 0.01614583333333333 0.037037037037037035
0 0.63203125 0.20601851851851852 0.011979166666666666 0.026851851851851852
0 0.36796875 0.3194444444444445 0.018229166666666668 0.037037037037037035
0 0.47760416666666666 0.14722222222222223 0.02395833333333333 0.044444444444444446
0 0.4119791666666667 0.25092592592592594 0.022916666666666665 0.037037037037037035
0 0.3541666666666667 0.2555555555555556 0.019791666666666666 0.04259259259259259
0 0.08645833333333333 0.11851851851851852 0.02395833333333333 0.03333333333333333
0 0.19270833333333334 0.34814814814814815 0.026041666666666668 0.03518518518518519
0 0.296875 0.41481481481481486 0.022916666666666665 0.040740740740740744
0 0.30416666666666664 0.47314814814814815 0.020833333333333332 0.03518518518518519
0 0.3255208333333333 0.4703703703703704 0.010416666666666666 0.02592592592592593
0 0.315625 0.725 0.01875 0.02962962962962963
0 0.33489583333333334 0.7620370370370371 0.020833333333333332 0.03333333333333333
0 0.47760416666666666 0.8388888888888889 0.017708333333333333 0.022222222222222223
0 0.4432291666666667 0.9824074074074074 0.025 0.031481481481481485
0 0.5239583333333333 0.9611111111111111 0.027083333333333334 0.037037037037037035
