0 0.23697916666666666 0.2972222222222222 0.015625 0.02777777777777778
0 0.2984375 0.46064814814814814 0.013541666666666667 0.025
0 0.3989583333333333 0.1287037037037037 0.016666666666666666 0.037037037037037035
0 0.38385416666666666 0.17222222222222222 0.017708333333333333 0.04259259259259259
0 0.5515625 0.1300925925925926 0.015625 0.030555555555555558
0 0.3848958333333333 0.412962962962963 0.015625 0.031481481481481485
0 0.5424479166666667 0.55 0.015104166666666667 0.03333333333333333
0 0.40208333333333335 0.32685185185185184 0.016666666666666666 0.03333333333333333
0 0.4809895833333333 0.14675925925925926 0.0140625 0.026851851851851852
0 0.44296874999999997 0.25092592592592594 0.0171875 0.02962962962962963
0 0.08541666666666667 0.08981481481481482 0.019791666666666666 0.04259259259259259
0 0.17135416666666667 0.33796296296296297 0.029166666666666667 0.037037037037037035
0 0.2765625 0.40092592592592596 0.02395833333333333 0.04259259259259259
0 0.27447916666666666 0.4601851851851852 0.02395833333333333 0.031481481481481485
0 0.3833333333333333 0.275 0.019791666666666666 0.044444444444444446
0 0.6697916666666667 0.1925925925925926 0.021875 0.031481481481481485
0 0.3177083333333333 0.7296296296296296 0.022916666666666665 0.024074074074074074
0 0.3364583333333333 0.7648148148148148 0.021875 0.03888888888888889
0 0.48385416666666664 0.8453703703703704 0.021875 0.031481481481481485
0 0.440625 0.9703703703703704 0.02395833333333333 0.04814814814814815
0 0.5276041666666667 0.9675925925925927 0.021875 0.04259259259259259
