0 0.24479166666666666 0.29074074074074074 0.016666666666666666 0.02777777777777778
0 0.45546875 0.1962962962962963 0.01614583333333333 0.03888888888888889
0 0.24010416666666667 0.4083333333333333 0.014583333333333334 0.02592592592592593
0 0.5552083333333333 0.12361111111111112 0.016666666666666666 0.03425925925925926
0 0.48515625 0.1425925925925926 0.011979166666666666 0.031481481481481485
0 0.49895833333333334 0.6240740740740741 0.017708333333333333 0.03333333333333333
0 0.4028645833333333 0.11851851851851852 0.015104166666666667 0.02962962962962963
0 0.7565104166666666 0.13564814814814816 0.021354166666666667 0.03796296296296296
0 0.5184895833333333 0.2652777777777778 0.01614583333333333 0.030555555555555558
0 0.0625 0.025 0.020833333333333332 0.02777777777777778
0 0.10833333333333334 0.29444444444444445 0.021875 0.031481481481481485
0 0.21666666666666667 0.3416666666666667 0.016666666666666666 0.02962962962962963
0 0.2140625 0.39814814814814814 0.017708333333333333 0.03333333333333333
0 0.4484375 0.2953703703703704 0.017708333333333333 0.02962962962962963
0 0.47812499999999997 0.3472222222222222 0.01875 0.037037037037037035
0 0.4552083333333333 0.4138888888888889 0.016666666666666666 0.031481481481481485
0 0.3223958333333333 0.7240740740740741 0.016666666666666666 0.031481481481481485
0 0.3416666666666667 0.7657407407407407 0.017708333333333333 0.02592592592592593
0 0.4770833333333333 0.8472222222222222 0.022916666666666665 0.031481481481481485
0 0.4380208333333333 0.9500000000000001 0.025 0.037037037037037035
0 0.5270833333333333 0.9740740740740741 0.025 0.040740740740740744
