0 0.5559895833333334 0.12592592592592594 0.01614583333333333 0.02962962962962963
0 0.40260416666666665 0.12037037037037038 0.01875 0.03333333333333333
0 0.24375 0.29212962962962963 0.015625 0.028703703703703703
0 0.4348958333333333 0.20092592592592592 0.014583333333333334 0.040740740740740744
0 0.48541666666666666 0.14583333333333334 0.013541666666666667 0.028703703703703703
0 0.2604166666666667 0.42638888888888893 0.014583333333333334 0.025
0 0.7315104166666666 0.15787037037037038 0.0203125 0.03981481481481482
0 0.4544270833333333 0.3509259259259259 0.01614583333333333 0.03518518518518519
0 0.5125 0.600925925925926 0.017708333333333333 0.037037037037037035
0 0.075 0.05277777777777778 0.029166666666666667 0.03888888888888889
0 0.13177083333333334 0.3111111111111111 0.025 0.04259259259259259
0 0.23333333333333334 0.36574074074074076 0.025 0.03888888888888889
0 0.23541666666666666 0.41574074074074074 0.022916666666666665 0.024074074074074074
0 0.42604166666666665 0.2898148148148148 0.013541666666666667 0.02962962962962963
0 0.4953125 0.2611111111111111 0.019791666666666666 0.031481481481481485
0 0.4375 0.42685185185185187 0.019791666666666666 0.04259259259259259
0 0.325 0.7231481481481482 0.019791666666666666 0.018518518518518517
0 0.340625 0.7759259259259259 0.021875 0.03518518518518519
0 0.48125 0.8546296296296296 0.020833333333333332 0.03888888888888889
0 0.4395833333333333 0.9472222222222223 0.021875 0.03518518518518519
0 0.528125 0.9787037037037037 0.022916666666666665 0.03888888888888889
