0 0.39791666666666664 0.12824074074074074 0.015625 0.036111111111111115
0 0.37838541666666664 0.17175925925925928 0.019270833333333334 0.04351851851851852
0 0.23515624999999998 0.2967592592592593 0.01614583333333333 0.028703703703703703
0 0.5510416666666667 0.13055555555555556 0.016666666666666666 0.031481481481481485
0 0.3033854166666667 0.4625 0.0140625 0.026851851851851852
0 0.3796875 0.40972222222222227 0.016666666666666666 0.03425925925925926
0 0.54375 0.5425925925925926 0.015625 0.03333333333333333
0 0.4786458333333333 0.1439814814814815 0.013541666666666667 0.026851851851851852
0 0.43697916666666664 0.25277777777777777 0.016666666666666666 0.02962962962962963
0 0.08489583333333334 0.09722222222222222 0.022916666666666665 0.03888888888888889
0 0.17395833333333333 0.3388888888888889 0.02395833333333333 0.05
0 0.28020833333333334 0.39722222222222225 0.022916666666666665 0.031481481481481485
0 0.2791666666666667 0.46111111111111114 0.027083333333333334 0.03333333333333333
0 0.37604166666666666 0.27037037037037037 0.015625 0.03888888888888889
0 0.39791666666666664 0.33055555555555555 0.021875 0.037037037037037035
0 0.6645833333333333 0.18703703703703706 0.017708333333333333 0.031481481481481485
0 0.31979166666666664 0.7287037037037037 0.022916666666666665 0.037037037037037035
0 0.3359375 0.7648148148148148 0.020833333333333332 0.03888888888888889
0 0.48125 0.8462962962962963 0.029166666666666667 0.044444444444444446
0 0.4453125 0.9731481481481482 0.022916666666666665 0.03888888888888889
0 0.5244791666666666 0.9648148148148149 0.028125 0.040740740740740744
