0 0.54609375 0.5324074074074074 0.01614583333333333 0.03333333333333333
0 0.37005208333333334 0.16898148148148148 0.0203125 0.04351851851851852
0 0.3106770833333333 0.46342592592592596 0.0140625 0.025
0 0.234375 0.2962962962962963 0.016666666666666666 0.02777777777777778
0 0.3880208333333333 0.325 0.016666666666666666 0.037037037037037035
0 0.3971354166666667 0.1277777777777778 0.015104166666666667 0.03333333333333333
0 0.42916666666666664 0.2537037037037037 0.015625 0.031481481481481485
0 0.55 0.12916666666666668 0.015625 0.030555555555555558
0 0.47734375 0.1439814814814815 0.0140625 0.026851851851851852
0 0.37421875 0.4046296296296297 0.015104166666666667 0.03333333333333333
0 0.178125 0.3421296296296296 0.01875 0.036111111111111115
0 0.3677083333333333 0.26203703703703707 0.019791666666666666 0.02592592592592593
0 0.6552083333333333 0.19166666666666668 0.017708333333333333 0.02962962962962963
0 0.08541666666666667 0.10092592592592593 0.017708333333333333 0.02777777777777778
0 0.2833333333333333 0.3990740740740741 0.01875 0.02777777777777778
0 0.2890625 0.46296296296296297 0.017708333333333333 0.037037037037037035
0 0.31614583333333335 0.7287037037037037 0.02395833333333333 0.03333333333333333
0 0.334375 0.7666666666666667 0.019791666666666666 0.02777777777777778
0 0.4791666666666667 0.8462962962962963 0.022916666666666665 0.040740740740740744
0 0.4432291666666667 0.9712962962962963 0.027083333333333334 0.02777777777777778
0 0.5239583333333333 0.9648148148148149 0.025 0.05185185185185186
