0 0.24322916666666666 0.2935185185185185 0.016666666666666666 0.02777777777777778
0 0.5559895833333334 0.12916666666666668 0.01614583333333333 0.032407407407407406
0 0.2682291666666667 0.43703703703703706 0.014583333333333334 0.02777777777777778
0 0.40260416666666665 0.1212962962962963 0.017708333333333333 0.03518518518518519
0 0.7231770833333333 0.16064814814814815 0.018229166666666668 0.03425925925925926
0 0.5177083333333333 0.5958333333333333 0.01875 0.036111111111111115
0 0.4283854166666667 0.4273148148148148 0.0171875 0.032407407407407406
0 0.42682291666666666 0.19907407407407407 0.0171875 0.037037037037037035
0 0.44609375 0.34814814814814815 0.018229166666666668 0.03888888888888889
0 0.4861979166666667 0.2675925925925926 0.018229166666666668 0.031481481481481485
0 0.5015625 0.600462962962963 0.013541666666666667 0.030555555555555558
0 0.48385416666666664 0.14351851851851852 0.019791666666666666 0.02962962962962963
0 0.07864583333333333 0.06296296296296297 0.022916666666666665 0.03333333333333333
0 0.13958333333333334 0.3111111111111111 0.026041666666666668 0.031481481481481485
0 0.23697916666666666 0.3712962962962963 0.019791666666666666 0.02777777777777778
0 0.24270833333333333 0.4277777777777778 0.014583333333333334 0.02592592592592593
0 0.32447916666666665 0.7314814814814815 0.020833333333333332 0.03518518518518519
0 0.3421875 0.7712962962962964 0.020833333333333332 0.044444444444444446
0 0.4791666666666667 0.85 0.020833333333333332 0.037037037037037035
0 0.43906249999999997 0.9481481481481482 0.020833333333333332 0.040740740740740744
0 0.5276041666666667 0.9703703703703704 0.026041666666666668 0.02962962962962963
