0 0.3950520833333333 0.12083333333333333 0.0171875 0.036111111111111115
0 0.5729166666666666 0.46435185185185185 0.016666666666666666 0.036111111111111115
0 0.32109375 0.1449074074074074 0.015104166666666667 0.04166666666666667
0 0.23255208333333333 0.2925925925925926 0.01614583333333333 0.02777777777777778
0 0.3625 0.48240740740740745 0.013541666666666667 0.02777777777777778
0 0.5505208333333333 0.12824074074074074 0.015625 0.030555555555555558
0 0.47734375 0.1425925925925926 0.015104166666666667 0.02962962962962963
0 0.33151041666666664 0.3597222222222222 0.0171875 0.03425925925925926
0 0.22265625 0.3805555555555556 0.018229166666666668 0.03518518518518519
0 0.5893229166666667 0.21203703703703705 0.01614583333333333 0.02962962962962963
0 0.37916666666666665 0.22870370370370371 0.019791666666666666 0.037037037037037035
0 0.08333333333333333 0.1287037037037037 0.021875 0.0462962962962963
0 0.3234375 0.23240740740740742 0.020833333333333332 0.02962962962962963
0 0.3359375 0.2925925925925926 0.020833333333333332 0.03518518518518519
0 0.33229166666666665 0.42685185185185187 0.019791666666666666 0.02777777777777778
0 0.34322916666666664 0.487962962962963 0.01875 0.031481481481481485
0 0.3145833333333333 0.7268518518518519 0.022916666666666665 0.02592592592592593
0 0.3364583333333333 0.763888888888889 0.017708333333333333 0.02962962962962963
0 0.46510416666666665 0.8296296296296297 0.02395833333333333 0.03333333333333333
0 0.4401041666666667 0.9787037037037037 0.016666666666666666 0.031481481481481485
0 0.5208333333333334 0.9564814814814815 0.022916666666666665 0.03518518518518519
