0 0.39453125 0.12083333333333333 0.0171875 0.036111111111111115
0 0.56953125 0.46851851851851856 0.01614583333333333 0.03518518518518519
0 0.32395833333333335 0.14953703703703705 0.017708333333333333 0.03981481481481482
0 0.5494791666666666 0.12638888888888888 0.015625 0.030555555555555558
0 0.23203125 0.29305555555555557 0.015104166666666667 0.028703703703703703
0 0.33489583333333334 0.362962962962963 0.016666666666666666 0.031481481481481485
0 0.33828125 0.3023148148148148 0.015104166666666667 0.030555555555555558
0 0.5934895833333333 0.2101851851851852 0.013020833333333334 0.024074074074074074
0 0.47630208333333335 0.14120370370370372 0.015104166666666667 0.028703703703703703
0 0.38385416666666666 0.2425925925925926 0.019791666666666666 0.04259259259259259
0 0.084375 0.12685185185185185 0.021875 0.03518518518518519
0 0.21875 0.3805555555555556 0.020833333333333332 0.0462962962962963
0 0.3255208333333333 0.23796296296296296 0.01875 0.02962962962962963
0 0.32760416666666664 0.4277777777777778 0.020833333333333332 0.03333333333333333
0 0.3385416666666667 0.48703703703703705 0.019791666666666666 0.037037037037037035
0 0.359375 0.4842592592592593 0.013541666666666667 0.02777777777777778
0 0.315625 0.725925925925926 0.022916666666666665 0.02777777777777778
0 0.3385416666666667 0.762962962962963 0.021875 0.04259259259259259
0 0.4666666666666667 0.837037037037037 0.025 0.03333333333333333
0 0.44375 0.9777777777777779 0.02395833333333333 0.037037037037037035
0 0.5208333333333334 0.9611111111111111 0.029166666666666667 0.044444444444444446
