0 0.55390625 0.11851851851851852 0.01614583333333333 0.03333333333333333
0 0.5166666666666666 0.19814814814814816 0.017708333333333333 0.040740740740740744
0 0.4588541666666667 0.7037037037037037 0.017708333333333333 0.037037037037037035
0 0.5927083333333333 0.2675925925925926 0.019791666666666666 0.03333333333333333
0 0.8208333333333333 0.08564814814814815 0.020833333333333332 0.03796296296296296
0 0.5372395833333333 0.36203703703703705 0.0171875 0.037037037037037035
0 0.24140625 0.29583333333333334 0.01614583333333333 0.028703703703703703
0 0.17838541666666666 0.36712962962962964 0.0140625 0.025
0 0.48072916666666665 0.13425925925925927 0.015625 0.031481481481481485
0 0.4770833333333333 0.8592592592592593 0.02395833333333333 0.04814814814814815
0 0.515625 0.41712962962962963 0.015625 0.030555555555555558
0 0.15598958333333332 0.3717592592592593 0.019270833333333334 0.032407407407407406
0 0.0484375 0.29074074074074074 0.019791666666666666 0.03333333333333333
0 0.15833333333333333 0.32407407407407407 0.017708333333333333 0.031481481481481485
0 0.4005208333333333 0.13611111111111113 0.016666666666666666 0.02962962962962963
0 0.5140625 0.30833333333333335 0.015625 0.02962962962962963
0 0.321875 0.7194444444444444 0.01875 0.02962962962962963
0 0.340625 0.7620370370370371 0.019791666666666666 0.040740740740740744
0 0.440625 0.9564814814814815 0.021875 0.04259259259259259
0 0.5109375 0.9611111111111111 0.019791666666666666 0.040740740740740744
