0 0.3802083333333333 0.4810185185185185 0.014583333333333334 0.028703703703703703
0 0.3067708333333333 0.12962962962962962 0.016666666666666666 0.040740740740740744
0 0.2328125 0.2884259259259259 0.016666666666666666 0.028703703703703703
0 0.31796875 0.34953703703703703 0.01614583333333333 0.032407407407407406
0 0.55078125 0.12407407407407407 0.0171875 0.03518518518518519
0 0.5856770833333333 0.4467592592592593 0.0171875 0.036111111111111115
0 0.39479166666666665 0.11712962962962964 0.017708333333333333 0.03425925925925926
0 0.32057291666666665 0.28101851851851856 0.0140625 0.03425925925925926
0 0.47994791666666664 0.1449074074074074 0.015104166666666667 0.032407407407407406
0 0.3098958333333333 0.22037037037037038 0.017708333333333333 0.031481481481481485
0 0.3692708333333333 0.21481481481481482 0.01875 0.03518518518518519
0 0.07708333333333334 0.12592592592592594 0.021875 0.03333333333333333
0 0.240625 0.3925925925925926 0.022916666666666665 0.037037037037037035
0 0.3567708333333333 0.425 0.020833333333333332 0.02777777777777778
0 0.36302083333333335 0.48333333333333334 0.016666666666666666 0.02962962962962963
0 0.5723958333333333 0.21481481481481482 0.021875 0.03888888888888889
0 0.31666666666666665 0.7203703703703704 0.022916666666666665 0.024074074074074074
0 0.3390625 0.7620370370370371 0.016666666666666666 0.03333333333333333
0 0.4635416666666667 0.8333333333333334 0.025 0.044444444444444446
0 0.44166666666666665 0.9703703703703704 0.017708333333333333 0.03333333333333333
0 0.5213541666666667 0.9537037037037037 0.028125 0.040740740740740744
