0 0.41354166666666664 0.25833333333333336 0.025 0.04814814814814815
0 0.39453125 0.12546296296296297 0.01614583333333333 0.03796296296296296
0 0.23229166666666667 0.2953703703703704 0.015625 0.02777777777777778
0 0.55 0.5175925925925926 0.015625 0.03518518518518519
0 0.35833333333333334 0.16481481481481483 0.017708333333333333 0.03888888888888889
0 0.5489583333333333 0.12962962962962962 0.015625 0.031481481481481485
0 0.321875 0.4708333333333333 0.014583333333333334 0.026851851851851852
0 0.36328125 0.38981481481481484 0.015104166666666667 0.031481481481481485
0 0.37578125 0.32222222222222224 0.01614583333333333 0.031481481481481485
0 0.18776041666666665 0.33981481481481485 0.01614583333333333 0.02777777777777778
0 0.4765625 0.14907407407407408 0.017708333333333333 0.02962962962962963
0 0.6411458333333333 0.20555555555555557 0.025 0.03518518518518519
0 0.084375 0.10925925925925926 0.02395833333333333 0.02962962962962963
0 0.29322916666666665 0.41203703703703703 0.02395833333333333 0.03518518518518519
0 0.296875 0.46574074074074073 0.022916666666666665 0.03518518518518519
0 0.31354166666666666 0.7287037037037037 0.022916666666666665 0.03333333333333333
0 0.3333333333333333 0.7657407407407407 0.02395833333333333 0.040740740740740744
0 0.4786458333333333 0.8398148148148148 0.026041666666666668 0.03888888888888889
0 0.4380208333333333 0.9750000000000001 0.020833333333333332 0.03518518518518519
0 0.5255208333333333 0.9648148148148149 0.028125 0.040740740740740744
