0 0.3731770833333333 0.16990740740740742 0.019270833333333334 0.04166666666666667
0 0.43124999999999997 0.2513888888888889 0.017708333333333333 0.032407407407407406
0 0.23463541666666665 0.29583333333333334 0.01614583333333333 0.026851851851851852
0 0.396875 0.12731481481481483 0.015625 0.036111111111111115
0 0.30833333333333335 0.4638888888888889 0.014583333333333334 0.02777777777777778
0 0.37604166666666666 0.4050925925925926 0.015625 0.030555555555555558
0 0.3911458333333333 0.32407407407407407 0.01875 0.037037037037037035
0 0.175 0.337037037037037 0.019791666666666666 0.031481481481481485
0 0.5455729166666666 0.5375 0.01614583333333333 0.032407407407407406
0 0.6583333333333333 0.19212962962962965 0.014583333333333334 0.028703703703703703
0 0.55 0.12962962962962962 0.015625 0.02962962962962963
0 0.37135416666666665 0.2657407407407408 0.01875 0.037037037037037035
0 0.08385416666666666 0.09814814814814815 0.022916666666666665 0.040740740740740744
0 0.28020833333333334 0.40370370370370373 0.020833333333333332 0.037037037037037035
0 0.2838541666666667 0.45740740740740743 0.019791666666666666 0.03333333333333333
0 0.31875 0.7296296296296296 0.020833333333333332 0.03518518518518519
0 0.3364583333333333 0.7675925925925926 0.021875 0.03333333333333333
0 0.47812499999999997 0.14907407407407408 0.022916666666666665 0.037037037037037035
0 0.4828125 0.8425925925925927 0.028125 0.02962962962962963
0 0.4421875 0.9740740740740741 0.020833333333333332 0.03333333333333333
0 0.5234375 0.9657407407407408 0.028125 0.031481481481481485
