0 0.23229166666666667 0.29212962962962963 0.015625 0.028703703703703703
0 0.6359375 0.36342592592592593 0.017708333333333333 0.03425925925925926
0 0.23333333333333334 0.08194444444444444 0.017708333333333333 0.03425925925925926
0 0.47994791666666664 0.14166666666666666 0.0140625 0.03518518518518519
0 0.23359375 0.22731481481481483 0.0140625 0.032407407407407406
0 0.5513020833333333 0.12314814814814816 0.0140625 0.02777777777777778
0 0.29375 0.17731481481481481 0.020833333333333332 0.04351851851851852
0 0.2747395833333333 0.2851851851851852 0.0140625 0.02962962962962963
0 0.4848958333333333 0.46805555555555556 0.013541666666666667 0.026851851851851852
0 0.3932291666666667 0.11111111111111112 0.01875 0.03333333333333333
0 0.22760416666666666 0.1638888888888889 0.021875 0.02592592592592593
0 0.0546875 0.12592592592592594 0.02395833333333333 0.037037037037037035
0 0.013020833333333334 0.34074074074074073 0.019791666666666666 0.031481481481481485
0 0.008854166666666666 0.412962962962963 0.011458333333333333 0.02962962962962963
0 0.33229166666666665 0.42129629629629634 0.017708333333333333 0.03518518518518519
0 0.4484375 0.42592592592592593 0.017708333333333333 0.02962962962962963
0 0.4578125 0.22314814814814815 0.021875 0.037037037037037035
0 0.471875 0.4740740740740741 0.014583333333333334 0.02592592592592593
0 0.3145833333333333 0.7222222222222222 0.022916666666666665 0.024074074074074074
0 0.4734375 0.8074074074074075 0.026041666666666668 0.037037037037037035
0 0.44479166666666664 0.9712962962962963 0.019791666666666666 0.02777777777777778
0 0.525 0.950925925925926 0.029166666666666667 0.03888888888888889
0 0.33177083333333335 0.7819444444444444 0.022916666666666665 0.032407407407407406
