0 0.4979166666666667 0.4625 0.013541666666666667 0.026851851851851852
0 0.23255208333333333 0.2935185185185185 0.015104166666666667 0.02777777777777778
0 0.28515625 0.16435185185185186 0.018229166666666668 0.032407407407407406
0 0.26796875 0.2763888888888889 0.01614583333333333 0.030555555555555558
0 0.5510416666666667 0.12453703703703704 0.014583333333333334 0.026851851851851852
0 0.48046875 0.14120370370370372 0.015104166666666667 0.03425925925925926
0 0.6432291666666666 0.3564814814814815 0.01875 0.02962962962962963
0 0.34609375 0.4175925925925926 0.018229166666666668 0.037037037037037035
0 0.05286458333333333 0.12731481481481483 0.01614583333333333 0.032407407407407406
0 0.21770833333333334 0.15833333333333333 0.021875 0.037037037037037035
0 0.22369791666666666 0.21435185185185185 0.018229166666666668 0.030555555555555558
0 0.024479166666666666 0.34490740740740744 0.020833333333333332 0.032407407407407406
0 0.01640625 0.4277777777777778 0.025520833333333333 0.03518518518518519
0 0.39453125 0.11342592592592593 0.0171875 0.030555555555555558
0 0.44453125 0.22731481481481483 0.025520833333333333 0.04351851851851852
0 0.46432291666666664 0.4138888888888889 0.018229166666666668 0.03888888888888889
0 0.48385416666666664 0.4740740740740741 0.020833333333333332 0.040740740740740744
0 0.31276041666666665 0.7245370370370371 0.018229166666666668 0.032407407407407406
0 0.3333333333333333 0.7791666666666667 0.021875 0.05092592592592593
0 0.47265625 0.8097222222222222 0.025520833333333333 0.04351851851851852
0 0.4421875 0.9736111111111111 0.022916666666666665 0.030555555555555558
0 0.5263020833333333 0.9541666666666667 0.024479166666666666 0.049074074074074076
0 0.22708333333333333 0.07268518518518519 0.022916666666666665 0.03796296296296296
