0 0.48854166666666665 0.46620370370370373 0.011458333333333333 0.026851851851851852
0 0.6369791666666667 0.36203703703703705 0.019791666666666666 0.03333333333333333
0 0.48072916666666665 0.14212962962962963 0.014583333333333334 0.036111111111111115
0 0.23203125 0.08148148148148149 0.0171875 0.031481481481481485
0 0.55078125 0.12314814814814816 0.0140625 0.02777777777777778
0 0.29192708333333334 0.17592592592592593 0.021354166666666667 0.044444444444444446
0 0.23151041666666666 0.29305555555555557 0.01614583333333333 0.028703703703703703
0 0.27369791666666665 0.2828703703703704 0.01614583333333333 0.032407407407407406
0 0.22239583333333332 0.16481481481481483 0.021875 0.03888888888888889
0 0.05286458333333333 0.13333333333333333 0.018229166666666668 0.037037037037037035
0 0.014583333333333334 0.33611111111111114 0.021875 0.03518518518518519
0 0.008072916666666666 0.41481481481481486 0.018229166666666668 0.040740740740740744
0 0.33697916666666666 0.4166666666666667 0.020833333333333332 0.037037037037037035
0 0.39427083333333335 0.11157407407407408 0.019791666666666666 0.030555555555555558
0 0.45625 0.22453703703703703 0.020833333333333332 0.030555555555555558
0 0.45338541666666665 0.4240740740740741 0.0171875 0.03888888888888889
0 0.47291666666666665 0.47453703703703703 0.019791666666666666 0.028703703703703703
0 0.3104166666666667 0.7189814814814816 0.020833333333333332 0.030555555555555558
0 0.3333333333333333 0.7796296296296297 0.021875 0.03518518518518519
0 0.47239583333333335 0.8078703703703703 0.022916666666666665 0.04722222222222222
0 0.4434895833333333 0.9685185185185186 0.025520833333333333 0.040740740740740744
0 0.52421875 0.9481481481481482 0.027604166666666666 0.040740740740740744
0 0.23255208333333333 0.22222222222222224 0.0265625 0.03888888888888889
