0 0.23307291666666666 0.2851851851851852 0.015104166666666667 0.02777777777777778
0 0.3 0.3175925925925926 0.015625 0.03333333333333333
0 0.42552083333333335 0.47361111111111115 0.013541666666666667 0.026851851851851852
0 0.5513020833333333 0.11527777777777778 0.01614583333333333 0.030555555555555558
0 0.609375 0.40601851851851856 0.019791666666666666 0.036111111111111115
0 0.2828125 0.2569444444444445 0.019791666666666666 0.032407407407407406
0 0.334375 0.2 0.020833333333333332 0.040740740740740744
0 0.27421875 0.10231481481481482 0.018229166666666668 0.03981481481481482
0 0.41015625 0.48240740740740745 0.0171875 0.02962962962962963
0 0.39427083333333335 0.41944444444444445 0.01875 0.024074074074074074
0 0.39427083333333335 0.10277777777777779 0.020833333333333332 0.024074074074074074
0 0.4770833333333333 0.13148148148148148 0.01875 0.03518518518518519
0 0.5223958333333333 0.21851851851851853 0.015625 0.03888888888888889
0 0.27708333333333335 0.19722222222222224 0.020833333333333332 0.037037037037037035
0 0.057812499999999996 0.12037037037037038 0.017708333333333333 0.02592592592592593
0 0.2791666666666667 0.40185185185185185 0.020833333333333332 0.03333333333333333
0 0.3140625 0.7166666666666667 0.015625 0.02777777777777778
0 0.3416666666666667 0.7583333333333334 0.019791666666666666 0.03333333333333333
0 0.4640625 0.8185185185185185 0.017708333333333333 0.02592592592592593
0 0.44166666666666665 0.9666666666666667 0.019791666666666666 0.044444444444444446
0 0.5270833333333333 0.9435185185185185 0.016666666666666666 0.03518518518518519
