0 0.37473958333333335 0.1087962962962963 0.01614583333333333 0.030555555555555558
0 0.3333333333333333 0.19398148148148148 0.013541666666666667 0.028703703703703703
0 0.47552083333333334 0.6763888888888889 0.01875 0.032407407407407406
0 0.16796875 0.37083333333333335 0.01614583333333333 0.026851851851851852
0 0.43333333333333335 0.3574074074074074 0.017708333333333333 0.02962962962962963
0 0.7067708333333333 0.7925925925925926 0.021875 0.03333333333333333
0 0.34088541666666666 0.25787037037037036 0.018229166666666668 0.032407407407407406
0 0.26276041666666666 0.4189814814814815 0.01614583333333333 0.028703703703703703
0 0.2828125 0.3541666666666667 0.015625 0.028703703703703703
0 0.22838541666666667 0.38287037037037036 0.0203125 0.03425925925925926
0 0.23177083333333334 0.5055555555555555 0.017708333333333333 0.020370370370370372
0 0.234375 0.5351851851851852 0.022916666666666665 0.03333333333333333
0 0.21822916666666667 0.6569444444444444 0.022916666666666665 0.028703703703703703
0 0.3442708333333333 0.5430555555555556 0.020833333333333332 0.03425925925925926
0 0.32578125 0.6513888888888889 0.024479166666666666 0.03425925925925926
0 0.3888020833333333 0.9611111111111111 0.0203125 0.037037037037037035
0 0.4161458333333333 0.9592592592592593 0.025 0.037037037037037035
0 0.4791666666666667 0.9675925925925927 0.021875 0.03888888888888889
0 0.9059895833333333 0.46990740740740744 0.024479166666666666 0.04722222222222222
0 0.8940104166666667 0.6074074074074074 0.0234375 0.05
0 0.9388020833333334 0.8273148148148148 0.0265625 0.04722222222222222
0 0.4825520833333333 0.7532407407407408 0.0203125 0.036111111111111115
