0 0.303125 0.2523148148148148 0.016666666666666666 0.032407407407407406
0 0.33177083333333335 0.20370370370370372 0.0125 0.02962962962962963
0 0.44088541666666664 0.3666666666666667 0.0171875 0.031481481481481485
0 0.3419270833333333 0.4740740740740741 0.018229166666666668 0.03333333333333333
0 0.30963541666666666 0.44027777777777777 0.019270833333333334 0.03425925925925926
0 0.3755208333333333 0.5819444444444445 0.020833333333333332 0.03425925925925926
0 0.26640625 0.36435185185185187 0.01614583333333333 0.030555555555555558
0 0.3755208333333333 0.11435185185185186 0.022916666666666665 0.04351851851851852
0 0.051041666666666666 0.47731481481481486 0.026041666666666668 0.036111111111111115
0 0.14114583333333333 0.5958333333333333 0.028125 0.04166666666666667
0 0.3578125 0.4222222222222222 0.021875 0.037037037037037035
0 0.4979166666666667 0.55 0.025 0.037037037037037035
0 0.39036458333333335 0.5546296296296297 0.01614583333333333 0.02592592592592593
0 0.5263020833333333 0.6810185185185186 0.0234375 0.036111111111111115
0 0.5575520833333333 0.7569444444444444 0.024479166666666666 0.04166666666666667
0 0.9643229166666667 0.5296296296296297 0.019270833333333334 0.037037037037037035
0 0.9911458333333333 0.7101851851851853 0.013541666666666667 0.053703703703703705
0 0.8953125 0.9046296296296297 0.029166666666666667 0.05185185185185186
0 0.39140625 0.9814814814814815 0.024479166666666666 0.03333333333333333
0 0.4161458333333333 0.9740740740740741 0.021875 0.037037037037037035
0 0.4692708333333333 0.9814814814814815 0.022916666666666665 0.024074074074074074
0 0.5067708333333333 0.9787037037037037 0.021875 0.03888888888888889
