0 0.3765625 0.11111111111111112 0.014583333333333334 0.02777777777777778
0 0.30364583333333334 0.2537037037037037 0.016666666666666666 0.03333333333333333
0 0.33151041666666664 0.20370370370370372 0.013020833333333334 0.02962962962962963
0 0.44375 0.37083333333333335 0.017708333333333333 0.032407407407407406
0 0.36015625 0.425462962962963 0.01614583333333333 0.032407407407407406
0 0.31328125 0.4398148148148148 0.01614583333333333 0.03333333333333333
0 0.38203125 0.5861111111111111 0.0203125 0.03888888888888889
0 0.3453125 0.4759259259259259 0.01875 0.03518518518518519
0 0.2703125 0.3564814814814815 0.01875 0.024074074074074074
0 0.04583333333333333 0.4708333333333333 0.021875 0.03425925925925926
0 0.13645833333333332 0.5861111111111111 0.022916666666666665 0.040740740740740744
0 0.5041666666666667 0.5509259259259259 0.025 0.040740740740740744
0 0.5278645833333333 0.6888888888888889 0.0265625 0.037037037037037035
0 0.55859375 0.7555555555555555 0.024479166666666666 0.044444444444444446
0 0.38958333333333334 0.9777777777777779 0.020833333333333332 0.031481481481481485
0 0.41822916666666665 0.9740740740740741 0.020833333333333332 0.037037037037037035
0 0.46796875 0.9810185185185185 0.0203125 0.02314814814814815
0 0.5059895833333333 0.9750000000000001 0.0203125 0.031481481481481485
0 0.9690104166666667 0.5328703703703704 0.0203125 0.04351851851851852
0 0.9916666666666667 0.7101851851851853 0.015625 0.053703703703703705
0 0.903125 0.9050925925925927 0.028125 0.049074074074074076
0 0.39869791666666665 0.5597222222222222 0.019270833333333334 0.030555555555555558
