0 0.37734375 0.11157407407407408 0.0140625 0.028703703703703703
0 0.30390625 0.2513888888888889 0.018229166666666668 0.032407407407407406
0 0.33203125 0.20416666666666666 0.013020833333333334 0.028703703703703703
0 0.3385416666666667 0.47731481481481486 0.01875 0.03796296296296296
0 0.43828125 0.3648148148148148 0.0171875 0.03333333333333333
0 0.05911458333333333 0.47824074074074074 0.024479166666666666 0.03425925925925926
0 0.26328125 0.3666666666666667 0.0171875 0.02777777777777778
0 0.15052083333333333 0.6013888888888889 0.020833333333333332 0.036111111111111115
0 0.35390625 0.42453703703703705 0.019270833333333334 0.030555555555555558
0 0.30625 0.4375 0.015625 0.030555555555555558
0 0.49609375 0.5541666666666667 0.024479166666666666 0.04166666666666667
0 0.3692708333333333 0.5745370370370371 0.014583333333333334 0.030555555555555558
0 0.3859375 0.5523148148148148 0.013541666666666667 0.021296296296296296
0 0.5255208333333333 0.6796296296296297 0.030208333333333334 0.0462962962962963
0 0.5544270833333333 0.7564814814814815 0.024479166666666666 0.040740740740740744
0 0.38984375 0.976388888888889 0.019270833333333334 0.028703703703703703
0 0.41796875 0.9712962962962963 0.0203125 0.03888888888888889
0 0.4705729166666667 0.9800925925925926 0.019270833333333334 0.030555555555555558
0 0.5065104166666666 0.9782407407407407 0.024479166666666666 0.028703703703703703
0 0.9622395833333334 0.5319444444444444 0.0234375 0.04722222222222222
0 0.990625 0.7134259259259259 0.015625 0.04351851851851852
0 0.8903645833333333 0.8986111111111111 0.030729166666666665 0.05648148148148149
