0 0.30364583333333334 0.24861111111111112 0.01875 0.032407407407407406
0 0.3768229166666667 0.11064814814814815 0.0140625 0.030555555555555558
0 0.33151041666666664 0.20185185185185187 0.0140625 0.02962962962962963
0 0.43124999999999997 0.3625 0.017708333333333333 0.036111111111111115
0 0.32421875 0.4671296296296297 0.01614583333333333 0.025
0 0.08229166666666667 0.49768518518518523 0.021875 0.036111111111111115
0 0.17109375 0.6203703703703703 0.0265625 0.05
0 0.2515625 0.38287037037037036 0.021875 0.030555555555555558
0 0.2947916666666667 0.43842592592592594 0.015625 0.030555555555555558
0 0.34479166666666666 0.41712962962962963 0.013541666666666667 0.030555555555555558
0 0.35104166666666664 0.5703703703703704 0.021875 0.037037037037037035
0 0.47291666666666665 0.5583333333333333 0.01875 0.03888888888888889
0 0.5177083333333333 0.6791666666666667 0.022916666666666665 0.036111111111111115
0 0.5466145833333333 0.7546296296296297 0.0171875 0.031481481481481485
0 0.8627604166666667 0.8916666666666667 0.0234375 0.040740740740740744
0 0.98828125 0.7277777777777779 0.0203125 0.044444444444444446
0 0.39010416666666664 0.9800925925925926 0.021875 0.030555555555555558
0 0.41770833333333335 0.9736111111111111 0.01875 0.028703703703703703
0 0.4713541666666667 0.975925925925926 0.01875 0.018518518518518517
0 0.5078125 0.9768518518518519 0.01875 0.02592592592592593
0 0.95078125 0.5342592592592593 0.019270833333333334 0.040740740740740744
0 0.36744791666666665 0.5513888888888889 0.01614583333333333 0.021296296296296296
