0 0.37604166666666666 0.10555555555555556 0.015625 0.031481481481481485
0 0.33151041666666664 0.1953703703703704 0.0140625 0.02962962962962963
0 0.30833333333333335 0.24074074074074076 0.019791666666666666 0.03518518518518519
0 0.31927083333333334 0.3800925925925926 0.015625 0.030555555555555558
0 0.41380208333333335 0.35879629629629634 0.018229166666666668 0.032407407407407406
0 0.2669270833333333 0.40601851851851856 0.0171875 0.030555555555555558
0 0.21067708333333332 0.3944444444444445 0.015104166666666667 0.02777777777777778
0 0.5091145833333334 0.9828703703703704 0.0234375 0.03796296296296296
0 0.2934895833333333 0.44074074074074077 0.019270833333333334 0.02777777777777778
0 0.30234375 0.5361111111111111 0.01614583333333333 0.018518518518518517
0 0.29322916666666665 0.563425925925926 0.020833333333333332 0.03425925925925926
0 0.14661458333333333 0.5782407407407407 0.027604166666666666 0.036111111111111115
0 0.2375 0.675 0.026041666666666668 0.044444444444444446
0 0.4153645833333333 0.549074074074074 0.0234375 0.037037037037037035
0 0.4947916666666667 0.6819444444444445 0.021875 0.04166666666666667
0 0.5203125 0.7356481481481482 0.020833333333333332 0.04166666666666667
0 0.4796875 0.976388888888889 0.020833333333333332 0.028703703703703703
0 0.7895833333333333 0.8583333333333334 0.028125 0.05185185185185186
0 0.9677083333333333 0.7847222222222222 0.022916666666666665 0.04722222222222222
0 0.9328124999999999 0.5810185185185185 0.017708333333333333 0.036111111111111115
0 0.41692708333333334 0.9638888888888889 0.0171875 0.040740740740740744
0 0.3924479166666667 0.9675925925925927 0.0203125 0.03888888888888889
