0 0.4263020833333333 0.3601851851851852 0.0171875 0.03518518518518519
0 0.37734375 0.11018518518518519 0.015104166666666667 0.031481481481481485
0 0.3026041666666667 0.24583333333333335 0.016666666666666666 0.032407407407407406
0 0.33125 0.20046296296296298 0.013541666666666667 0.028703703703703703
0 0.9450520833333333 0.5398148148148149 0.0203125 0.03518518518518519
0 0.34140625 0.41574074074074074 0.01614583333333333 0.031481481481481485
0 0.31614583333333335 0.4675925925925926 0.019791666666666666 0.03518518518518519
0 0.28671875 0.4388888888888889 0.019270833333333334 0.03888888888888889
0 0.34739583333333335 0.5416666666666667 0.014583333333333334 0.020370370370370372
0 0.3390625 0.5662037037037038 0.022916666666666665 0.03425925925925926
0 0.24583333333333332 0.3842592592592593 0.021875 0.03333333333333333
0 0.09322916666666667 0.5097222222222222 0.020833333333333332 0.036111111111111115
0 0.18697916666666667 0.6162037037037037 0.021875 0.03425925925925926
0 0.4653645833333333 0.549537037037037 0.0203125 0.036111111111111115
0 0.509375 0.6652777777777779 0.01875 0.036111111111111115
0 0.5424479166666667 0.7541666666666667 0.0234375 0.04166666666666667
0 0.39088541666666665 0.976388888888889 0.0234375 0.03425925925925926
0 0.4161458333333333 0.9736111111111111 0.021875 0.036111111111111115
0 0.4734375 0.975462962962963 0.021875 0.028703703703703703
0 0.5083333333333333 0.9796296296296296 0.029166666666666667 0.031481481481481485
0 0.9846354166666667 0.737037037037037 0.019270833333333334 0.03888888888888889
0 0.8479166666666667 0.887962962962963 0.022916666666666665 0.03888888888888889
