0 0.33098958333333334 0.19768518518518519 0.0140625 0.026851851851851852
0 0.3765625 0.10972222222222222 0.014583333333333334 0.028703703703703703
0 0.30755208333333334 0.2564814814814815 0.019270833333333334 0.03518518518518519
0 0.49609375 0.3652777777777778 0.018229166666666668 0.030555555555555558
0 0.5575520833333333 0.6736111111111112 0.01614583333333333 0.036111111111111115
0 0.3184895833333333 0.35694444444444445 0.024479166666666666 0.03425925925925926
0 0.044270833333333336 0.5606481481481481 0.022916666666666665 0.032407407407407406
0 0.39296875 0.42685185185185187 0.01614583333333333 0.03333333333333333
0 0.3575520833333333 0.4671296296296297 0.0203125 0.025
0 0.3815104166666667 0.4986111111111111 0.01614583333333333 0.025
0 0.45729166666666665 0.5611111111111111 0.017708333333333333 0.02962962962962963
0 0.47291666666666665 0.5388888888888889 0.013541666666666667 0.024074074074074074
0 0.5752604166666666 0.5361111111111111 0.0203125 0.037037037037037035
0 0.5721354166666667 0.7337962962962963 0.021354166666666667 0.036111111111111115
0 0.96875 0.21851851851851853 0.016666666666666666 0.02592592592592593
0 0.98828125 0.3365740740740741 0.018229166666666668 0.032407407407407406
0 0.9877604166666667 0.38981481481481484 0.018229166666666668 0.037037037037037035
0 0.9924479166666667 0.47314814814814815 0.0140625 0.053703703703703705
0 0.50703125 0.9782407407407407 0.0203125 0.03425925925925926
0 0.4708333333333333 0.9796296296296296 0.022916666666666665 0.02592592592592593
0 0.41901041666666666 0.9726851851851852 0.022395833333333334 0.04537037037037037
0 0.384375 0.9810185185185185 0.017708333333333333 0.036111111111111115
