0 0.33125 0.19351851851851853 0.015625 0.02962962962962963
0 0.375 0.1087962962962963 0.016666666666666666 0.030555555555555558
0 0.4302083333333333 0.3601851851851852 0.019791666666666666 0.03333333333333333
0 0.7190104166666667 0.8032407407407408 0.0203125 0.032407407407407406
0 0.4778645833333333 0.675 0.015104166666666667 0.031481481481481485
0 0.9184895833333333 0.46944444444444444 0.024479166666666666 0.04259259259259259
0 0.17239583333333333 0.3791666666666667 0.016666666666666666 0.030555555555555558
0 0.23880208333333333 0.3856481481481482 0.018229166666666668 0.028703703703703703
0 0.2682291666666667 0.41435185185185186 0.014583333333333334 0.021296296296296296
0 0.2877604166666667 0.362962962962963 0.019270833333333334 0.031481481481481485
0 0.33697916666666666 0.2564814814814815 0.022916666666666665 0.037037037037037035
0 0.35651041666666666 0.5550925925925926 0.024479166666666666 0.036111111111111115
0 0.3106770833333333 0.6578703703703704 0.0234375 0.036111111111111115
0 0.20703125 0.6435185185185185 0.0265625 0.031481481481481485
0 0.23802083333333332 0.5074074074074074 0.017708333333333333 0.020370370370370372
0 0.24427083333333333 0.5351851851851852 0.021875 0.03333333333333333
0 0.38958333333333334 0.9592592592592593 0.017708333333333333 0.037037037037037035
0 0.4166666666666667 0.9643518518518519 0.025 0.04166666666666667
0 0.47994791666666664 0.9685185185185186 0.024479166666666666 0.03888888888888889
0 0.5291666666666667 0.9828703703703704 0.026041666666666668 0.02314814814814815
0 0.48828125 0.7532407407407408 0.0203125 0.036111111111111115
0 0.9 0.600925925925926 0.021875 0.040740740740740744
0 0.9385416666666666 0.8064814814814815 0.022916666666666665 0.03888888888888889
