0 0.3768229166666667 0.11064814814814815 0.0140625 0.028703703703703703
0 0.30364583333333334 0.250462962962963 0.01875 0.032407407407407406
0 0.33177083333333335 0.20462962962962963 0.0125 0.02777777777777778
0 0.4375 0.36388888888888893 0.016666666666666666 0.031481481481481485
0 0.3364583333333333 0.4726851851851852 0.016666666666666666 0.030555555555555558
0 0.26119791666666664 0.3675925925925926 0.0171875 0.031481481481481485
0 0.06744791666666666 0.4865740740740741 0.024479166666666666 0.028703703703703703
0 0.153125 0.6018518518518519 0.026041666666666668 0.037037037037037035
0 0.3559895833333333 0.42685185185185187 0.0203125 0.03888888888888889
0 0.3052083333333333 0.437962962962963 0.021875 0.031481481481481485
0 0.3690104166666667 0.5717592592592593 0.0203125 0.03425925925925926
0 0.3854166666666667 0.5597222222222222 0.013541666666666667 0.021296296296296296
0 0.4890625 0.5504629629629629 0.01875 0.03425925925925926
0 0.52421875 0.6759259259259259 0.019270833333333334 0.031481481481481485
0 0.5528645833333333 0.7569444444444444 0.01614583333333333 0.030555555555555558
0 0.9588541666666667 0.5324074074074074 0.022916666666666665 0.03333333333333333
0 0.98828125 0.7157407407407408 0.0171875 0.03888888888888889
0 0.8861979166666667 0.8953703703703704 0.0265625 0.053703703703703705
0 0.39010416666666664 0.9819444444444445 0.021875 0.03425925925925926
0 0.41744791666666664 0.9708333333333333 0.019270833333333334 0.04351851851851852
0 0.4700520833333333 0.9796296296296296 0.024479166666666666 0.02592592592592593
0 0.5067708333333333 0.9796296296296296 0.01875 0.031481481481481485
