0 0.3765625 0.10740740740740741 0.014583333333333334 0.031481481481481485
0 0.30234375 0.24074074074074076 0.019270833333333334 0.03518518518518519
0 0.33177083333333335 0.19722222222222224 0.014583333333333334 0.02962962962962963
0 0.4158854166666667 0.3662037037037037 0.018229166666666668 0.04166666666666667
0 0.3307291666666667 0.39212962962962966 0.015625 0.030555555555555558
0 0.22552083333333334 0.39166666666666666 0.016666666666666666 0.02777777777777778
0 0.2734375 0.4199074074074074 0.01875 0.030555555555555558
0 0.3028645833333333 0.4587962962962963 0.018229166666666668 0.032407407407407406
0 0.30807291666666664 0.5722222222222223 0.024479166666666666 0.040740740740740744
0 0.12395833333333334 0.5550925925925926 0.022916666666666665 0.036111111111111115
0 0.22057291666666667 0.6513888888888889 0.027604166666666666 0.04166666666666667
0 0.43697916666666664 0.5453703703703704 0.026041666666666668 0.044444444444444446
0 0.4984375 0.6847222222222222 0.020833333333333332 0.04351851851851852
0 0.5291666666666667 0.7416666666666667 0.022916666666666665 0.0462962962962963
0 0.39166666666666666 0.9708333333333333 0.022916666666666665 0.04351851851851852
0 0.41953124999999997 0.9652777777777778 0.0234375 0.05462962962962963
0 0.47812499999999997 0.975925925925926 0.020833333333333332 0.03888888888888889
0 0.5083333333333333 0.976388888888889 0.025 0.03425925925925926
0 0.8117187499999999 0.8745370370370371 0.0265625 0.049074074074074076
0 0.9768229166666667 0.7722222222222223 0.024479166666666666 0.05185185185185186
0 0.9354166666666667 0.5648148148148149 0.026041666666666668 0.05185185185185186
0 0.32057291666666665 0.5412037037037037 0.015104166666666667 0.02314814814814815
