0 0.3768229166666667 0.11157407407407408 0.0140625 0.028703703703703703
0 0.30364583333333334 0.2523148148148148 0.016666666666666666 0.032407407407407406
0 0.33151041666666664 0.20277777777777778 0.013020833333333334 0.02962962962962963
0 0.43984375 0.3648148148148148 0.0171875 0.02962962962962963
0 0.2643229166666667 0.36712962962962964 0.015104166666666667 0.030555555555555558
0 0.49296875 0.5504629629629629 0.01614583333333333 0.028703703703703703
0 0.33984375 0.4759259259259259 0.018229166666666668 0.03518518518518519
0 0.5234375 0.6828703703703703 0.017708333333333333 0.036111111111111115
0 0.05625 0.47870370370370374 0.025 0.03333333333333333
0 0.15026041666666667 0.5953703703703704 0.024479166666666666 0.044444444444444446
0 0.35625 0.4240740740740741 0.020833333333333332 0.040740740740740744
0 0.30755208333333334 0.4356481481481482 0.0203125 0.036111111111111115
0 0.3736979166666667 0.5712962962962963 0.019270833333333334 0.03888888888888889
0 0.38958333333333334 0.5620370370370371 0.014583333333333334 0.02592592592592593
0 0.5552083333333333 0.7555555555555555 0.020833333333333332 0.040740740740740744
0 0.9640624999999999 0.5328703703703704 0.020833333333333332 0.04351851851851852
0 0.9908854166666666 0.7087962962962964 0.0171875 0.049074074074074076
0 0.890625 0.899537037037037 0.026041666666666668 0.04351851851851852
0 0.5065104166666666 0.9824074074074074 0.027604166666666666 0.02592592592592593
0 0.4692708333333333 0.9814814814814815 0.026041666666666668 0.024074074074074074
0 0.41796875 0.9712962962962963 0.0203125 0.040740740740740744
0 0.3888020833333333 0.9777777777777779 0.0203125 0.031481481481481485
