0 0.33671875 0.1912037037037037 0.015104166666666667 0.028703703703703703
0 0.3546875 0.2300925925925926 0.017708333333333333 0.03425925925925926
0 0.40963541666666664 0.600462962962963 0.015104166666666667 0.03796296296296296
0 0.6361979166666667 0.737037037037037 0.0203125 0.03888888888888889
0 0.2559895833333333 0.32083333333333336 0.018229166666666668 0.030555555555555558
0 0.37395833333333334 0.10972222222222222 0.016666666666666666 0.030555555555555558
0 0.4622395833333333 0.33981481481481485 0.018229166666666668 0.02962962962962963
0 0.19947916666666665 0.36064814814814816 0.020833333333333332 0.032407407407407406
0 0.22838541666666667 0.39861111111111114 0.015104166666666667 0.025
0 0.18802083333333333 0.45601851851851855 0.017708333333333333 0.028703703703703703
0 0.17291666666666666 0.5083333333333333 0.019791666666666666 0.03333333333333333
0 0.13307291666666665 0.32962962962962966 0.01614583333333333 0.03333333333333333
0 0.27317708333333335 0.5574074074074075 0.0203125 0.03333333333333333
0 0.30052083333333335 0.6578703703703704 0.022916666666666665 0.036111111111111115
0 0.45625 0.6907407407407408 0.022916666666666665 0.0462962962962963
0 0.45026041666666666 0.7458333333333333 0.021354166666666667 0.03981481481481482
0 0.026302083333333334 0.7407407407407408 0.022395833333333334 0.037037037037037035
0 0.42526041666666664 0.9175925925925926 0.019270833333333334 0.031481481481481485
0 0.38697916666666665 0.9518518518518518 0.01875 0.03333333333333333
0 0.47604166666666664 0.9726851851851852 0.020833333333333332 0.03981481481481482
0 0.8182291666666667 0.46111111111111114 0.020833333333333332 0.040740740740740744
0 0.8963541666666667 0.6685185185185185 0.020833333333333332 0.05185185185185186
0 0.91953125 0.8958333333333334 0.022395833333333334 0.04537037037037037
