0 0.3375 0.1925925925925926 0.014583333333333334 0.031481481481481485
0 0.37604166666666666 0.10787037037037038 0.015625 0.030555555555555558
0 0.225 0.3 0.017708333333333333 0.037037037037037035
0 0.5731770833333333 0.7027777777777778 0.0203125 0.037037037037037035
0 0.17552083333333332 0.3287037037037037 0.01875 0.03333333333333333
0 0.13307291666666665 0.4481481481481482 0.019270833333333334 0.03518518518518519
0 0.3716145833333333 0.2087962962962963 0.018229166666666668 0.030555555555555558
0 0.09661458333333334 0.28101851851851856 0.0171875 0.026851851851851852
0 0.10807291666666667 0.4939814814814815 0.022395833333333334 0.036111111111111115
0 0.06067708333333333 0.8208333333333334 0.0203125 0.04351851851851852
0 0.2140625 0.5532407407407408 0.026041666666666668 0.036111111111111115
0 0.19947916666666665 0.36342592592592593 0.01875 0.026851851851851852
0 0.5083333333333333 0.33796296296296297 0.017708333333333333 0.037037037037037035
0 0.4744791666666667 0.5583333333333333 0.017708333333333333 0.04814814814814815
0 0.38203125 0.6217592592592592 0.022395833333333334 0.03796296296296296
0 0.43645833333333334 0.7087962962962964 0.01875 0.03796296296296296
0 0.44375 0.7467592592592592 0.01875 0.028703703703703703
0 0.4244791666666667 0.9162037037037037 0.017708333333333333 0.028703703703703703
0 0.39166666666666666 0.962962962962963 0.017708333333333333 0.03333333333333333
0 0.475 0.9740740740740741 0.015625 0.037037037037037035
0 0.7346354166666667 0.46064814814814814 0.0203125 0.036111111111111115
0 0.8947916666666667 0.725462962962963 0.01875 0.04351851851851852
0 0.9091145833333333 0.9745370370370371 0.022395833333333334 0.03425925925925926
