0 0.334375 0.19351851851851853 0.015625 0.02962962962962963
0 0.6690104166666666 0.7625000000000001 0.021354166666666667 0.03796296296296296
0 0.375 0.11111111111111112 0.015625 0.031481481481481485
0 0.27369791666666665 0.3287037037037037 0.0171875 0.031481481481481485
0 0.346875 0.2425925925925926 0.015625 0.031481481481481485
0 0.9361979166666666 0.875 0.024479166666666666 0.05185185185185186
0 0.15208333333333332 0.34490740740740744 0.016666666666666666 0.026851851851851852
0 0.24166666666666667 0.40972222222222227 0.015625 0.026851851851851852
0 0.2125 0.3837962962962963 0.026041666666666668 0.036111111111111115
0 0.20651041666666667 0.4898148148148148 0.019270833333333334 0.02777777777777778
0 0.20416666666666666 0.5310185185185186 0.02395833333333333 0.03425925925925926
0 0.31328125 0.5555555555555556 0.027604166666666666 0.040740740740740744
0 0.25807291666666665 0.6643518518518519 0.027604166666666666 0.028703703703703703
0 0.36744791666666665 0.6361111111111112 0.022395833333333334 0.040740740740740744
0 0.44375 0.3601851851851852 0.026041666666666668 0.04259259259259259
0 0.4653645833333333 0.6875 0.021354166666666667 0.03981481481481482
0 0.46640624999999997 0.7546296296296297 0.025520833333333333 0.037037037037037035
0 0.8630208333333333 0.4703703703703704 0.022916666666666665 0.037037037037037035
0 0.8872395833333333 0.6328703703703704 0.024479166666666666 0.058333333333333334
0 0.3854166666666667 0.9569444444444445 0.022916666666666665 0.036111111111111115
0 0.4203125 0.9435185185185185 0.02395833333333333 0.037037037037037035
0 0.4765625 0.9685185185185186 0.022916666666666665 0.031481481481481485
0 0.008333333333333333 0.7046296296296296 0.017708333333333333 0.05
