0 0.3390625 0.19351851851851853 0.014583333333333334 0.031481481481481485
0 0.3763020833333333 0.10694444444444445 0.015104166666666667 0.028703703703703703
0 0.36822916666666666 0.20462962962962963 0.016666666666666666 0.03333333333333333
0 0.16588541666666667 0.32083333333333336 0.019270833333333334 0.028703703703703703
0 0.11979166666666667 0.4342592592592593 0.01875 0.02962962962962963
0 0.19348958333333333 0.36064814814814816 0.0171875 0.026851851851851852
0 0.22213541666666667 0.2814814814814815 0.015104166666666667 0.02962962962962963
0 0.7104166666666667 0.45555555555555555 0.019791666666666666 0.03518518518518519
0 0.5606770833333333 0.6875 0.019270833333333334 0.03796296296296296
0 0.48463541666666665 0.5541666666666667 0.01614583333333333 0.032407407407407406
0 0.08333333333333333 0.26805555555555555 0.01875 0.030555555555555558
0 0.5213541666666667 0.3375 0.017708333333333333 0.030555555555555558
0 0.09479166666666666 0.48194444444444445 0.017708333333333333 0.026851851851851852
0 0.19635416666666666 0.5532407407407408 0.022916666666666665 0.030555555555555558
0 0.07239583333333333 0.8449074074074074 0.022916666666666665 0.04537037037037037
0 0.40182291666666664 0.6074074074074074 0.022395833333333334 0.02777777777777778
0 0.43124999999999997 0.7152777777777778 0.020833333333333332 0.036111111111111115
0 0.4401041666666667 0.7462962962962963 0.01875 0.03333333333333333
0 0.3924479166666667 0.9648148148148149 0.019270833333333334 0.03333333333333333
0 0.4231770833333333 0.913425925925926 0.01614583333333333 0.030555555555555558
0 0.47578125 0.9722222222222222 0.021354166666666667 0.037037037037037035
0 0.8872395833333333 0.7393518518518519 0.0203125 0.03981481481481482
