0 0.3375 0.19166666666666668 0.014583333333333334 0.02962962962962963
0 0.2513020833333333 0.3194444444444445 0.018229166666666668 0.031481481481481485
0 0.35520833333333335 0.22824074074074074 0.017708333333333333 0.032407407407407406
0 0.19713541666666667 0.3541666666666667 0.0203125 0.030555555555555558
0 0.18541666666666667 0.4550925925925926 0.017708333333333333 0.028703703703703703
0 0.37447916666666664 0.10833333333333334 0.015625 0.02962962962962963
0 0.16979166666666667 0.5050925925925926 0.01875 0.03425925925925926
0 0.6307291666666667 0.7333333333333334 0.020833333333333332 0.04259259259259259
0 0.46588541666666666 0.34074074074074073 0.018229166666666668 0.03333333333333333
0 0.22526041666666666 0.39537037037037037 0.01614583333333333 0.024074074074074074
0 0.13072916666666667 0.3231481481481482 0.017708333333333333 0.02962962962962963
0 0.8104166666666667 0.4569444444444445 0.019791666666666666 0.028703703703703703
0 0.26979166666666665 0.5569444444444445 0.019791666666666666 0.03425925925925926
0 0.4158854166666667 0.5944444444444444 0.015104166666666667 0.03888888888888889
0 0.915625 0.8990740740740741 0.021875 0.040740740740740744
0 0.3104166666666667 0.6587962962962963 0.026041666666666668 0.036111111111111115
0 0.030989583333333334 0.7472222222222222 0.024479166666666666 0.040740740740740744
0 0.45260416666666664 0.6898148148148149 0.01875 0.03333333333333333
0 0.44947916666666665 0.7421296296296297 0.02395833333333333 0.03981481481481482
0 0.8966145833333333 0.675 0.024479166666666666 0.05185185185185186
0 0.4244791666666667 0.9162037037037037 0.022916666666666665 0.036111111111111115
0 0.3872395833333333 0.9518518518518518 0.019270833333333334 0.03333333333333333
0 0.47630208333333335 0.975462962962963 0.0171875 0.036111111111111115
