0 0.33307291666666666 0.19351851851851853 0.015104166666666667 0.02962962962962963
0 0.37473958333333335 0.1087962962962963 0.01614583333333333 0.030555555555555558
0 0.34479166666666666 0.25416666666666665 0.017708333333333333 0.032407407407407406
0 0.27890625 0.33981481481481485 0.0171875 0.03518518518518519
0 0.22135416666666666 0.38333333333333336 0.019791666666666666 0.02777777777777778
0 0.6872395833333333 0.7791666666666667 0.022395833333333334 0.03796296296296296
0 0.2520833333333333 0.4138888888888889 0.016666666666666666 0.02777777777777778
0 0.21692708333333333 0.5018518518518519 0.0171875 0.02962962962962963
0 0.4731770833333333 0.6814814814814815 0.0171875 0.03333333333333333
0 0.15989583333333332 0.35555555555555557 0.022916666666666665 0.03333333333333333
0 0.21927083333333333 0.5324074074074074 0.026041666666666668 0.031481481481481485
0 0.44036458333333334 0.35462962962962963 0.019270833333333334 0.031481481481481485
0 0.32708333333333334 0.5462962962962963 0.02395833333333333 0.04259259259259259
0 0.34765625 0.6481481481481481 0.0203125 0.040740740740740744
0 0.2375 0.6662037037037037 0.029166666666666667 0.036111111111111115
0 0.8838541666666666 0.47453703703703703 0.02395833333333333 0.03981481481481482
0 0.8877604166666666 0.6125 0.0203125 0.04351851851851852
0 0.94140625 0.851388888888889 0.021354166666666667 0.03981481481481482
0 0.4786458333333333 0.9694444444444444 0.027083333333333334 0.04259259259259259
0 0.41744791666666664 0.9560185185185186 0.024479166666666666 0.04351851851851852
0 0.38515625 0.9550925925925926 0.0203125 0.03981481481481482
0 0.47421874999999997 0.7523148148148149 0.025520833333333333 0.03425925925925926
