0 0.33697916666666666 0.1902777777777778 0.013541666666666667 0.030555555555555558
0 0.37526041666666665 0.10925925925925926 0.01614583333333333 0.031481481481481485
0 0.36640625 0.22175925925925927 0.0171875 0.030555555555555558
0 0.2359375 0.31666666666666665 0.017708333333333333 0.037037037037037035
0 0.1890625 0.33796296296296297 0.01875 0.02962962962962963
0 0.11458333333333333 0.30324074074074076 0.015625 0.026851851851851852
0 0.21302083333333333 0.3763888888888889 0.017708333333333333 0.026851851851851852
0 0.60078125 0.7189814814814816 0.0171875 0.03425925925925926
0 0.44505208333333335 0.6930555555555555 0.018229166666666668 0.03796296296296296
0 0.77109375 0.4638888888888889 0.022395833333333334 0.03518518518518519
0 0.4479166666666667 0.5810185185185185 0.015625 0.03981481481481482
0 0.15989583333333332 0.4587962962962963 0.01875 0.026851851851851852
0 0.1421875 0.5 0.02395833333333333 0.03333333333333333
0 0.24375 0.5504629629629629 0.027083333333333334 0.03796296296296296
0 0.34479166666666666 0.6518518518518519 0.026041666666666668 0.037037037037037035
0 0.48359375 0.3462962962962963 0.021354166666666667 0.0462962962962963
0 0.4440104166666667 0.7412037037037037 0.0203125 0.03796296296296296
0 0.42473958333333334 0.913425925925926 0.022395833333333334 0.03796296296296296
0 0.3919270833333333 0.9578703703703704 0.0203125 0.03796296296296296
0 0.47552083333333334 0.9740740740740741 0.022916666666666665 0.040740740740740744
0 0.04869791666666667 0.7810185185185186 0.025520833333333333 0.04351851851851852
0 0.9033854166666666 0.7032407407407407 0.022395833333333334 0.058333333333333334
0 0.9054687499999999 0.9236111111111112 0.024479166666666666 0.04351851851851852
