0 0.3364583333333333 0.18981481481481483 0.013541666666666667 0.031481481481481485
0 0.3755208333333333 0.10925925925925926 0.015625 0.031481481481481485
0 0.18567708333333333 0.33287037037037037 0.018229166666666668 0.028703703703703703
0 0.2328125 0.3138888888888889 0.017708333333333333 0.037037037037037035
0 0.36953125 0.2199074074074074 0.018229166666666668 0.03425925925925926
0 0.11041666666666666 0.300462962962963 0.016666666666666666 0.03425925925925926
0 0.21041666666666667 0.375462962962963 0.016666666666666666 0.028703703703703703
0 0.4927083333333333 0.34074074074074073 0.016666666666666666 0.03518518518518519
0 0.45651041666666664 0.5750000000000001 0.01614583333333333 0.037037037037037035
0 0.15104166666666666 0.4569444444444445 0.020833333333333332 0.026851851851851852
0 0.13307291666666665 0.4990740740740741 0.0203125 0.031481481481481485
0 0.05078125 0.7930555555555556 0.021354166666666667 0.03796296296296296
0 0.23802083333333332 0.55 0.026041666666666668 0.040740740740740744
0 0.353125 0.6486111111111111 0.02395833333333333 0.030555555555555558
0 0.4432291666666667 0.6981481481481482 0.01875 0.04259259259259259
0 0.4453125 0.7458333333333333 0.022916666666666665 0.04537037037037037
0 0.42526041666666664 0.9106481481481482 0.0203125 0.030555555555555558
0 0.39140625 0.9611111111111111 0.019270833333333334 0.03333333333333333
0 0.4747395833333333 0.9726851851851852 0.019270833333333334 0.03796296296296296
0 0.5934895833333333 0.7157407407407408 0.025520833333333333 0.037037037037037035
0 0.7611979166666667 0.4638888888888889 0.0203125 0.037037037037037035
0 0.9018229166666667 0.7111111111111111 0.019270833333333334 0.05
0 0.9057291666666667 0.9370370370370371 0.01875 0.0462962962962963
