0 0.3346354166666667 0.19351851851851853 0.015104166666666667 0.02962962962962963
0 0.3677083333333333 0.638888888888889 0.015625 0.037037037037037035
0 0.375 0.10972222222222222 0.015625 0.028703703703703703
0 0.24401041666666667 0.41620370370370374 0.019270833333333334 0.036111111111111115
0 0.20729166666666665 0.48935185185185187 0.017708333333333333 0.030555555555555558
0 0.46875 0.6851851851851852 0.016666666666666666 0.031481481481481485
0 0.21536458333333333 0.38287037037037036 0.021354166666666667 0.032407407407407406
0 0.6713541666666667 0.7657407407407407 0.021875 0.03518518518518519
0 0.34609375 0.24537037037037038 0.01614583333333333 0.03333333333333333
0 0.27421875 0.32731481481481484 0.0171875 0.030555555555555558
0 0.15364583333333334 0.3439814814814815 0.017708333333333333 0.028703703703703703
0 0.008333333333333333 0.7000000000000001 0.0125 0.05185185185185186
0 0.20703125 0.5300925925925926 0.022395833333333334 0.028703703703703703
0 0.31223958333333335 0.55 0.022395833333333334 0.037037037037037035
0 0.4427083333333333 0.36064814814814816 0.020833333333333332 0.03425925925925926
0 0.4674479166666667 0.7541666666666667 0.021354166666666667 0.03796296296296296
0 0.38307291666666665 0.9550925925925926 0.021354166666666667 0.03981481481481482
0 0.4197916666666667 0.9481481481481482 0.022916666666666665 0.03333333333333333
0 0.4783854166666667 0.9689814814814816 0.022395833333333334 0.04351851851851852
0 0.8666666666666667 0.47175925925925927 0.02395833333333333 0.03981481481481482
0 0.8861979166666667 0.6268518518518519 0.021354166666666667 0.04814814814814815
0 0.9369791666666667 0.8643518518518519 0.022916666666666665 0.049074074074074076
0 0.25703125 0.6666666666666667 0.025520833333333333 0.03333333333333333
