0 0.33541666666666664 0.19212962962962965 0.015625 0.030555555555555558
0 0.66640625 0.7606481481481482 0.0203125 0.03796296296296296
0 0.3734375 0.6328703703703704 0.014583333333333334 0.036111111111111115
0 0.37526041666666665 0.11064814814814815 0.015104166666666667 0.030555555555555558
0 0.27239583333333334 0.3263888888888889 0.017708333333333333 0.030555555555555558
0 0.15026041666666667 0.34490740740740744 0.0171875 0.030555555555555558
0 0.34661458333333334 0.23935185185185187 0.01614583333333333 0.03425925925925926
0 0.4453125 0.3560185185185185 0.01875 0.028703703703703703
0 0.2109375 0.3800925925925926 0.01875 0.028703703703703703
0 0.42213541666666665 0.9425925925925926 0.018229166666666668 0.03333333333333333
0 0.24140625 0.4064814814814815 0.01614583333333333 0.02777777777777778
0 0.20598958333333334 0.4810185185185185 0.0203125 0.03425925925925926
0 0.20052083333333334 0.5240740740740741 0.020833333333333332 0.03333333333333333
0 0.30494791666666665 0.549537037037037 0.022395833333333334 0.03981481481481482
0 0.2640625 0.6643518518518519 0.026041666666666668 0.036111111111111115
0 0.4661458333333333 0.6902777777777778 0.026041666666666668 0.04537037037037037
0 0.4635416666666667 0.7541666666666667 0.022916666666666665 0.03796296296296296
0 0.38645833333333335 0.9546296296296297 0.022916666666666665 0.040740740740740744
0 0.47734375 0.9694444444444444 0.024479166666666666 0.0462962962962963
0 0.859375 0.47314814814814815 0.02395833333333333 0.04259259259259259
0 0.8875 0.6310185185185185 0.020833333333333332 0.049074074074074076
0 0.9369791666666667 0.8731481481481482 0.026041666666666668 0.05555555555555556
0 0.009895833333333333 0.7087962962962964 0.020833333333333332 0.0638888888888889
