0 0.17994791666666665 0.037037037037037035 0.015104166666666667 0.031481481481481485
0 0.3177083333333333 0.10324074074074074 0.014583333333333334 0.03425925925925926
0 0.2453125 0.1763888888888889 0.019791666666666666 0.03425925925925926
0 0.1640625 0.13101851851851853 0.015625 0.03796296296296296
0 0.08958333333333333 0.2675925925925926 0.020833333333333332 0.04259259259259259
0 0.030989583333333334 0.3050925925925926 0.019270833333333334 0.04537037037037037
0 0.01875 0.44537037037037036 0.022916666666666665 0.044444444444444446
0 0.17604166666666665 0.4791666666666667 0.015625 0.03425925925925926
0 0.18489583333333334 0.44907407407407407 0.01875 0.031481481481481485
0 0.15494791666666666 0.6717592592592593 0.021354166666666667 0.04722222222222222
0 0.0875 0.8578703703703704 0.03229166666666666 0.05277777777777778
0 0.24036458333333333 0.7824074074074074 0.0296875 0.044444444444444446
0 0.26458333333333334 0.8314814814814815 0.029166666666666667 0.05185185185185186
0 0.3796875 0.7930555555555556 0.02395833333333333 0.04722222222222222
0 0.3911458333333333 0.7694444444444445 0.026041666666666668 0.053703703703703705
0 0.43828125 0.6532407407407408 0.022395833333333334 0.05277777777777778
0 0.36640625 0.5402777777777777 0.022395833333333334 0.03796296296296296
0 0.32578125 0.5041666666666667 0.019270833333333334 0.03981481481481482
0 0.9421875 0.17592592592592593 0.019791666666666666 0.044444444444444446
0 0.009635416666666667 0.18611111111111112 0.0171875 0.037037037037037035
