0 0.31666666666666665 0.10370370370370371 0.017708333333333333 0.03888888888888889
0 0.19479166666666667 0.13148148148148148 0.022916666666666665 0.044444444444444446
0 0.21927083333333333 0.1824074074074074 0.019791666666666666 0.04259259259259259
0 0.18255208333333334 0.036111111111111115 0.0203125 0.03888888888888889
0 0.04401041666666666 0.18796296296296297 0.0234375 0.044444444444444446
0 0.11510416666666666 0.2652777777777778 0.025 0.04537037037037037
0 0.030989583333333334 0.31203703703703706 0.025520833333333333 0.053703703703703705
0 0.029947916666666668 0.4236111111111111 0.025520833333333333 0.04537037037037037
0 0.009375 0.24166666666666667 0.017708333333333333 0.04814814814814815
0 0.010677083333333334 0.29583333333333334 0.0203125 0.04722222222222222
0 0.18046875 0.48333333333333334 0.018229166666666668 0.044444444444444446
0 0.1875 0.45462962962962966 0.021875 0.05185185185185186
0 0.325 0.5050925925925926 0.02395833333333333 0.049074074074074076
0 0.3677083333333333 0.5430555555555556 0.025 0.049074074074074076
0 0.15703125 0.6796296296296297 0.0265625 0.06296296296296297
0 0.0890625 0.8662037037037037 0.034375 0.06759259259259259
0 0.24270833333333333 0.7912037037037037 0.034375 0.058333333333333334
0 0.26901041666666664 0.837037037037037 0.033854166666666664 0.06666666666666667
0 0.4393229166666667 0.6574074074074074 0.025520833333333333 0.05555555555555556
0 0.39010416666666664 0.8097222222222222 0.03125 0.058333333333333334
0 0.3927083333333333 0.7699074074074075 0.029166666666666667 0.058333333333333334
0 0.9528645833333333 0.16990740740740742 0.0265625 0.05092592592592593
