0 0.31640625 0.13564814814814816 0.0203125 0.03796296296296296
0 0.3171875 0.0976851851851852 0.017708333333333333 0.03425925925925926
0 0.09296875 0.16944444444444445 0.0234375 0.04259259259259259
0 0.21536458333333333 0.16944444444444445 0.025520833333333333 0.0462962962962963
0 0.22135416666666666 0.25972222222222224 0.022916666666666665 0.04351851851851852
0 0.11223958333333334 0.21712962962962964 0.028645833333333332 0.04166666666666667
0 0.11223958333333334 0.28564814814814815 0.025520833333333333 0.03796296296296296
0 0.06354166666666666 0.2925925925925926 0.022916666666666665 0.053703703703703705
0 0.06328125 0.36203703703703705 0.024479166666666666 0.04259259259259259
0 0.17916666666666667 0.4800925925925926 0.020833333333333332 0.04166666666666667
0 0.18828125 0.4518518518518519 0.024479166666666666 0.04814814814814815
0 0.3453125 0.5083333333333333 0.02395833333333333 0.053703703703703705
0 0.37083333333333335 0.5351851851851852 0.022916666666666665 0.0462962962962963
0 0.44114583333333335 0.6486111111111111 0.026041666666666668 0.05462962962962963
0 0.3888020833333333 0.762962962962963 0.0265625 0.0462962962962963
0 0.4184895833333333 0.8916666666666667 0.024479166666666666 0.04814814814814815
0 0.15572916666666667 0.6759259259259259 0.027083333333333334 0.05555555555555556
0 0.24088541666666666 0.7837962962962963 0.0296875 0.058333333333333334
0 0.2674479166666667 0.826388888888889 0.028645833333333332 0.05648148148148149
0 0.08411458333333333 0.8560185185185185 0.028645833333333332 0.049074074074074076
0 0.17994791666666665 0.034722222222222224 0.015104166666666667 0.026851851851851852
