0 0.184375 0.037037037037037035 0.017708333333333333 0.03888888888888889
0 0.30572916666666666 0.13055555555555556 0.020833333333333332 0.04259259259259259
0 0.3169270833333333 0.10092592592592593 0.013020833333333334 0.037037037037037035
0 0.10651041666666666 0.17592592592592593 0.024479166666666666 0.037037037037037035
0 0.19713541666666667 0.17685185185185187 0.018229166666666668 0.040740740740740744
0 0.2125 0.25972222222222224 0.015625 0.04537037037037037
0 0.09921875 0.22222222222222224 0.0140625 0.04814814814814815
0 0.10208333333333333 0.28240740740740744 0.017708333333333333 0.02962962962962963
0 0.059895833333333336 0.2967592592592593 0.015625 0.05277777777777778
0 0.06015625 0.3615740740740741 0.015104166666666667 0.032407407407407406
0 0.18854166666666666 0.45092592592592595 0.02395833333333333 0.04814814814814815
0 0.17734375 0.4759259259259259 0.019270833333333334 0.03888888888888889
0 0.34088541666666666 0.5074074074074074 0.0265625 0.040740740740740744
0 0.37109375 0.5337962962962963 0.0203125 0.04537037037037037
0 0.43984375 0.6490740740740741 0.0203125 0.05185185185185186
0 0.3919270833333333 0.7611111111111112 0.0265625 0.03888888888888889
0 0.4171875 0.8902777777777778 0.029166666666666667 0.05648148148148149
0 0.2708333333333333 0.8305555555555556 0.027083333333333334 0.061111111111111116
0 0.24270833333333333 0.7856481481481482 0.028125 0.05648148148148149
0 0.15338541666666666 0.675462962962963 0.030729166666666665 0.04537037037037037
0 0.08359375 0.8537037037037037 0.03177083333333333 0.061111111111111116
