0 0.017447916666666667 0.1851851851851852 0.019270833333333334 0.03888888888888889
0 0.18020833333333333 0.04212962962962963 0.015625 0.03425925925925926
0 0.3151041666666667 0.10462962962962963 0.016666666666666666 0.031481481481481485
0 0.3854166666666667 0.14027777777777778 0.020833333333333332 0.04351851851851852
0 0.30416666666666664 0.1712962962962963 0.017708333333333333 0.03888888888888889
0 0.27838541666666666 0.26296296296296295 0.019270833333333334 0.04814814814814815
0 0.16276041666666666 0.2199074074074074 0.018229166666666668 0.04537037037037037
0 0.17265625 0.2796296296296296 0.018229166666666668 0.031481481481481485
0 0.09505208333333333 0.27685185185185185 0.0296875 0.04814814814814815
0 0.09192708333333333 0.3458333333333333 0.025520833333333333 0.04722222222222222
0 0.18489583333333334 0.45416666666666666 0.027083333333333334 0.04351851851851852
0 0.17682291666666666 0.48194444444444445 0.018229166666666668 0.036111111111111115
0 0.36666666666666664 0.5388888888888889 0.017708333333333333 0.037037037037037035
0 0.3489583333333333 0.513888888888889 0.022916666666666665 0.05
0 0.44036458333333334 0.6527777777777778 0.024479166666666666 0.05925925925925926
0 0.4044270833333333 0.9018518518518519 0.0265625 0.05
0 0.38776041666666666 0.7657407407407407 0.025520833333333333 0.05
0 0.2643229166666667 0.8291666666666667 0.0203125 0.05462962962962963
0 0.23385416666666667 0.7870370370370371 0.028125 0.05925925925925926
0 0.15130208333333334 0.6791666666666667 0.024479166666666666 0.05277777777777778
0 0.08020833333333333 0.8643518518518519 0.03958333333333333 0.06574074074074074
