0 0.028906249999999998 0.17777777777777778 0.019270833333333334 0.040740740740740744
0 0.18177083333333333 0.04398148148148148 0.020833333333333332 0.025
0 0.31484375 0.10324074074074074 0.0203125 0.03425925925925926
0 0.3731770833333333 0.14027777777777778 0.015104166666666667 0.036111111111111115
0 0.28802083333333334 0.16944444444444445 0.016666666666666666 0.03888888888888889
0 0.2682291666666667 0.26203703703703707 0.021875 0.04259259259259259
0 0.15625 0.21944444444444444 0.020833333333333332 0.04259259259259259
0 0.1578125 0.28101851851851856 0.020833333333333332 0.03425925925925926
0 0.08723958333333333 0.275 0.0203125 0.037037037037037035
0 0.08828125 0.34861111111111115 0.018229166666666668 0.04351851851851852
0 0.18515625 0.45555555555555555 0.025520833333333333 0.04814814814814815
0 0.1765625 0.4791666666666667 0.022916666666666665 0.036111111111111115
0 0.34765625 0.5148148148148148 0.024479166666666666 0.05185185185185186
0 0.36666666666666664 0.5425925925925926 0.021875 0.05185185185185186
0 0.43723958333333335 0.6532407407407408 0.024479166666666666 0.05648148148148149
0 0.40625 0.8967592592592593 0.021875 0.05648148148148149
0 0.38619791666666664 0.7666666666666667 0.025520833333333333 0.05185185185185186
0 0.2643229166666667 0.8314814814814815 0.025520833333333333 0.05925925925925926
0 0.23333333333333334 0.7828703703703704 0.027083333333333334 0.05277777777777778
0 0.15364583333333334 0.6833333333333333 0.028125 0.05185185185185186
0 0.08020833333333333 0.8578703703703704 0.027083333333333334 0.06574074074074074
