0 0.184375 0.032407407407407406 0.017708333333333333 0.037037037037037035
0 0.31927083333333334 0.09490740740740741 0.017708333333333333 0.036111111111111115
0 0.36354166666666665 0.2513888888888889 0.020833333333333332 0.03425925925925926
0 0.36614583333333334 0.22777777777777777 0.016666666666666666 0.031481481481481485
0 0.42916666666666664 0.17083333333333334 0.016666666666666666 0.04722222222222222
0 0.48802083333333335 0.1439814814814815 0.02395833333333333 0.04351851851851852
0 0.95859375 0.08657407407407408 0.019270833333333334 0.036111111111111115
0 0.15052083333333333 0.30462962962962964 0.027083333333333334 0.05
0 0.16666666666666666 0.23333333333333334 0.021875 0.03888888888888889
0 0.24895833333333334 0.2064814814814815 0.022916666666666665 0.040740740740740744
0 0.2559895833333333 0.2712962962962963 0.025520833333333333 0.04814814814814815
0 0.17734375 0.47500000000000003 0.019270833333333334 0.037037037037037035
0 0.18984375 0.4430555555555556 0.0265625 0.04537037037037037
0 0.37135416666666665 0.5291666666666667 0.021875 0.04351851851851852
0 0.3455729166666667 0.5 0.018229166666666668 0.037037037037037035
0 0.4427083333333333 0.6486111111111111 0.02395833333333333 0.05648148148148149
0 0.39921875 0.8856481481481482 0.025520833333333333 0.04722222222222222
0 0.3890625 0.7601851851851852 0.029166666666666667 0.05185185185185186
0 0.26875 0.8273148148148148 0.029166666666666667 0.0638888888888889
0 0.23229166666666667 0.7717592592592593 0.027083333333333334 0.04351851851851852
0 0.15234375 0.6666666666666667 0.025520833333333333 0.05
0 0.08098958333333334 0.8476851851851852 0.0296875 0.062037037037037036
