0 0.18463541666666666 0.02962962962962963 0.018229166666666668 0.022222222222222223
0 0.3184895833333333 0.09583333333333334 0.0203125 0.04722222222222222
0 0.29270833333333335 0.2087962962962963 0.020833333333333332 0.04537037037037037
0 0.296875 0.2606481481481482 0.020833333333333332 0.036111111111111115
0 0.39947916666666666 0.2518518518518519 0.020833333333333332 0.040740740740740744
0 0.40703125 0.22592592592592595 0.0140625 0.04814814814814815
0 0.4903645833333333 0.17777777777777778 0.019270833333333334 0.037037037037037035
0 0.5364583333333334 0.15046296296296297 0.02395833333333333 0.04722222222222222
0 0.9411458333333333 0.08009259259259259 0.015625 0.036111111111111115
0 0.20781249999999998 0.2175925925925926 0.021875 0.05
0 0.18802083333333333 0.2814814814814815 0.020833333333333332 0.03888888888888889
0 0.17213541666666665 0.4726851851851852 0.0265625 0.04537037037037037
0 0.19140625 0.44212962962962965 0.024479166666666666 0.04722222222222222
0 0.34401041666666665 0.5 0.018229166666666668 0.040740740740740744
0 0.371875 0.5291666666666667 0.017708333333333333 0.04351851851851852
0 0.4421875 0.6476851851851853 0.027083333333333334 0.05277777777777778
0 0.40078125 0.888425925925926 0.024479166666666666 0.05462962962962963
0 0.39375 0.7560185185185185 0.03229166666666666 0.05648148148148149
0 0.26979166666666665 0.8222222222222223 0.03333333333333333 0.05740740740740741
0 0.234375 0.7712962962962964 0.03333333333333333 0.061111111111111116
0 0.15625 0.6731481481481482 0.028125 0.05925925925925926
0 0.08411458333333333 0.8527777777777779 0.030729166666666665 0.05925925925925926
