0 0.18020833333333333 0.03333333333333333 0.017708333333333333 0.031481481481481485
0 0.31796875 0.09490740740740741 0.0203125 0.03425925925925926
0 0.2682291666666667 0.19814814814814816 0.021875 0.04259259259259259
0 0.35572916666666665 0.20740740740740743 0.017708333333333333 0.040740740740740744
0 0.359375 0.26296296296296295 0.020833333333333332 0.031481481481481485
0 0.24661458333333333 0.26203703703703707 0.025520833333333333 0.02962962962962963
0 0.16458333333333333 0.4759259259259259 0.021875 0.02962962962962963
0 0.18958333333333333 0.4449074074074074 0.02395833333333333 0.036111111111111115
0 0.3380208333333333 0.5 0.020833333333333332 0.05
0 0.37135416666666665 0.5347222222222222 0.029166666666666667 0.04722222222222222
0 0.4427083333333333 0.6541666666666667 0.020833333333333332 0.05277777777777778
0 0.40130208333333334 0.8925925925925926 0.024479166666666666 0.05185185185185186
0 0.3885416666666667 0.7555555555555555 0.027083333333333334 0.04814814814814815
0 0.26640625 0.8236111111111112 0.024479166666666666 0.0638888888888889
0 0.23203125 0.7712962962962964 0.0265625 0.05185185185185186
0 0.08203125 0.851388888888889 0.03177083333333333 0.06574074074074074
0 0.15416666666666667 0.6800925925925926 0.021875 0.04722222222222222
0 0.9057291666666667 0.08888888888888889 0.016666666666666666 0.040740740740740744
0 0.5846354166666666 0.19351851851851853 0.018229166666666668 0.040740740740740744
0 0.6125 0.1587962962962963 0.022916666666666665 0.04351851851851852
0 0.4596354166666667 0.2537037037037037 0.0140625 0.02962962962962963
0 0.46328125 0.23564814814814816 0.018229166666666668 0.03425925925925926
