0 0.1828125 0.03333333333333333 0.022916666666666665 0.03888888888888889
0 0.31666666666666665 0.09490740740740741 0.02395833333333333 0.04537037037037037
0 0.26119791666666664 0.19490740740740742 0.019270833333333334 0.03425925925925926
0 0.23671875 0.2638888888888889 0.018229166666666668 0.04259259259259259
0 0.35182291666666665 0.2675925925925926 0.0203125 0.040740740740740744
0 0.34791666666666665 0.2064814814814815 0.020833333333333332 0.040740740740740744
0 0.4515625 0.24953703703703706 0.022916666666666665 0.04351851851851852
0 0.45859374999999997 0.23703703703703705 0.024479166666666666 0.03888888888888889
0 0.5747395833333333 0.18842592592592594 0.019270833333333334 0.04537037037037037
0 0.6015625 0.1537037037037037 0.020833333333333332 0.04259259259259259
0 0.9104166666666667 0.08935185185185185 0.015625 0.032407407407407406
0 0.4005208333333333 0.8898148148148148 0.022916666666666665 0.04814814814814815
0 0.3919270833333333 0.7532407407407408 0.024479166666666666 0.04722222222222222
0 0.44244791666666666 0.649537037037037 0.025520833333333333 0.04537037037037037
0 0.37057291666666664 0.5328703703703704 0.0203125 0.04722222222222222
0 0.3390625 0.4986111111111111 0.020833333333333332 0.05277777777777778
0 0.26640625 0.8282407407407407 0.0265625 0.05277777777777778
0 0.23411458333333332 0.7740740740740741 0.03802083333333333 0.061111111111111116
0 0.15520833333333334 0.6800925925925926 0.027083333333333334 0.04537037037037037
0 0.16536458333333334 0.475462962962963 0.024479166666666666 0.036111111111111115
0 0.18645833333333334 0.44074074074074077 0.016666666666666666 0.037037037037037035
0 0.08333333333333333 0.8518518518518519 0.029166666666666667 0.05740740740740741
