0 0.40234375 0.8907407407407407 0.024479166666666666 0.040740740740740744
0 0.3924479166666667 0.7486111111111111 0.0203125 0.04351851851851852
0 0.4401041666666667 0.649537037037037 0.028125 0.05277777777777778
0 0.3723958333333333 0.5314814814814816 0.020833333333333332 0.04814814814814815
0 0.3375 0.500925925925926 0.020833333333333332 0.04814814814814815
0 0.16536458333333334 0.4814814814814815 0.024479166666666666 0.04814814814814815
0 0.18802083333333333 0.44722222222222224 0.017708333333333333 0.040740740740740744
0 0.24973958333333332 0.25925925925925924 0.0265625 0.040740740740740744
0 0.27239583333333334 0.19814814814814816 0.017708333333333333 0.04259259259259259
0 0.31614583333333335 0.09675925925925927 0.011458333333333333 0.025
0 0.3578125 0.20925925925925926 0.017708333333333333 0.037037037037037035
0 0.3619791666666667 0.26805555555555555 0.017708333333333333 0.036111111111111115
0 0.46249999999999997 0.25833333333333336 0.016666666666666666 0.04259259259259259
0 0.4669270833333333 0.23935185185185187 0.018229166666666668 0.03425925925925926
0 0.590625 0.19490740740740742 0.017708333333333333 0.03425925925925926
0 0.6145833333333334 0.16018518518518518 0.016666666666666666 0.04259259259259259
0 0.903125 0.08750000000000001 0.011458333333333333 0.03425925925925926
0 0.0828125 0.8587962962962963 0.028125 0.04722222222222222
0 0.15364583333333334 0.6814814814814815 0.022916666666666665 0.05740740740740741
0 0.23385416666666667 0.7736111111111111 0.027083333333333334 0.05462962962962963
0 0.2677083333333333 0.8222222222222223 0.029166666666666667 0.061111111111111116
0 0.18046875 0.03981481481481482 0.0203125 0.02962962962962963
