0 0.06875 0.2777777777777778 0.0171875 0.025
0 0.04296875 0.30347222222222225 0.015625 0.029166666666666667
0 0.1203125 0.2826388888888889 0.0140625 0.029166666666666667
0 0.109375 0.3125 0.015625 0.030555555555555558
0 0.26640625 0.2791666666666667 0.0171875 0.02777777777777778
0 0.433203125 0.27708333333333335 0.02109375 0.029166666666666667
0 0.0125 0.6229166666666667 0.0234375 0.04027777777777778
0 0.036328125 0.6465277777777778 0.02109375 0.04027777777777778
0 0.22265625 0.5993055555555555 0.0234375 0.0375
0 0.34492187500000004 0.7055555555555556 0.02421875 0.044444444444444446
0 0.41875 0.6722222222222223 0.025 0.04722222222222222
0 0.508984375 0.36319444444444443 0.017968750000000002 0.04027777777777778
0 0.54140625 0.5326388888888889 0.0203125 0.0375
0 0.60078125 0.5770833333333334 0.0203125 0.0375
0 0.697265625 0.5847222222222223 0.017968750000000002 0.03333333333333333
0 0.9011718750000001 0.2652777777777778 0.01640625 0.03333333333333333
0 0.940625 0.2659722222222222 0.0140625 0.029166666666666667
0 0.534375 0.9666666666666667 0.03125 0.061111111111111116
