0 0.06992187500000001 0.28055555555555556 0.013281250000000001 0.025
0 0.042578125 0.3076388888888889 0.013281250000000001 0.02361111111111111
0 0.121484375 0.28402777777777777 0.01171875 0.02638888888888889
0 0.109765625 0.3111111111111111 0.014843750000000001 0.025
0 0.2671875 0.27847222222222223 0.0140625 0.02361111111111111
0 0.015234375000000001 0.6201388888888889 0.01953125 0.034722222222222224
0 0.221484375 0.6013888888888889 0.01953125 0.03333333333333333
0 0.33320312500000004 0.8708333333333333 0.025781250000000002 0.044444444444444446
0 0.41718750000000004 0.8395833333333333 0.026562500000000003 0.04583333333333334
0 0.65390625 0.8868055555555556 0.029687500000000002 0.051388888888888894
0 0.69453125 0.5895833333333333 0.021875000000000002 0.034722222222222224
0 0.59921875 0.5756944444444445 0.0203125 0.034722222222222224
0 0.48046875 0.4590277777777778 0.018750000000000003 0.034722222222222224
0 0.41875 0.22430555555555556 0.0125 0.020833333333333336
0 0.48125 0.3138888888888889 0.0140625 0.025
0 0.8929687500000001 0.26458333333333334 0.0171875 0.029166666666666667
0 0.941015625 0.2743055555555556 0.014843750000000001 0.02361111111111111
