0 0.06875 0.27847222222222223 0.015625 0.029166666666666667
0 0.043750000000000004 0.3041666666666667 0.015625 0.02777777777777778
0 0.1203125 0.2791666666666667 0.0125 0.025
0 0.110546875 0.3111111111111111 0.01640625 0.025
0 0.263671875 0.2798611111111111 0.014843750000000001 0.02638888888888889
0 0.43867187500000004 0.28958333333333336 0.017968750000000002 0.03194444444444445
0 0.5171875 0.37222222222222223 0.0140625 0.030555555555555558
0 0.011328125000000001 0.6215277777777778 0.017968750000000002 0.03194444444444445
0 0.060546875 0.6298611111111111 0.025781250000000002 0.0375
0 0.22187500000000002 0.5986111111111111 0.0203125 0.03333333333333333
0 0.350390625 0.6770833333333334 0.02109375 0.04861111111111111
0 0.42265625 0.6479166666666667 0.025 0.04861111111111111
0 0.5066406250000001 0.9750000000000001 0.032031250000000004 0.04166666666666667
0 0.558984375 0.5520833333333334 0.01953125 0.0375
0 0.6003906250000001 0.5756944444444445 0.01953125 0.034722222222222224
0 0.6960937500000001 0.5875 0.0203125 0.030555555555555558
0 0.904296875 0.26944444444444443 0.014843750000000001 0.030555555555555558
0 0.9398437500000001 0.2701388888888889 0.0140625 0.029166666666666667
