0 0.06796875000000001 0.28055555555555556 0.0140625 0.025
0 0.042578125 0.3076388888888889 0.017968750000000002 0.03194444444444445
0 0.1078125 0.3104166666666667 0.0140625 0.02638888888888889
0 0.12187500000000001 0.28194444444444444 0.0171875 0.025
0 0.2671875 0.2777777777777778 0.015625 0.02777777777777778
0 0.419921875 0.25416666666666665 0.01640625 0.030555555555555558
0 0.498046875 0.3375 0.017968750000000002 0.030555555555555558
0 0.8953125000000001 0.2638888888888889 0.015625 0.030555555555555558
0 0.9402343750000001 0.27569444444444446 0.01953125 0.034722222222222224
0 0.69296875 0.5881944444444445 0.021875000000000002 0.0375
0 0.6019531250000001 0.5756944444444445 0.022656250000000003 0.034722222222222224
0 0.51171875 0.49930555555555556 0.0234375 0.0375
0 0.5890625 0.9215277777777778 0.029687500000000002 0.05694444444444444
0 0.420703125 0.7444444444444445 0.02421875 0.05277777777777778
0 0.3484375 0.7729166666666667 0.028125 0.051388888888888894
0 0.01171875 0.6256944444444444 0.0203125 0.04027777777777778
0 0.22109375 0.6013888888888889 0.021875000000000002 0.03888888888888889
