0 0.041015625 0.3076388888888889 0.014843750000000001 0.03194444444444445
0 0.06875 0.28402777777777777 0.0140625 0.03194444444444445
0 0.12070312500000001 0.28055555555555556 0.014843750000000001 0.025
0 0.10898437500000001 0.31180555555555556 0.01640625 0.029166666666666667
0 0.266796875 0.2833333333333333 0.014843750000000001 0.02777777777777778
0 0.415625 0.18055555555555555 0.0140625 0.025
0 0.45742187500000003 0.26458333333333334 0.01640625 0.029166666666666667
0 0.45859375 0.39375 0.018750000000000003 0.03194444444444445
0 0.02734375 0.6069444444444445 0.025 0.04166666666666667
0 0.21796875000000002 0.6013888888888889 0.0203125 0.03333333333333333
0 0.6000000000000001 0.5784722222222223 0.0203125 0.043055555555555555
0 0.6898437500000001 0.5923611111111111 0.0203125 0.034722222222222224
0 0.770703125 0.8326388888888889 0.032031250000000004 0.05694444444444444
0 0.8921875 0.26666666666666666 0.018750000000000003 0.036111111111111115
0 0.934765625 0.2763888888888889 0.01640625 0.030555555555555558
