0 0.0703125 0.2791666666666667 0.015625 0.030555555555555558
0 0.043750000000000004 0.30694444444444446 0.0203125 0.030555555555555558
0 0.12070312500000001 0.27847222222222223 0.01640625 0.02361111111111111
0 0.10898437500000001 0.31319444444444444 0.017968750000000002 0.029166666666666667
0 0.264453125 0.28194444444444444 0.014843750000000001 0.02777777777777778
0 0.436328125 0.2847222222222222 0.01640625 0.036111111111111115
0 0.5144531250000001 0.36944444444444446 0.014843750000000001 0.030555555555555558
0 0.012109375 0.6243055555555556 0.02109375 0.043055555555555555
0 0.053515625000000004 0.6395833333333334 0.02421875 0.04583333333333334
0 0.22109375 0.5993055555555555 0.018750000000000003 0.04027777777777778
0 0.347265625 0.6847222222222222 0.022656250000000003 0.044444444444444446
0 0.420703125 0.6604166666666667 0.02421875 0.051388888888888894
0 0.516796875 0.9708333333333333 0.030468750000000003 0.05
0 0.554296875 0.545138888888889 0.022656250000000003 0.043055555555555555
0 0.601171875 0.576388888888889 0.01953125 0.04166666666666667
0 0.6976562500000001 0.5854166666666667 0.0203125 0.04027777777777778
0 0.9031250000000001 0.26875 0.0171875 0.03194444444444445
0 0.942578125 0.275 0.017968750000000002 0.03333333333333333
