0 0.06953125 0.2777777777777778 0.0140625 0.025
0 0.044140625 0.30625 0.01640625 0.02638888888888889
0 0.12187500000000001 0.28194444444444444 0.0140625 0.02777777777777778
0 0.110546875 0.3111111111111111 0.014843750000000001 0.030555555555555558
0 0.262890625 0.28055555555555556 0.014843750000000001 0.025
0 0.0125 0.6201388888888889 0.0203125 0.0375
0 0.079296875 0.6243055555555556 0.022656250000000003 0.04027777777777778
0 0.22421875000000002 0.6020833333333333 0.0203125 0.0375
0 0.35781250000000003 0.65625 0.021875000000000002 0.0375
0 0.42617187500000003 0.6256944444444444 0.022656250000000003 0.04861111111111111
0 0.43984375000000003 0.3013888888888889 0.0171875 0.03333333333333333
0 0.5265625 0.3770833333333333 0.0171875 0.0375
0 0.576171875 0.5555555555555556 0.02109375 0.036111111111111115
0 0.602734375 0.5777777777777778 0.01953125 0.044444444444444446
0 0.6980468750000001 0.5861111111111111 0.02109375 0.044444444444444446
0 0.9031250000000001 0.26458333333333334 0.0171875 0.03194444444444445
0 0.9398437500000001 0.26875 0.015625 0.029166666666666667
0 0.482421875 0.982638888888889 0.02890625 0.03194444444444445
