0 0.06875 0.275 0.0140625 0.025
0 0.044140625 0.30347222222222225 0.01640625 0.034722222222222224
0 0.12070312500000001 0.2777777777777778 0.014843750000000001 0.025
0 0.109765625 0.30833333333333335 0.01640625 0.02777777777777778
0 0.2609375 0.2777777777777778 0.0140625 0.025
0 0.0125 0.6229166666666667 0.0234375 0.04861111111111111
0 0.146875 0.6055555555555556 0.025 0.04722222222222222
0 0.22187500000000002 0.6 0.021875000000000002 0.04722222222222222
0 0.45234375000000004 0.33611111111111114 0.018750000000000003 0.036111111111111115
0 0.36796875 0.5715277777777777 0.018750000000000003 0.0375
0 0.42421875000000003 0.5416666666666667 0.0234375 0.05277777777777778
0 0.5574218750000001 0.4041666666666667 0.02109375 0.03333333333333333
0 0.6003906250000001 0.5750000000000001 0.017968750000000002 0.03888888888888889
0 0.64375 0.5798611111111112 0.0171875 0.04027777777777778
0 0.6960937500000001 0.5868055555555556 0.0203125 0.0375
0 0.9011718750000001 0.2604166666666667 0.014843750000000001 0.03194444444444445
0 0.93515625 0.2729166666666667 0.0140625 0.029166666666666667
