0 0.0421875 0.3125 0.0171875 0.03333333333333333
0 0.06992187500000001 0.2868055555555556 0.017968750000000002 0.03194444444444445
0 0.12109375 0.2847222222222222 0.0171875 0.030555555555555558
0 0.10898437500000001 0.31666666666666665 0.017968750000000002 0.030555555555555558
0 0.26601562500000003 0.28194444444444444 0.01640625 0.02777777777777778
0 0.416796875 0.18680555555555556 0.014843750000000001 0.02361111111111111
0 0.46132812500000003 0.26944444444444443 0.017968750000000002 0.03333333333333333
0 0.458984375 0.4 0.01640625 0.030555555555555558
0 0.026562500000000003 0.6090277777777778 0.028125 0.05694444444444444
0 0.22031250000000002 0.6062500000000001 0.021875000000000002 0.051388888888888894
0 0.599609375 0.5756944444444445 0.02421875 0.04027777777777778
0 0.689453125 0.5916666666666667 0.022656250000000003 0.04722222222222222
0 0.7621093750000001 0.8250000000000001 0.030468750000000003 0.05277777777777778
0 0.8921875 0.2673611111111111 0.0171875 0.04027777777777778
0 0.9375 0.27569444444444446 0.018750000000000003 0.03194444444444445
