0 0.041796875000000004 0.3076388888888889 0.01640625 0.03194444444444445
0 0.070703125 0.28194444444444444 0.01640625 0.030555555555555558
0 0.12187500000000001 0.28125 0.0171875 0.029166666666666667
0 0.109765625 0.31180555555555556 0.014843750000000001 0.02638888888888889
0 0.26601562500000003 0.2798611111111111 0.01640625 0.03194444444444445
0 0.416015625 0.2215277777777778 0.014843750000000001 0.03194444444444445
0 0.474609375 0.30486111111111114 0.01640625 0.029166666666666667
0 0.47890625000000003 0.45 0.018750000000000003 0.03333333333333333
0 0.6000000000000001 0.5777777777777778 0.0203125 0.036111111111111115
0 0.6941406250000001 0.5895833333333333 0.02109375 0.034722222222222224
0 0.018359375 0.6131944444444445 0.02109375 0.0375
0 0.22109375 0.6013888888888889 0.018750000000000003 0.036111111111111115
0 0.894140625 0.26875 0.017968750000000002 0.034722222222222224
0 0.9402343750000001 0.2729166666666667 0.014843750000000001 0.02638888888888889
0 0.331640625 0.8909722222222223 0.02890625 0.05416666666666667
0 0.41914062500000004 0.8555555555555556 0.03359375 0.05277777777777778
0 0.675390625 0.8729166666666667 0.03359375 0.04861111111111111
