0 0.0421875 0.3125 0.0171875 0.02777777777777778
0 0.068359375 0.2881944444444445 0.01640625 0.02361111111111111
0 0.12070312500000001 0.28402777777777777 0.013281250000000001 0.02638888888888889
0 0.11015625000000001 0.3125 0.0125 0.022222222222222223
0 0.262890625 0.28125 0.01640625 0.02638888888888889
0 0.013281250000000001 0.625 0.018750000000000003 0.044444444444444446
0 0.21992187500000002 0.6069444444444445 0.02421875 0.03888888888888889
0 0.41484375 0.1277777777777778 0.0140625 0.025
0 0.436328125 0.19583333333333333 0.013281250000000001 0.025
0 0.448828125 0.29791666666666666 0.01640625 0.029166666666666667
0 0.59921875 0.5743055555555556 0.025 0.043055555555555555
0 0.690625 0.5923611111111111 0.021875000000000002 0.043055555555555555
0 0.894140625 0.2715277777777778 0.017968750000000002 0.034722222222222224
0 0.9339843750000001 0.28611111111111115 0.01640625 0.030555555555555558
0 0.9441406250000001 0.8277777777777778 0.03515625 0.0638888888888889
