0 0.067578125 0.28750000000000003 0.01171875 0.025
0 0.041796875000000004 0.30972222222222223 0.014843750000000001 0.02777777777777778
0 0.122265625 0.28541666666666665 0.014843750000000001 0.02638888888888889
0 0.109765625 0.31180555555555556 0.013281250000000001 0.02361111111111111
0 0.266796875 0.28194444444444444 0.014843750000000001 0.02777777777777778
0 0.028125 0.6097222222222223 0.018750000000000003 0.036111111111111115
0 0.221484375 0.6006944444444444 0.022656250000000003 0.034722222222222224
0 0.7972656250000001 0.8291666666666667 0.030468750000000003 0.05
0 0.59921875 0.5784722222222223 0.0203125 0.03194444444444445
0 0.6902343750000001 0.5909722222222222 0.01953125 0.0375
0 0.415625 0.1736111111111111 0.0125 0.022222222222222223
0 0.45234375000000004 0.25625000000000003 0.015625 0.02361111111111111
0 0.455859375 0.3736111111111111 0.017968750000000002 0.025
0 0.8921875 0.26944444444444443 0.015625 0.02777777777777778
0 0.93515625 0.2791666666666667 0.0171875 0.030555555555555558
