0 0.32851562500000003 0.6118055555555556 0.01953125 0.051388888888888894
0 0.40078125000000003 0.3 0.0140625 0.030555555555555558
0 0.56171875 0.4048611111111111 0.015625 0.04027777777777778
0 0.03515625 0.27569444444444446 0.018750000000000003 0.034722222222222224
0 0.12421875 0.2388888888888889 0.0171875 0.03888888888888889
0 0.07187500000000001 0.24861111111111112 0.015625 0.02777777777777778
0 0.43398437500000003 0.18958333333333335 0.01015625 0.02638888888888889
0 0.099609375 0.28750000000000003 0.017968750000000002 0.030555555555555558
0 0.20859375000000002 0.5750000000000001 0.0203125 0.03888888888888889
0 0.535546875 0.6868055555555556 0.02421875 0.04583333333333334
0 0.012109375 0.5930555555555556 0.02109375 0.044444444444444446
0 0.884765625 0.23333333333333334 0.022656250000000003 0.036111111111111115
0 0.25429687500000003 0.2611111111111111 0.01640625 0.03888888888888889
0 0.728515625 0.5604166666666667 0.025781250000000002 0.04583333333333334
0 0.9207031250000001 0.7215277777777778 0.032031250000000004 0.05694444444444444
0 0.585546875 0.5555555555555556 0.01953125 0.036111111111111115
0 0.696875 0.9423611111111111 0.029687500000000002 0.051388888888888894
0 0.92578125 0.25277777777777777 0.018750000000000003 0.03333333333333333
