0 0.31171875000000004 0.6743055555555556 0.021875000000000002 0.04027777777777778
0 0.5183593750000001 0.43680555555555556 0.014843750000000001 0.04583333333333334
0 0.401171875 0.33333333333333337 0.013281250000000001 0.03333333333333333
0 0.5652343750000001 0.6256944444444444 0.02421875 0.051388888888888894
0 0.884375 0.23194444444444445 0.0203125 0.036111111111111115
0 0.073046875 0.2465277777777778 0.01640625 0.03194444444444445
0 0.10117187500000001 0.2847222222222222 0.01640625 0.02777777777777778
0 0.125 0.23750000000000002 0.015625 0.03333333333333333
0 0.587890625 0.5625 0.022656250000000003 0.04722222222222222
0 0.03671875 0.2763888888888889 0.0171875 0.03333333333333333
0 0.012109375 0.5902777777777778 0.022656250000000003 0.04166666666666667
0 0.21171875 0.5777777777777778 0.0234375 0.044444444444444446
0 0.25625000000000003 0.2590277777777778 0.018750000000000003 0.04027777777777778
0 0.44257812500000004 0.2125 0.01640625 0.025
0 0.73046875 0.5555555555555556 0.0125 0.03333333333333333
0 0.69296875 0.9277777777777778 0.025 0.05
0 0.925 0.7152777777777778 0.025 0.04722222222222222
0 0.9261718750000001 0.24027777777777778 0.01640625 0.036111111111111115
