0 0.448828125 0.5791666666666667 0.017968750000000002 0.05277777777777778
0 0.3875 0.4395833333333333 0.0171875 0.04027777777777778
0 0.2546875 0.8944444444444445 0.025 0.0638888888888889
0 0.07578125000000001 0.24444444444444446 0.0171875 0.030555555555555558
0 0.0234375 0.5784722222222223 0.0234375 0.04861111111111111
0 0.21445312500000002 0.576388888888889 0.022656250000000003 0.044444444444444446
0 0.125 0.23750000000000002 0.015625 0.030555555555555558
0 0.10039062500000001 0.28402777777777777 0.01640625 0.02638888888888889
0 0.8828125 0.2263888888888889 0.0171875 0.03333333333333333
0 0.03359375 0.27361111111111114 0.0140625 0.02777777777777778
0 0.255078125 0.25416666666666665 0.014843750000000001 0.03333333333333333
0 0.45156250000000003 0.31180555555555556 0.0171875 0.029166666666666667
0 0.5875 0.5493055555555556 0.018750000000000003 0.03194444444444445
0 0.65 0.6375000000000001 0.021875000000000002 0.036111111111111115
0 0.728515625 0.5555555555555556 0.022656250000000003 0.04166666666666667
0 0.685546875 0.9333333333333333 0.02890625 0.03888888888888889
0 0.926953125 0.7138888888888889 0.025781250000000002 0.044444444444444446
0 0.92578125 0.24166666666666667 0.018750000000000003 0.03333333333333333
