0 0.38007812500000004 0.4756944444444445 0.01640625 0.04027777777777778
0 0.44062500000000004 0.638888888888889 0.018750000000000003 0.061111111111111116
0 0.02421875 0.5791666666666667 0.0234375 0.04722222222222222
0 0.21250000000000002 0.5756944444444445 0.025 0.04583333333333334
0 0.1 0.2847222222222222 0.0171875 0.030555555555555558
0 0.076171875 0.2465277777777778 0.017968750000000002 0.034722222222222224
0 0.919140625 0.7166666666666667 0.032031250000000004 0.0638888888888889
0 0.12421875 0.23819444444444446 0.0171875 0.03194444444444445
0 0.21796875000000002 0.9736111111111111 0.03125 0.05277777777777778
0 0.45625000000000004 0.34375 0.0125 0.034722222222222224
0 0.9222656250000001 0.2423611111111111 0.017968750000000002 0.03194444444444445
0 0.726171875 0.5673611111111111 0.02890625 0.0625
0 0.8835937500000001 0.22777777777777777 0.018750000000000003 0.03333333333333333
0 0.032031250000000004 0.2777777777777778 0.0234375 0.03333333333333333
0 0.2578125 0.25625000000000003 0.0234375 0.034722222222222224
0 0.5890625 0.5527777777777778 0.0234375 0.04166666666666667
0 0.6605468750000001 0.6284722222222222 0.02421875 0.04027777777777778
0 0.69140625 0.9423611111111111 0.028125 0.04583333333333334
