0 0.345703125 0.7131944444444445 0.02109375 0.051388888888888894
0 0.35390625000000003 0.9236111111111112 0.026562500000000003 0.05277777777777778
0 0.07578125000000001 0.24097222222222223 0.018750000000000003 0.03194444444444445
0 0.48359375000000004 0.5437500000000001 0.015625 0.043055555555555555
0 0.252734375 0.2590277777777778 0.022656250000000003 0.051388888888888894
0 0.025 0.5729166666666667 0.021875000000000002 0.04583333333333334
0 0.886328125 0.22430555555555556 0.017968750000000002 0.034722222222222224
0 0.1015625 0.2777777777777778 0.015625 0.030555555555555558
0 0.211328125 0.5673611111111111 0.02109375 0.0375
0 0.035546875 0.2701388888888889 0.017968750000000002 0.03194444444444445
0 0.118359375 0.23958333333333334 0.014843750000000001 0.029166666666666667
0 0.692578125 0.9583333333333334 0.025781250000000002 0.044444444444444446
0 0.6292968750000001 0.6819444444444445 0.02890625 0.04166666666666667
0 0.587109375 0.5534722222222223 0.02421875 0.043055555555555555
0 0.734375 0.5527777777777778 0.029687500000000002 0.04166666666666667
0 0.919140625 0.7041666666666667 0.02421875 0.04166666666666667
0 0.92578125 0.2451388888888889 0.0234375 0.04027777777777778
