0 0.4375 0.78125 0.021875000000000002 0.07361111111111111
0 0.07578125000000001 0.2423611111111111 0.018750000000000003 0.034722222222222224
0 0.026171875 0.5756944444444445 0.022656250000000003 0.04583333333333334
0 0.37539062500000003 0.5583333333333333 0.01640625 0.03888888888888889
0 0.033984375000000004 0.27222222222222225 0.013281250000000001 0.030555555555555558
0 0.098046875 0.28055555555555556 0.014843750000000001 0.025
0 0.884375 0.22361111111111112 0.0171875 0.030555555555555558
0 0.6953125 0.9534722222222223 0.035937500000000004 0.06805555555555556
0 0.12109375 0.2423611111111111 0.0234375 0.04583333333333334
0 0.923828125 0.23611111111111113 0.01640625 0.02777777777777778
0 0.251953125 0.24861111111111112 0.014843750000000001 0.030555555555555558
0 0.21250000000000002 0.5750000000000001 0.0234375 0.044444444444444446
0 0.466796875 0.41458333333333336 0.022656250000000003 0.043055555555555555
0 0.582421875 0.5513888888888889 0.01953125 0.03888888888888889
0 0.6796875 0.6409722222222223 0.0234375 0.043055555555555555
0 0.7289062500000001 0.5493055555555556 0.021875000000000002 0.04583333333333334
0 0.9203125000000001 0.7111111111111111 0.029687500000000002 0.05
