0 0.21210937500000002 0.5701388888888889 0.022656250000000003 0.04027777777777778
0 0.025390625 0.5743055555555556 0.022656250000000003 0.04861111111111111
0 0.35859375000000004 0.6847222222222222 0.0171875 0.04166666666666667
0 0.8859375 0.22916666666666669 0.018750000000000003 0.03888888888888889
0 0.075390625 0.24166666666666667 0.01953125 0.03333333333333333
0 0.1015625 0.2777777777777778 0.0171875 0.030555555555555558
0 0.34804687500000003 0.9506944444444445 0.02890625 0.05416666666666667
0 0.632421875 0.6743055555555556 0.022656250000000003 0.04861111111111111
0 0.9167968750000001 0.7041666666666667 0.02734375 0.05
0 0.033984375000000004 0.2715277777777778 0.01640625 0.03194444444444445
0 0.119140625 0.24027777777777778 0.014843750000000001 0.025
0 0.256640625 0.24722222222222223 0.01953125 0.030555555555555558
0 0.482421875 0.5284722222222222 0.01640625 0.034722222222222224
0 0.58359375 0.55 0.018750000000000003 0.036111111111111115
0 0.733984375 0.5527777777777778 0.017968750000000002 0.03333333333333333
0 0.6953125 0.9618055555555556 0.0328125 0.051388888888888894
0 0.923828125 0.24166666666666667 0.01640625 0.03333333333333333
