0 0.43789062500000003 0.7847222222222222 0.022656250000000003 0.06944444444444445
0 0.025390625 0.5756944444444445 0.022656250000000003 0.04583333333333334
0 0.075390625 0.24375000000000002 0.017968750000000002 0.03194444444444445
0 0.21250000000000002 0.5722222222222223 0.0234375 0.04166666666666667
0 0.373828125 0.5652777777777778 0.01640625 0.04166666666666667
0 0.098046875 0.28194444444444444 0.014843750000000001 0.02777777777777778
0 0.46640625 0.41944444444444445 0.0140625 0.036111111111111115
0 0.034765625 0.27222222222222225 0.013281250000000001 0.02777777777777778
0 0.883984375 0.22430555555555556 0.017968750000000002 0.03194444444444445
0 0.6953125 0.9534722222222223 0.035937500000000004 0.06805555555555556
0 0.586328125 0.5513888888888889 0.017968750000000002 0.03333333333333333
0 0.7292968750000001 0.5527777777777778 0.017968750000000002 0.036111111111111115
0 0.255859375 0.25277777777777777 0.013281250000000001 0.030555555555555558
0 0.12265625000000001 0.24305555555555555 0.025 0.05
0 0.91796875 0.7159722222222222 0.03125 0.06527777777777778
0 0.6800781250000001 0.6506944444444445 0.030468750000000003 0.05416666666666667
0 0.92890625 0.23680555555555557 0.0171875 0.051388888888888894
