0 0.6589843750000001 0.9006944444444445 0.030468750000000003 0.0625
0 0.43203125000000003 0.5444444444444445 0.018750000000000003 0.036111111111111115
0 0.025 0.5708333333333333 0.021875000000000002 0.044444444444444446
0 0.6335937500000001 0.6895833333333333 0.026562500000000003 0.059722222222222225
0 0.03359375 0.2652777777777778 0.0125 0.025
0 0.11601562500000001 0.24444444444444446 0.017968750000000002 0.036111111111111115
0 0.8890625000000001 0.21805555555555556 0.0171875 0.02777777777777778
0 0.07500000000000001 0.24027777777777778 0.015625 0.030555555555555558
0 0.1 0.2701388888888889 0.0171875 0.034722222222222224
0 0.253125 0.2451388888888889 0.0171875 0.03194444444444445
0 0.213671875 0.5638888888888889 0.01953125 0.03333333333333333
0 0.586328125 0.5472222222222223 0.01953125 0.044444444444444446
0 0.728515625 0.55 0.017968750000000002 0.03888888888888889
0 0.927734375 0.7125 0.022656250000000003 0.04166666666666667
0 0.92109375 0.23402777777777778 0.0140625 0.034722222222222224
