0 0.439453125 0.4840277777777778 0.017968750000000002 0.034722222222222224
0 0.026953125 0.5680555555555555 0.022656250000000003 0.044444444444444446
0 0.115625 0.24166666666666667 0.0171875 0.036111111111111115
0 0.655859375 0.9020833333333333 0.032031250000000004 0.059722222222222225
0 0.5867187500000001 0.5493055555555556 0.021875000000000002 0.034722222222222224
0 0.886328125 0.21875 0.017968750000000002 0.03194444444444445
0 0.390625 0.07083333333333333 0.0078125 0.019444444444444445
0 0.076171875 0.23680555555555557 0.014843750000000001 0.029166666666666667
0 0.6328125 0.6840277777777778 0.021875000000000002 0.04027777777777778
0 0.032031250000000004 0.26319444444444445 0.0140625 0.02361111111111111
0 0.10117187500000001 0.27083333333333337 0.01640625 0.03333333333333333
0 0.260546875 0.16875 0.017968750000000002 0.034722222222222224
0 0.25429687500000003 0.2465277777777778 0.01640625 0.03194444444444445
0 0.21210937500000002 0.5625 0.017968750000000002 0.03888888888888889
0 0.7296875 0.5513888888888889 0.0234375 0.04722222222222222
0 0.9265625000000001 0.7138888888888889 0.0234375 0.04722222222222222
0 0.92734375 0.23125 0.0171875 0.034722222222222224
