0 0.384375 0.80625 0.025 0.04861111111111111
0 0.501171875 0.6243055555555556 0.02109375 0.051388888888888894
0 0.030468750000000003 0.27083333333333337 0.0125 0.02777777777777778
0 0.025 0.5694444444444444 0.021875000000000002 0.044444444444444446
0 0.8875000000000001 0.22361111111111112 0.0171875 0.03333333333333333
0 0.31171875000000004 0.8055555555555556 0.026562500000000003 0.061111111111111116
0 0.5867187500000001 0.5555555555555556 0.0203125 0.04166666666666667
0 0.628125 0.6902777777777778 0.025 0.04722222222222222
0 0.11953125 0.2465277777777778 0.0171875 0.034722222222222224
0 0.25234375000000003 0.25625000000000003 0.021875000000000002 0.04583333333333334
0 0.10078125 0.2763888888888889 0.0171875 0.030555555555555558
0 0.21171875 0.5673611111111111 0.021875000000000002 0.04583333333333334
0 0.7312500000000001 0.5486111111111112 0.0234375 0.04166666666666667
0 0.6953125 0.9527777777777778 0.03125 0.05555555555555556
0 0.925 0.7131944444444445 0.025 0.04583333333333334
0 0.9246093750000001 0.23958333333333334 0.01953125 0.034722222222222224
0 0.07421875 0.23750000000000002 0.0140625 0.03333333333333333
