0 0.4234375 0.6354166666666667 0.0203125 0.043055555555555555
0 0.6722656250000001 0.9076388888888889 0.030468750000000003 0.06805555555555556
0 0.512890625 0.8451388888888889 0.022656250000000003 0.07083333333333333
0 0.8890625000000001 0.22083333333333335 0.0171875 0.03333333333333333
0 0.024609375000000003 0.5701388888888889 0.022656250000000003 0.04583333333333334
0 0.031640625 0.26875 0.013281250000000001 0.02638888888888889
0 0.070703125 0.24375000000000002 0.01640625 0.03194444444444445
0 0.102734375 0.2673611111111111 0.014843750000000001 0.02361111111111111
0 0.92578125 0.7277777777777779 0.0328125 0.06666666666666667
0 0.211328125 0.5659722222222222 0.02109375 0.04027777777777778
0 0.1171875 0.23750000000000002 0.0125 0.022222222222222223
0 0.14609375 0.15625 0.0125 0.029166666666666667
0 0.25703125 0.2534722222222222 0.0171875 0.03194444444444445
0 0.585546875 0.5465277777777778 0.014843750000000001 0.029166666666666667
0 0.63203125 0.6833333333333333 0.021875000000000002 0.04166666666666667
0 0.730078125 0.55 0.01953125 0.05
0 0.92109375 0.23541666666666666 0.0171875 0.03194444444444445
