0 0.40703125 0.7458333333333333 0.0234375 0.044444444444444446
0 0.503125 0.6909722222222222 0.0203125 0.05416666666666667
0 0.8875000000000001 0.22291666666666668 0.0171875 0.034722222222222224
0 0.030859375 0.27083333333333337 0.013281250000000001 0.030555555555555558
0 0.025390625 0.5701388888888889 0.022656250000000003 0.04583333333333334
0 0.253515625 0.25972222222222224 0.01953125 0.04722222222222222
0 0.92578125 0.7284722222222223 0.0328125 0.06805555555555556
0 0.21171875 0.5673611111111111 0.021875000000000002 0.04027777777777778
0 0.296484375 0.8604166666666667 0.01953125 0.03194444444444445
0 0.074609375 0.24305555555555555 0.01640625 0.03333333333333333
0 0.6953125 0.9298611111111111 0.029687500000000002 0.06527777777777778
0 0.12109375 0.23958333333333334 0.018750000000000003 0.034722222222222224
0 0.10039062500000001 0.27569444444444446 0.01640625 0.03194444444444445
0 0.5867187500000001 0.5534722222222223 0.0203125 0.04027777777777778
0 0.630078125 0.6833333333333333 0.01953125 0.03888888888888889
0 0.7308593750000001 0.5493055555555556 0.017968750000000002 0.034722222222222224
0 0.923828125 0.23750000000000002 0.01640625 0.030555555555555558
