0 0.403125 0.7659722222222223 0.0234375 0.04583333333333334
0 0.503125 0.6687500000000001 0.0203125 0.05694444444444444
0 0.025 0.5694444444444444 0.021875000000000002 0.044444444444444446
0 0.030468750000000003 0.27083333333333337 0.0125 0.030555555555555558
0 0.21210937500000002 0.5666666666666667 0.022656250000000003 0.04166666666666667
0 0.2546875 0.2534722222222222 0.021875000000000002 0.04861111111111111
0 0.88671875 0.22291666666666668 0.0171875 0.034722222222222224
0 0.925390625 0.7270833333333334 0.03359375 0.06805555555555556
0 0.119140625 0.2423611111111111 0.01640625 0.0375
0 0.30234375 0.8444444444444444 0.0171875 0.03333333333333333
0 0.10117187500000001 0.27708333333333335 0.01640625 0.02638888888888889
0 0.07265625 0.23472222222222222 0.0140625 0.025
0 0.7308593750000001 0.5458333333333334 0.014843750000000001 0.03888888888888889
0 0.587109375 0.5486111111111112 0.01640625 0.036111111111111115
0 0.628515625 0.6826388888888889 0.022656250000000003 0.04027777777777778
0 0.6960937500000001 0.9333333333333333 0.028125 0.04722222222222222
0 0.921484375 0.24791666666666667 0.01953125 0.04027777777777778
