0 0.43359375 0.5548611111111111 0.018750000000000003 0.04027777777777778
0 0.6589843750000001 0.8993055555555556 0.02890625 0.0625
0 0.026953125 0.5694444444444444 0.022656250000000003 0.044444444444444446
0 0.033984375000000004 0.26805555555555555 0.014843750000000001 0.030555555555555558
0 0.8890625000000001 0.21944444444444444 0.0171875 0.030555555555555558
0 0.07500000000000001 0.24305555555555555 0.015625 0.03333333333333333
0 0.1171875 0.24583333333333335 0.018750000000000003 0.036111111111111115
0 0.1015625 0.2715277777777778 0.0140625 0.02638888888888889
0 0.92578125 0.7222222222222222 0.03125 0.058333333333333334
0 0.25429687500000003 0.24791666666666667 0.017968750000000002 0.034722222222222224
0 0.211328125 0.5680555555555555 0.030468750000000003 0.04722222222222222
0 0.6312500000000001 0.6798611111111111 0.028125 0.04583333333333334
0 0.5867187500000001 0.5465277777777778 0.021875000000000002 0.04027777777777778
0 0.730078125 0.5472222222222223 0.01953125 0.03333333333333333
0 0.927734375 0.23750000000000002 0.01953125 0.036111111111111115
