0 0.48828125 0.5666666666666667 0.018750000000000003 0.05
0 0.35976562500000003 0.8812500000000001 0.025781250000000002 0.051388888888888894
0 0.33046875000000003 0.7368055555555556 0.0203125 0.051388888888888894
0 0.023828125000000002 0.5722222222222223 0.022656250000000003 0.04722222222222222
0 0.075390625 0.24027777777777778 0.01640625 0.030555555555555558
0 0.886328125 0.22013888888888888 0.017968750000000002 0.03194444444444445
0 0.21210937500000002 0.5701388888888889 0.022656250000000003 0.043055555555555555
0 0.10078125 0.2777777777777778 0.0171875 0.030555555555555558
0 0.728515625 0.5548611111111111 0.022656250000000003 0.043055555555555555
0 0.033984375000000004 0.26944444444444443 0.01640625 0.025
0 0.253125 0.25833333333333336 0.021875000000000002 0.05
0 0.1203125 0.2451388888888889 0.0171875 0.03194444444444445
0 0.5859375 0.55 0.0171875 0.036111111111111115
0 0.62890625 0.6777777777777778 0.0203125 0.044444444444444446
0 0.69296875 0.9618055555555556 0.0234375 0.043055555555555555
0 0.9226562500000001 0.7069444444444445 0.021875000000000002 0.04166666666666667
0 0.925 0.2423611111111111 0.0140625 0.029166666666666667
