0 0.42890625000000004 0.3944444444444445 0.015625 0.03333333333333333
0 0.3171875 0.18472222222222223 0.0125 0.030555555555555558
0 0.6214843750000001 0.8493055555555555 0.02890625 0.06527777777777778
0 0.03359375 0.2673611111111111 0.0140625 0.029166666666666667
0 0.026953125 0.56875 0.022656250000000003 0.04583333333333334
0 0.1203125 0.24861111111111112 0.0171875 0.036111111111111115
0 0.09609375 0.2715277777777778 0.015625 0.029166666666666667
0 0.5867187500000001 0.5486111111111112 0.021875000000000002 0.03333333333333333
0 0.6390625000000001 0.6875 0.025 0.05
0 0.9246093750000001 0.7298611111111112 0.032031250000000004 0.06805555555555556
0 0.39570312500000004 0.09375 0.01015625 0.02361111111111111
0 0.07695312500000001 0.23750000000000002 0.014843750000000001 0.030555555555555558
0 0.251171875 0.2465277777777778 0.01640625 0.029166666666666667
0 0.211328125 0.5631944444444444 0.014843750000000001 0.034722222222222224
0 0.7308593750000001 0.5527777777777778 0.022656250000000003 0.044444444444444446
0 0.88671875 0.22430555555555556 0.018750000000000003 0.043055555555555555
0 0.9285156250000001 0.24097222222222223 0.01953125 0.04027777777777778
