0 0.42109375000000004 0.3375 0.0140625 0.02777777777777778
0 0.571484375 0.8472222222222222 0.030468750000000003 0.05555555555555556
0 0.028515625000000003 0.5673611111111111 0.022656250000000003 0.04583333333333334
0 0.3359375 0.21736111111111112 0.0125 0.034722222222222224
0 0.390234375 0.11597222222222223 0.01171875 0.02638888888888889
0 0.114453125 0.24861111111111112 0.017968750000000002 0.03333333333333333
0 0.6355468750000001 0.6847222222222222 0.02421875 0.03888888888888889
0 0.034375 0.2652777777777778 0.0140625 0.02777777777777778
0 0.21015625000000002 0.5652777777777778 0.018750000000000003 0.036111111111111115
0 0.08867187500000001 0.24583333333333335 0.01640625 0.02777777777777778
0 0.88671875 0.22013888888888888 0.0171875 0.03194444444444445
0 0.099609375 0.27361111111111114 0.014843750000000001 0.019444444444444445
0 0.25390625 0.2534722222222222 0.018750000000000003 0.034722222222222224
0 0.587109375 0.5486111111111112 0.017968750000000002 0.025
0 0.73203125 0.5430555555555556 0.0171875 0.03888888888888889
0 0.87109375 0.8486111111111111 0.026562500000000003 0.05277777777777778
0 0.92578125 0.7208333333333333 0.021875000000000002 0.04722222222222222
0 0.92578125 0.23611111111111113 0.018750000000000003 0.03333333333333333
