0 0.5789062500000001 0.8506944444444445 0.028125 0.051388888888888894
0 0.4234375 0.34444444444444444 0.015625 0.030555555555555558
0 0.390625 0.11111111111111112 0.010937500000000001 0.025
0 0.027734375000000002 0.5673611111111111 0.022656250000000003 0.04583333333333334
0 0.33437500000000003 0.21041666666666667 0.0125 0.02638888888888889
0 0.888671875 0.8340277777777778 0.03828125 0.07083333333333333
0 0.6375000000000001 0.6888888888888889 0.026562500000000003 0.04722222222222222
0 0.115234375 0.2465277777777778 0.01953125 0.034722222222222224
0 0.08867187500000001 0.24583333333333335 0.017968750000000002 0.03333333333333333
0 0.586328125 0.55625 0.02421875 0.04583333333333334
0 0.92578125 0.7243055555555555 0.03125 0.0625
0 0.033984375000000004 0.2638888888888889 0.013281250000000001 0.02777777777777778
0 0.101953125 0.27708333333333335 0.014843750000000001 0.029166666666666667
0 0.252734375 0.25 0.01640625 0.03333333333333333
0 0.21250000000000002 0.5638888888888889 0.0234375 0.03888888888888889
0 0.7312500000000001 0.5486111111111112 0.028125 0.044444444444444446
0 0.884375 0.21736111111111112 0.0140625 0.029166666666666667
0 0.9234375 0.23055555555555557 0.0171875 0.030555555555555558
