0 0.428515625 0.4041666666666667 0.01640625 0.03333333333333333
0 0.03359375 0.2659722222222222 0.0140625 0.02638888888888889
0 0.31289062500000003 0.17500000000000002 0.01171875 0.030555555555555558
0 0.026953125 0.5673611111111111 0.022656250000000003 0.04583333333333334
0 0.6277343750000001 0.8611111111111112 0.02890625 0.05277777777777778
0 0.6390625000000001 0.6888888888888889 0.025 0.044444444444444446
0 0.09843750000000001 0.2715277777777778 0.015625 0.02638888888888889
0 0.586328125 0.5486111111111112 0.02109375 0.03333333333333333
0 0.925390625 0.7243055555555555 0.030468750000000003 0.0625
0 0.12109375 0.23750000000000002 0.0171875 0.03333333333333333
0 0.253125 0.24375000000000002 0.0171875 0.029166666666666667
0 0.078125 0.23125 0.010937500000000001 0.02361111111111111
0 0.212890625 0.5631944444444444 0.017968750000000002 0.04027777777777778
0 0.39570312500000004 0.09861111111111112 0.013281250000000001 0.019444444444444445
0 0.7328125000000001 0.5479166666666667 0.0203125 0.04583333333333334
0 0.884765625 0.21805555555555556 0.01171875 0.030555555555555558
0 0.9242187500000001 0.23402777777777778 0.0125 0.02638888888888889
