0 0.42109375000000004 0.33333333333333337 0.015625 0.030555555555555558
0 0.56875 0.8465277777777778 0.028125 0.05416666666666667
0 0.02890625 0.5673611111111111 0.0234375 0.04583333333333334
0 0.33632812500000003 0.21736111111111112 0.013281250000000001 0.034722222222222224
0 0.113671875 0.24930555555555556 0.017968750000000002 0.034722222222222224
0 0.39140625 0.11805555555555557 0.0125 0.025
0 0.03515625 0.26666666666666666 0.015625 0.030555555555555558
0 0.8875000000000001 0.22083333333333335 0.0171875 0.03333333333333333
0 0.08867187500000001 0.2423611111111111 0.01640625 0.02638888888888889
0 0.21054687500000002 0.5645833333333333 0.01953125 0.0375
0 0.5867187500000001 0.5513888888888889 0.021875000000000002 0.036111111111111115
0 0.099609375 0.27222222222222225 0.01640625 0.025
0 0.251953125 0.24930555555555556 0.01640625 0.03194444444444445
0 0.6371093750000001 0.6854166666666667 0.02421875 0.034722222222222224
0 0.731640625 0.5486111111111112 0.01953125 0.04166666666666667
0 0.92734375 0.7194444444444444 0.025 0.04166666666666667
0 0.8679687500000001 0.8430555555555556 0.029687500000000002 0.05
0 0.921484375 0.23194444444444445 0.01953125 0.025
