0 0.4265625 0.3027777777777778 0.0140625 0.02777777777777778
0 0.028125 0.5673611111111111 0.021875000000000002 0.04583333333333334
0 0.38789062500000004 0.13680555555555557 0.01015625 0.02638888888888889
0 0.78828125 0.8340277777777778 0.03125 0.059722222222222225
0 0.33359375 0.24930555555555556 0.0140625 0.03194444444444445
0 0.033984375000000004 0.2659722222222222 0.014843750000000001 0.029166666666666667
0 0.546875 0.820138888888889 0.026562500000000003 0.05694444444444444
0 0.087109375 0.24305555555555555 0.017968750000000002 0.03333333333333333
0 0.1125 0.2513888888888889 0.0171875 0.03333333333333333
0 0.252734375 0.2465277777777778 0.013281250000000001 0.02638888888888889
0 0.5859375 0.5472222222222223 0.0203125 0.03333333333333333
0 0.925390625 0.7256944444444444 0.030468750000000003 0.0625
0 0.09726562500000001 0.2715277777777778 0.017968750000000002 0.03194444444444445
0 0.20859375000000002 0.5645833333333333 0.0203125 0.04583333333333334
0 0.730078125 0.5513888888888889 0.01953125 0.03888888888888889
0 0.636328125 0.6798611111111111 0.025781250000000002 0.04583333333333334
0 0.8828125 0.21180555555555555 0.0203125 0.04027777777777778
0 0.919140625 0.23333333333333334 0.01953125 0.036111111111111115
