0 0.17942708333333332 0.31712962962962965 0.0046875 0.008333333333333333
0 0.12630208333333334 0.38472222222222224 0.0067708333333333336 0.01388888888888889
0 0.11614583333333334 0.39814814814814814 0.007291666666666667 0.011111111111111112
0 0.19427083333333334 0.512962962962963 0.007291666666666667 0.012962962962962964
0 0.17109375 0.5148148148148148 0.0067708333333333336 0.012962962962962964
0 0.19895833333333332 0.7055555555555556 0.013541666666666667 0.024074074074074074
0 0.26979166666666665 0.6800925925925926 0.009375 0.021296296296296296
0 0.30625 0.6638888888888889 0.013541666666666667 0.024074074074074074
0 0.6416666666666666 0.8310185185185186 0.013541666666666667 0.025
0 0.6778645833333333 0.8791666666666667 0.0171875 0.03425925925925926
0 0.6432291666666666 0.8925925925925926 0.017708333333333333 0.02962962962962963
0 0.6197916666666666 0.8856481481481482 0.014583333333333334 0.030555555555555558
0 0.5885416666666666 0.900462962962963 0.014583333333333334 0.030555555555555558
0 0.5453125 0.9393518518518519 0.015625 0.032407407407407406
