0 0.18828125 0.3263888888888889 0.005729166666666666 0.010185185185185186
0 0.13723958333333333 0.40185185185185185 0.0078125 0.012962962962962964
0 0.12161458333333333 0.4199074074074074 0.0067708333333333336 0.01388888888888889
0 0.20338541666666665 0.5370370370370371 0.008854166666666666 0.016666666666666666
0 0.17682291666666666 0.5407407407407407 0.008854166666666666 0.016666666666666666
0 0.21979166666666666 0.750925925925926 0.014583333333333334 0.02592592592592593
0 0.2908854166666667 0.725462962962963 0.013020833333333334 0.025
0 0.32708333333333334 0.7055555555555556 0.011458333333333333 0.02592592592592593
0 0.6981770833333333 0.8865740740740741 0.011979166666666666 0.026851851851851852
0 0.6494791666666666 0.9708333333333333 0.019791666666666666 0.03425925925925926
0 0.68046875 0.9541666666666667 0.0171875 0.036111111111111115
0 0.71015625 0.9601851851851853 0.015104166666666667 0.031481481481481485
0 0.7533854166666667 0.9467592592592593 0.01614583333333333 0.03425925925925926
