0 0.17317708333333334 0.3027777777777778 0.005729166666666666 0.011111111111111112
0 0.11536458333333333 0.36388888888888893 0.005729166666666666 0.011111111111111112
0 0.10833333333333334 0.3773148148148148 0.00625 0.010185185185185186
0 0.18333333333333332 0.48888888888888893 0.008333333333333333 0.014814814814814815
0 0.1640625 0.4898148148148148 0.007291666666666667 0.016666666666666666
0 0.25234375 0.6453703703703704 0.013020833333333334 0.024074074074074074
0 0.28984375 0.6287037037037038 0.011979166666666666 0.020370370370370372
0 0.18776041666666665 0.6680555555555556 0.0109375 0.02314814814814815
0 0.53203125 0.9518518518518518 0.013020833333333334 0.02777777777777778
0 0.5658854166666667 0.9388888888888889 0.0140625 0.02962962962962963
0 0.53984375 0.8476851851851852 0.015104166666666667 0.028703703703703703
0 0.578125 0.8402777777777778 0.015625 0.03425925925925926
0 0.5963541666666666 0.8328703703703704 0.010416666666666666 0.02314814814814815
0 0.6197916666666666 0.8250000000000001 0.0125 0.02592592592592593
0 0.5979166666666667 0.7819444444444444 0.009375 0.021296296296296296
0 0.503125 0.8787037037037038 0.014583333333333334 0.02777777777777778
