0 0.17161458333333332 0.3 0.005729166666666666 0.009259259259259259
0 0.11536458333333333 0.3601851851851852 0.0046875 0.005555555555555556
0 0.1046875 0.3703703703703704 0.00625 0.009259259259259259
0 0.16197916666666667 0.4828703703703704 0.009375 0.01388888888888889
0 0.18333333333333332 0.48194444444444445 0.005208333333333333 0.012037037037037037
0 0.28489583333333335 0.6157407407407408 0.008333333333333333 0.022222222222222223
0 0.2484375 0.6287037037037038 0.010416666666666666 0.018518518518518517
0 0.18359375 0.6518518518518519 0.008854166666666666 0.022222222222222223
0 0.50390625 0.9273148148148148 0.013020833333333334 0.025
0 0.540625 0.9078703703703704 0.0125 0.026851851851851852
0 0.5588541666666667 0.8185185185185185 0.013541666666666667 0.024074074074074074
0 0.58125 0.8111111111111111 0.011458333333333333 0.022222222222222223
0 0.6005208333333333 0.8013888888888889 0.011458333333333333 0.025
0 0.5770833333333333 0.7657407407407407 0.0125 0.022222222222222223
0 0.5229166666666667 0.8250000000000001 0.0125 0.02592592592592593
0 0.48411458333333335 0.8495370370370371 0.013020833333333334 0.02314814814814815
