0 0.18072916666666666 0.31851851851851853 0.005208333333333333 0.011111111111111112
0 0.12734375 0.38657407407407407 0.005729166666666666 0.010185185185185186
0 0.11614583333333334 0.39814814814814814 0.00625 0.011111111111111112
0 0.19479166666666667 0.5157407407407407 0.007291666666666667 0.012962962962962964
0 0.171875 0.5175925925925926 0.008333333333333333 0.014814814814814815
0 0.20026041666666666 0.7087962962962964 0.009895833333333333 0.025
0 0.2708333333333333 0.6851851851851852 0.011458333333333333 0.024074074074074074
0 0.30755208333333334 0.6675925925925926 0.0109375 0.022222222222222223
0 0.5489583333333333 0.9481481481481482 0.014583333333333334 0.02962962962962963
0 0.5927083333333333 0.9069444444444444 0.013541666666666667 0.03425925925925926
0 0.6231770833333333 0.8916666666666667 0.013020833333333334 0.031481481481481485
0 0.6484375 0.8976851851851853 0.014583333333333334 0.030555555555555558
0 0.6833333333333333 0.8856481481481482 0.016666666666666666 0.030555555555555558
0 0.6463541666666667 0.8333333333333334 0.0125 0.02592592592592593
