0 0.13255208333333332 0.40092592592592596 0.0078125 0.014814814814814815
0 0.18411458333333333 0.3263888888888889 0.0046875 0.008333333333333333
0 0.11901041666666666 0.41481481481481486 0.0067708333333333336 0.011111111111111112
0 0.17317708333333334 0.5337962962962963 0.008854166666666666 0.017592592592592594
0 0.1984375 0.5333333333333333 0.010416666666666666 0.016666666666666666
0 0.3208333333333333 0.6944444444444444 0.011458333333333333 0.024074074074074074
0 0.28229166666666666 0.7111111111111111 0.011458333333333333 0.024074074074074074
0 0.20963541666666666 0.7393518518518519 0.013020833333333334 0.032407407407407406
0 0.63515625 0.9495370370370371 0.01614583333333333 0.03425925925925926
0 0.6627604166666666 0.9351851851851852 0.0171875 0.03333333333333333
0 0.6817708333333333 0.8740740740740741 0.0125 0.02592592592592593
0 0.6854166666666667 0.9467592592592593 0.016666666666666666 0.030555555555555558
0 0.7302083333333333 0.9287037037037037 0.016666666666666666 0.03333333333333333
