0 0.17734375 0.3143518518518519 0.0036458333333333334 0.010185185185185186
0 0.12343749999999999 0.37962962962962965 0.005208333333333333 0.009259259259259259
0 0.11354166666666667 0.3976851851851852 0.008333333333333333 0.012037037037037037
0 0.19166666666666665 0.5097222222222222 0.007291666666666667 0.012037037037037037
0 0.16927083333333334 0.5125000000000001 0.008333333333333333 0.01388888888888889
0 0.196875 0.6958333333333334 0.011458333333333333 0.02314814814814815
0 0.2671875 0.675462962962963 0.011458333333333333 0.021296296296296296
0 0.30364583333333334 0.6601851851851852 0.009375 0.022222222222222223
0 0.5388020833333333 0.9319444444444445 0.0140625 0.030555555555555558
0 0.58125 0.8902777777777778 0.011458333333333333 0.026851851851851852
0 0.61015625 0.8791666666666667 0.011979166666666666 0.026851851851851852
0 0.63203125 0.8819444444444445 0.0140625 0.026851851851851852
0 0.6328125 0.8245370370370371 0.011458333333333333 0.02314814814814815
0 0.6669270833333333 0.8699074074074075 0.015104166666666667 0.028703703703703703
