0 0.18177083333333333 0.3180555555555556 0.005208333333333333 0.010185185185185186
0 0.12890625 0.3861111111111111 0.005729166666666666 0.011111111111111112
0 0.1171875 0.40092592592592596 0.007291666666666667 0.011111111111111112
0 0.19583333333333333 0.5157407407407407 0.008333333333333333 0.014814814814814815
0 0.17265625 0.5189814814814815 0.009895833333333333 0.017592592592592594
0 0.20182291666666666 0.712962962962963 0.013020833333333334 0.024074074074074074
0 0.2734375 0.6888888888888889 0.0125 0.024074074074074074
0 0.309375 0.6722222222222223 0.013541666666666667 0.02592592592592593
0 0.5536458333333333 0.9550925925925926 0.014583333333333334 0.032407407407407406
0 0.596875 0.9115740740740741 0.014583333333333334 0.028703703703703703
0 0.6270833333333333 0.8986111111111111 0.013541666666666667 0.028703703703703703
0 0.6494791666666666 0.8384259259259259 0.011458333333333333 0.025
0 0.6541666666666667 0.9009259259259259 0.011458333333333333 0.02777777777777778
0 0.6901041666666666 0.8916666666666667 0.013541666666666667 0.02777777777777778
