0 0.18984375 0.32685185185185184 0.0046875 0.009259259259259259
0 0.13854166666666667 0.4046296296296297 0.007291666666666667 0.011111111111111112
0 0.121875 0.41944444444444445 0.007291666666666667 0.012962962962962964
0 0.17786458333333333 0.5416666666666667 0.009895833333333333 0.018518518518518517
0 0.20364583333333333 0.537962962962963 0.007291666666666667 0.016666666666666666
0 0.2921875 0.725 0.0125 0.022222222222222223
0 0.3286458333333333 0.7074074074074075 0.011458333333333333 0.022222222222222223
0 0.22213541666666667 0.7518518518518519 0.011979166666666666 0.02592592592592593
0 0.70078125 0.8898148148148148 0.0140625 0.024074074074074074
0 0.7578125 0.9476851851851852 0.015625 0.032407407407407406
0 0.7135416666666666 0.9652777777777778 0.015625 0.03425925925925926
0 0.6838541666666667 0.9587962962962964 0.017708333333333333 0.03796296296296296
0 0.6520833333333333 0.9731481481481482 0.017708333333333333 0.040740740740740744
