0 0.17239583333333333 0.300462962962963 0.004166666666666667 0.010185185185185186
0 0.11562499999999999 0.35879629629629634 0.005208333333333333 0.006481481481481482
0 0.10520833333333333 0.3726851851851852 0.005208333333333333 0.010185185185185186
0 0.1828125 0.47870370370370374 0.007291666666666667 0.014814814814814815
0 0.1609375 0.48240740740740745 0.007291666666666667 0.014814814814814815
0 0.18151041666666667 0.6472222222222223 0.0109375 0.020370370370370372
0 0.24713541666666666 0.6296296296296297 0.0109375 0.020370370370370372
0 0.28229166666666666 0.6157407407407408 0.009375 0.020370370370370372
0 0.4979166666666667 0.9208333333333334 0.0125 0.026851851851851852
0 0.5375 0.9009259259259259 0.011458333333333333 0.024074074074074074
0 0.5169270833333334 0.8222222222222223 0.015104166666666667 0.031481481481481485
0 0.553125 0.8148148148148149 0.011458333333333333 0.02777777777777778
0 0.5783854166666667 0.8037037037037037 0.009895833333333333 0.020370370370370372
0 0.5958333333333333 0.7972222222222223 0.011458333333333333 0.024074074074074074
0 0.5736979166666667 0.7615740740740741 0.0109375 0.021296296296296296
0 0.4791666666666667 0.8467592592592593 0.013541666666666667 0.025
