0 0.17317708333333334 0.3023148148148148 0.0036458333333333334 0.008333333333333333
0 0.11562499999999999 0.3652777777777778 0.004166666666666667 0.008333333333333333
0 0.10833333333333334 0.37777777777777777 0.005208333333333333 0.009259259259259259
0 0.1640625 0.4902777777777778 0.00625 0.012037037037037037
0 0.18359375 0.4898148148148148 0.008854166666666666 0.014814814814814815
0 0.18541666666666667 0.6652777777777779 0.009375 0.019444444444444445
0 0.253125 0.6430555555555556 0.0125 0.019444444444444445
0 0.2895833333333333 0.6277777777777778 0.010416666666666666 0.014814814814814815
0 0.5013020833333334 0.8745370370370371 0.0109375 0.02314814814814815
0 0.5309895833333333 0.950462962962963 0.011979166666666666 0.025
0 0.56328125 0.9375 0.011979166666666666 0.025
0 0.5385416666666667 0.8449074074074074 0.011458333333333333 0.021296296296296296
0 0.57734375 0.8356481481481481 0.0109375 0.02314814814814815
0 0.5963541666666666 0.8319444444444445 0.011458333333333333 0.021296296296296296
0 0.6190104166666667 0.8208333333333334 0.0109375 0.02314814814814815
0 0.5971354166666667 0.7824074074074074 0.009895833333333333 0.016666666666666666
