0 0.175 0.3055555555555556 0.005208333333333333 0.009259259259259259
0 0.11875 0.36712962962962964 0.00625 0.010185185185185186
0 0.11015625 0.3851851851851852 0.0067708333333333336 0.012962962962962964
0 0.18541666666666667 0.4962962962962963 0.00625 0.016666666666666666
0 0.16588541666666667 0.4986111111111111 0.005729166666666666 0.012037037037037037
0 0.19427083333333334 0.674074074074074 0.010416666666666666 0.02592592592592593
0 0.25677083333333334 0.6537037037037037 0.010416666666666666 0.020370370370370372
0 0.29401041666666666 0.6398148148148148 0.009895833333333333 0.020370370370370372
0 0.5395833333333333 0.9717592592592593 0.011458333333333333 0.025
0 0.5799479166666667 0.950925925925926 0.0109375 0.02962962962962963
0 0.584375 0.8532407407407407 0.0125 0.028703703703703703
0 0.609375 0.8444444444444444 0.0125 0.02592592592592593
0 0.63515625 0.8365740740740741 0.011979166666666666 0.028703703703703703
0 0.6088541666666667 0.7925925925925926 0.009375 0.022222222222222223
0 0.5143229166666666 0.8944444444444445 0.0140625 0.02962962962962963
0 0.5515625 0.862037037037037 0.014583333333333334 0.031481481481481485
