0 0.17994791666666665 0.3180555555555556 0.0046875 0.010185185185185186
0 0.1265625 0.3842592592592593 0.00625 0.011111111111111112
0 0.11536458333333333 0.39722222222222225 0.0067708333333333336 0.011111111111111112
0 0.19427083333333334 0.5152777777777778 0.008333333333333333 0.01388888888888889
0 0.17135416666666667 0.5152777777777778 0.007291666666666667 0.015740740740740743
0 0.19895833333333332 0.7055555555555556 0.011458333333333333 0.02592592592592593
0 0.2700520833333333 0.6814814814814815 0.0109375 0.024074074074074074
0 0.30625 0.6648148148148149 0.010416666666666666 0.02592592592592593
0 0.5463541666666667 0.9425925925925926 0.013541666666666667 0.02777777777777778
0 0.5901041666666667 0.9046296296296297 0.015625 0.031481481481481485
0 0.6208333333333333 0.887962962962963 0.013541666666666667 0.02777777777777778
0 0.6450520833333333 0.8953703703703704 0.011979166666666666 0.02592592592592593
0 0.64375 0.8305555555555556 0.013541666666666667 0.024074074074074074
0 0.6796875 0.8814814814814815 0.013541666666666667 0.02777777777777778
