0 0.17265625 0.30185185185185187 0.0046875 0.009259259259259259
0 0.11510416666666666 0.35879629629629634 0.00625 0.010185185185185186
0 0.10598958333333333 0.3712962962962963 0.0067708333333333336 0.012962962962962964
0 0.18229166666666666 0.47962962962962963 0.008333333333333333 0.016666666666666666
0 0.15989583333333332 0.47962962962962963 0.007291666666666667 0.016666666666666666
0 0.17760416666666667 0.6462962962962964 0.010416666666666666 0.020370370370370372
0 0.24322916666666666 0.625 0.010416666666666666 0.020370370370370372
0 0.27890625 0.6134259259259259 0.009895833333333333 0.017592592592592594
0 0.4809895833333333 0.9787037037037037 0.0140625 0.02777777777777778
0 0.4869791666666667 0.9120370370370371 0.015625 0.031481481481481485
0 0.528125 0.888425925925926 0.013541666666666667 0.026851851851851852
0 0.5046875 0.8175925925925926 0.013541666666666667 0.02592592592592593
0 0.54375 0.8069444444444445 0.014583333333333334 0.030555555555555558
0 0.5671875 0.8032407407407408 0.011458333333333333 0.025
0 0.58671875 0.7930555555555556 0.013020833333333334 0.02314814814814815
0 0.5630208333333333 0.7578703703703704 0.011458333333333333 0.02314814814814815
0 0.46796875 0.8407407407407408 0.011979166666666666 0.02962962962962963
