0 0.17578125 0.2976851851851852 0.005729166666666666 0.010185185185185186
0 0.11796875 0.34305555555555556 0.005729166666666666 0.012037037037037037
0 0.109375 0.3560185185185185 0.00625 0.012037037037037037
0 0.16223958333333333 0.45833333333333337 0.0067708333333333336 0.016666666666666666
0 0.184375 0.4587962962962963 0.00625 0.010185185185185186
0 0.23776041666666667 0.600462962962963 0.0109375 0.021296296296296296
0 0.2703125 0.5898148148148148 0.010416666666666666 0.018518518518518517
0 0.18125 0.6143518518518519 0.010416666666666666 0.021296296296296296
0 0.41380208333333335 0.9421296296296297 0.0109375 0.026851851851851852
0 0.4458333333333333 0.9203703703703704 0.011458333333333333 0.02592592592592593
0 0.453125 0.8555555555555556 0.008333333333333333 0.020370370370370372
0 0.44166666666666665 0.799537037037037 0.011458333333333333 0.02314814814814815
0 0.4817708333333333 0.7736111111111111 0.0125 0.025
0 0.5166666666666666 0.7662037037037037 0.010416666666666666 0.02314814814814815
0 0.5395833333333333 0.7675925925925926 0.011458333333333333 0.024074074074074074
0 0.56328125 0.7513888888888889 0.0140625 0.025
0 0.5375 0.725925925925926 0.011458333333333333 0.022222222222222223
0 0.49140625 0.8393518518518519 0.0140625 0.026851851851851852
