0 0.17526041666666667 0.30324074074074076 0.005729166666666666 0.008333333333333333
0 0.11796875 0.3513888888888889 0.0046875 0.008333333333333333
0 0.10625 0.36388888888888893 0.00625 0.011111111111111112
0 0.18515625 0.4666666666666667 0.0078125 0.012962962962962964
0 0.1625 0.46851851851851856 0.00625 0.014814814814814815
0 0.18072916666666666 0.6291666666666667 0.009375 0.017592592592592594
0 0.2421875 0.6097222222222223 0.008333333333333333 0.017592592592592594
0 0.2755208333333333 0.6 0.009375 0.018518518518518517
0 0.4265625 0.962962962962963 0.0125 0.02962962962962963
0 0.4591145833333333 0.9476851851851852 0.015104166666666667 0.028703703703703703
0 0.4669270833333333 0.8805555555555555 0.013020833333333334 0.024074074074074074
0 0.5002604166666667 0.862962962962963 0.011979166666666666 0.024074074074074074
0 0.45416666666666666 0.8157407407407408 0.013541666666666667 0.031481481481481485
0 0.49166666666666664 0.7935185185185185 0.011458333333333333 0.02777777777777778
0 0.54609375 0.7407407407407408 0.008854166666666666 0.018518518518518517
0 0.5294270833333333 0.7796296296296297 0.0109375 0.024074074074074074
0 0.5494791666666666 0.7814814814814816 0.009375 0.020370370370370372
0 0.5713541666666666 0.7694444444444445 0.010416666666666666 0.020370370370370372
