0 0.4890625 0.9884259259259259 0.017708333333333333 0.025
0 0.171875 0.29953703703703705 0.004166666666666667 0.008333333333333333
0 0.11510416666666666 0.3574074074074074 0.005208333333333333 0.007407407407407408
0 0.10546875 0.3731481481481482 0.0067708333333333336 0.009259259259259259
0 0.18255208333333334 0.47824074074074074 0.0067708333333333336 0.01388888888888889
0 0.16041666666666665 0.48194444444444445 0.008333333333333333 0.01388888888888889
0 0.18177083333333333 0.6472222222222223 0.011458333333333333 0.022222222222222223
0 0.24635416666666665 0.6296296296296297 0.011458333333333333 0.022222222222222223
0 0.28229166666666666 0.6152777777777778 0.0125 0.021296296296296296
0 0.4770833333333333 0.8467592592592593 0.0125 0.028703703703703703
0 0.5145833333333333 0.8194444444444445 0.0125 0.02777777777777778
0 0.5354166666666667 0.8962962962962964 0.011458333333333333 0.02592592592592593
0 0.49505208333333334 0.9189814814814815 0.011979166666666666 0.026851851851851852
0 0.55 0.8143518518518519 0.0125 0.030555555555555558
0 0.5760416666666667 0.8046296296296297 0.0125 0.02592592592592593
0 0.59453125 0.7953703703703704 0.0109375 0.02592592592592593
0 0.5708333333333333 0.7611111111111112 0.010416666666666666 0.020370370370370372
