0 0.13567708333333334 0.3458333333333333 0.005729166666666666 0.012037037037037037
0 0.1640625 0.34351851851851856 0.00625 0.012962962962962964
0 0.18229166666666666 0.3402777777777778 0.007291666666666667 0.01388888888888889
0 0.17473958333333334 0.4712962962962963 0.005729166666666666 0.011111111111111112
0 0.19401041666666666 0.4375 0.0078125 0.012037037037037037
0 0.19114583333333332 0.46851851851851856 0.00625 0.007407407407407408
0 0.21328125 0.4328703703703704 0.0067708333333333336 0.012037037037037037
0 0.24166666666666667 0.43194444444444446 0.005208333333333333 0.008333333333333333
0 0.25494791666666666 0.4273148148148148 0.005729166666666666 0.008333333333333333
0 0.2520833333333333 0.4439814814814815 0.005208333333333333 0.008333333333333333
0 0.271875 0.43194444444444446 0.004166666666666667 0.008333333333333333
0 0.28098958333333335 0.4314814814814815 0.0046875 0.009259259259259259
0 0.2877604166666667 0.43333333333333335 0.0046875 0.009259259259259259
0 0.16484375 0.5467592592592593 0.005729166666666666 0.012037037037037037
