0 0.134375 0.34444444444444444 0.004166666666666667 0.007407407407407408
0 0.16276041666666666 0.34351851851851856 0.0078125 0.011111111111111112
0 0.18072916666666666 0.33842592592592596 0.00625 0.012037037037037037
0 0.17213541666666665 0.47175925925925927 0.0067708333333333336 0.010185185185185186
0 0.1890625 0.46805555555555556 0.00625 0.012037037037037037
0 0.19244791666666666 0.4393518518518519 0.0036458333333333334 0.008333333333333333
0 0.21119791666666665 0.4314814814814815 0.005729166666666666 0.009259259259259259
0 0.2421875 0.43194444444444446 0.005208333333333333 0.012037037037037037
0 0.2559895833333333 0.4430555555555556 0.0046875 0.008333333333333333
0 0.25546875 0.4291666666666667 0.0046875 0.008333333333333333
0 0.27291666666666664 0.43194444444444446 0.004166666666666667 0.008333333333333333
0 0.28151041666666665 0.4291666666666667 0.0046875 0.008333333333333333
0 0.28671875 0.4375 0.0036458333333333334 0.01388888888888889
