0 0.15989583333333332 0.3300925925925926 0.004166666666666667 0.008333333333333333
0 0.17604166666666665 0.3282407407407408 0.005208333333333333 0.01388888888888889
0 0.16276041666666666 0.44953703703703707 0.0036458333333333334 0.008333333333333333
0 0.17473958333333334 0.4486111111111111 0.0046875 0.008333333333333333
0 0.18958333333333333 0.41250000000000003 0.005208333333333333 0.010185185185185186
0 0.20078125 0.40925925925925927 0.005729166666666666 0.009259259259259259
0 0.2265625 0.41620370370370374 0.004166666666666667 0.008333333333333333
0 0.24270833333333333 0.40601851851851856 0.00625 0.008333333333333333
0 0.24479166666666666 0.425462962962963 0.003125 0.010185185185185186
0 0.25859375 0.41620370370370374 0.0046875 0.010185185185185186
0 0.26796875 0.4152777777777778 0.0036458333333333334 0.006481481481481482
0 0.2778645833333333 0.4217592592592593 0.0036458333333333334 0.010185185185185186
0 0.42734374999999997 0.4791666666666667 0.0046875 0.012037037037037037
