0 0.16145833333333334 0.33194444444444443 0.003125 0.010185185185185186
0 0.17994791666666665 0.33101851851851855 0.0046875 0.010185185185185186
0 0.17057291666666666 0.45787037037037037 0.0067708333333333336 0.012037037037037037
0 0.18229166666666666 0.45740740740740743 0.005208333333333333 0.009259259259259259
0 0.19192708333333333 0.4236111111111111 0.0036458333333333334 0.008333333333333333
0 0.20729166666666665 0.42129629629629634 0.005208333333333333 0.012962962962962964
0 0.23333333333333334 0.4236111111111111 0.00625 0.012037037037037037
0 0.24296874999999998 0.43703703703703706 0.0046875 0.009259259259259259
0 0.25 0.4166666666666667 0.007291666666666667 0.012962962962962964
0 0.26875 0.42314814814814816 0.00625 0.009259259259259259
0 0.2752604166666667 0.4189814814814815 0.0046875 0.008333333333333333
0 0.28359375 0.425462962962963 0.0067708333333333336 0.01388888888888889
0 0.25859375 0.5175925925925926 0.0078125 0.012962962962962964
