0 0.16536458333333334 0.3375 0.0046875 0.012037037037037037
0 0.17942708333333332 0.33287037037037037 0.0067708333333333336 0.01388888888888889
0 0.17109375 0.46620370370370373 0.005729166666666666 0.012037037037037037
0 0.18645833333333334 0.46481481481481485 0.00625 0.011111111111111112
0 0.19296875 0.4324074074074074 0.0067708333333333336 0.012962962962962964
0 0.20651041666666667 0.4240740740740741 0.0046875 0.012962962962962964
0 0.22369791666666666 0.5314814814814816 0.0109375 0.018518518518518517
0 0.23463541666666665 0.425462962962963 0.0046875 0.008333333333333333
0 0.24401041666666667 0.4393518518518519 0.005729166666666666 0.012037037037037037
0 0.2526041666666667 0.4217592592592593 0.007291666666666667 0.012037037037037037
0 0.27109375 0.425462962962963 0.005729166666666666 0.012037037037037037
0 0.2799479166666667 0.42638888888888893 0.0036458333333333334 0.008333333333333333
0 0.2875 0.4324074074074074 0.004166666666666667 0.009259259259259259
