0 0.16145833333333334 0.3282407407407408 0.004166666666666667 0.008333333333333333
0 0.17682291666666666 0.325 0.005729166666666666 0.007407407407407408
0 0.1640625 0.45092592592592595 0.00625 0.009259259259259259
0 0.17578125 0.44907407407407407 0.0046875 0.009259259259259259
0 0.1890625 0.41435185185185186 0.005208333333333333 0.008333333333333333
0 0.20130208333333333 0.40972222222222227 0.0046875 0.008333333333333333
0 0.22786458333333334 0.4152777777777778 0.0046875 0.008333333333333333
0 0.24114583333333334 0.4046296296296297 0.004166666666666667 0.005555555555555556
0 0.24453125 0.42685185185185187 0.0046875 0.009259259259259259
0 0.26015625 0.41574074074074074 0.0046875 0.007407407407407408
0 0.2700520833333333 0.41435185185185186 0.0036458333333333334 0.004629629629629629
0 0.2765625 0.4203703703703704 0.004166666666666667 0.007407407407407408
0 0.41302083333333334 0.4828703703703704 0.007291666666666667 0.01388888888888889
