0 0.1609375 0.33194444444444443 0.004166666666666667 0.008333333333333333
0 0.17890625 0.3277777777777778 0.0067708333333333336 0.012962962962962964
0 0.17057291666666666 0.45925925925925926 0.009895833333333333 0.016666666666666666
0 0.18177083333333333 0.45601851851851855 0.007291666666666667 0.012037037037037037
0 0.19114583333333332 0.42129629629629634 0.004166666666666667 0.011111111111111112
0 0.20703125 0.4203703703703704 0.009895833333333333 0.016666666666666666
0 0.23203125 0.4185185185185185 0.0046875 0.007407407407407408
0 0.2421875 0.43333333333333335 0.00625 0.012962962962962964
0 0.24947916666666667 0.41203703703703703 0.007291666666666667 0.012962962962962964
0 0.26848958333333334 0.4217592592592593 0.008854166666666666 0.012037037037037037
0 0.2765625 0.4189814814814815 0.003125 0.010185185185185186
0 0.28229166666666666 0.425 0.00625 0.011111111111111112
0 0.26796875 0.5180555555555556 0.008854166666666666 0.015740740740740743
