0 0.16145833333333334 0.33101851851851855 0.005208333333333333 0.010185185185185186
0 0.17942708333333332 0.32407407407407407 0.0067708333333333336 0.011111111111111112
0 0.16796875 0.4564814814814815 0.0067708333333333336 0.011111111111111112
0 0.18072916666666666 0.4532407407407408 0.007291666666666667 0.01388888888888889
0 0.19010416666666666 0.4203703703703704 0.007291666666666667 0.011111111111111112
0 0.20625 0.4138888888888889 0.005208333333333333 0.009259259259259259
0 0.23124999999999998 0.41805555555555557 0.004166666666666667 0.008333333333333333
0 0.24348958333333334 0.4314814814814815 0.0046875 0.009259259259259259
0 0.24791666666666667 0.4087962962962963 0.004166666666666667 0.008333333333333333
0 0.2635416666666667 0.4185185185185185 0.005208333333333333 0.007407407407407408
0 0.275 0.4166666666666667 0.005208333333333333 0.009259259259259259
0 0.28020833333333334 0.4226851851851852 0.004166666666666667 0.012037037037037037
0 0.28802083333333334 0.5060185185185185 0.007291666666666667 0.008333333333333333
