0 0.16171875 0.32685185185185184 0.0046875 0.009259259259259259
0 0.17578125 0.32222222222222224 0.0036458333333333334 0.009259259259259259
0 0.16744791666666667 0.45046296296296295 0.0046875 0.010185185185185186
0 0.17890625 0.44907407407407407 0.0036458333333333334 0.009259259259259259
0 0.1890625 0.41574074074074074 0.004166666666666667 0.007407407407407408
0 0.20286458333333332 0.41203703703703703 0.0046875 0.011111111111111112
0 0.23020833333333332 0.41574074074074074 0.004166666666666667 0.009259259259259259
0 0.24270833333333333 0.40601851851851856 0.005208333333333333 0.010185185185185186
0 0.24322916666666666 0.42638888888888893 0.005208333333333333 0.008333333333333333
0 0.26067708333333334 0.41620370370370374 0.0046875 0.010185185185185186
0 0.2708333333333333 0.41574074074074074 0.004166666666666667 0.009259259259259259
0 0.27838541666666666 0.41805555555555557 0.0046875 0.008333333333333333
0 0.36614583333333334 0.4902777777777778 0.007291666666666667 0.01388888888888889
