0 0.13515625 0.34675925925925927 0.005729166666666666 0.008333333333333333
0 0.16536458333333334 0.3421296296296296 0.0046875 0.010185185185185186
0 0.18072916666666666 0.3388888888888889 0.007291666666666667 0.011111111111111112
0 0.17421875 0.46990740740740744 0.0067708333333333336 0.012037037037037037
0 0.19036458333333334 0.4675925925925926 0.005729166666666666 0.009259259259259259
0 0.19322916666666667 0.43703703703703706 0.00625 0.009259259259259259
0 0.20989583333333334 0.4324074074074074 0.005208333333333333 0.009259259259259259
0 0.24010416666666667 0.43194444444444446 0.005208333333333333 0.008333333333333333
0 0.25338541666666664 0.42453703703703705 0.005729166666666666 0.008333333333333333
0 0.24973958333333332 0.4430555555555556 0.005729166666666666 0.012037037037037037
0 0.2716145833333333 0.43194444444444446 0.0046875 0.008333333333333333
0 0.28098958333333335 0.4314814814814815 0.0046875 0.007407407407407408
0 0.2890625 0.4356481481481482 0.004166666666666667 0.010185185185185186
0 0.18203125 0.5407407407407407 0.0046875 0.009259259259259259
