0 0.16197916666666667 0.32962962962962966 0.004166666666666667 0.009259259259259259
0 0.17526041666666667 0.3226851851851852 0.0046875 0.008333333333333333
0 0.16484375 0.4527777777777778 0.0046875 0.009259259259259259
0 0.17578125 0.44953703703703707 0.0046875 0.008333333333333333
0 0.18932291666666667 0.412962962962963 0.0046875 0.009259259259259259
0 0.20130208333333333 0.4087962962962963 0.005729166666666666 0.008333333333333333
0 0.22916666666666666 0.4189814814814815 0.003125 0.008333333333333333
0 0.24296874999999998 0.4078703703703704 0.0036458333333333334 0.008333333333333333
0 0.24609375 0.4305555555555556 0.005729166666666666 0.012962962962962964
0 0.2596354166666667 0.41574074074074074 0.005729166666666666 0.011111111111111112
0 0.2700520833333333 0.4134259259259259 0.0026041666666666665 0.006481481481481482
0 0.2778645833333333 0.41944444444444445 0.005729166666666666 0.011111111111111112
0 0.4049479166666667 0.4810185185185185 0.005729166666666666 0.010185185185185186
