0 0.16458333333333333 0.33842592592592596 0.005208333333333333 0.012037037037037037
0 0.18020833333333333 0.33425925925925926 0.00625 0.012962962962962964
0 0.17109375 0.4652777777777778 0.0067708333333333336 0.008333333333333333
0 0.1859375 0.46435185185185185 0.005208333333333333 0.012037037037037037
0 0.19244791666666666 0.4314814814814815 0.0046875 0.009259259259259259
0 0.20651041666666667 0.42314814814814816 0.0046875 0.009259259259259259
0 0.234375 0.42638888888888893 0.005208333333333333 0.012037037037037037
0 0.24401041666666667 0.437962962962963 0.0067708333333333336 0.009259259259259259
0 0.2520833333333333 0.42083333333333334 0.00625 0.01388888888888889
0 0.27109375 0.4291666666666667 0.0078125 0.01388888888888889
0 0.27760416666666665 0.4226851851851852 0.004166666666666667 0.008333333333333333
0 0.28541666666666665 0.4310185185185185 0.00625 0.01388888888888889
0 0.23229166666666667 0.5263888888888889 0.005208333333333333 0.012037037037037037
