0 0.16041666666666665 0.32916666666666666 0.003125 0.006481481481481482
0 0.17708333333333334 0.32731481481481484 0.004166666666666667 0.01388888888888889
0 0.16354166666666667 0.45046296296296295 0.00625 0.010185185185185186
0 0.17526041666666667 0.45 0.0046875 0.009259259259259259
0 0.19036458333333334 0.41435185185185186 0.0078125 0.012037037037037037
0 0.2 0.40972222222222227 0.005208333333333333 0.010185185185185186
0 0.22760416666666666 0.4185185185185185 0.004166666666666667 0.009259259259259259
0 0.24088541666666666 0.4046296296296297 0.0026041666666666665 0.007407407407407408
0 0.24687499999999998 0.425462962962963 0.004166666666666667 0.008333333333333333
0 0.25885416666666666 0.41712962962962963 0.005208333333333333 0.008333333333333333
0 0.26979166666666665 0.4152777777777778 0.003125 0.008333333333333333
0 0.27630208333333334 0.4222222222222222 0.0046875 0.009259259259259259
0 0.43307291666666664 0.47731481481481486 0.0067708333333333336 0.008333333333333333
