0 0.13411458333333334 0.3425925925925926 0.005729166666666666 0.011111111111111112
0 0.16197916666666667 0.3402777777777778 0.004166666666666667 0.006481481481481482
0 0.18046875 0.3375 0.005729166666666666 0.008333333333333333
0 0.17291666666666666 0.47453703703703703 0.005208333333333333 0.010185185185185186
0 0.19140625 0.4393518518518519 0.0046875 0.010185185185185186
0 0.18958333333333333 0.4726851851851852 0.005208333333333333 0.012037037037037037
0 0.21119791666666665 0.4314814814814815 0.005729166666666666 0.009259259259259259
0 0.24296874999999998 0.43194444444444446 0.0046875 0.008333333333333333
0 0.25546875 0.42685185185185187 0.005729166666666666 0.007407407407407408
0 0.25546875 0.44537037037037036 0.0046875 0.007407407407407408
0 0.2734375 0.4310185185185185 0.004166666666666667 0.006481481481481482
0 0.2799479166666667 0.42962962962962964 0.0026041666666666665 0.007407407407407408
0 0.28802083333333334 0.437962962962963 0.004166666666666667 0.005555555555555556
