0 0.15911458333333334 0.4324074074074074 0.0046875 0.011111111111111112
0 0.16901041666666666 0.4324074074074074 0.0046875 0.012962962962962964
0 0.17630208333333333 0.3912037037037037 0.005729166666666666 0.010185185185185186
0 0.19583333333333333 0.3837962962962963 0.005208333333333333 0.008333333333333333
0 0.22213541666666667 0.40046296296296297 0.0046875 0.010185185185185186
0 0.23463541666666665 0.40555555555555556 0.0046875 0.009259259259259259
0 0.2328125 0.38981481481481484 0.004166666666666667 0.009259259259259259
0 0.24583333333333332 0.39861111111111114 0.004166666666666667 0.008333333333333333
0 0.2598958333333333 0.39675925925925926 0.004166666666666667 0.006481481481481482
0 0.26588541666666665 0.40324074074074073 0.0036458333333333334 0.008333333333333333
0 0.615625 0.4240740740740741 0.00625 0.011111111111111112
