0 0.17760416666666667 0.32407407407407407 0.005208333333333333 0.011111111111111112
0 0.16354166666666667 0.45 0.00625 0.012962962962962964
0 0.17369791666666667 0.45092592592592595 0.005729166666666666 0.007407407407407408
0 0.18515625 0.4101851851851852 0.0067708333333333336 0.009259259259259259
0 0.2015625 0.4041666666666667 0.005208333333333333 0.010185185185185186
0 0.22890625 0.41481481481481486 0.008854166666666666 0.011111111111111112
0 0.240625 0.4046296296296297 0.00625 0.007407407407407408
0 0.24244791666666665 0.42314814814814816 0.0026041666666666665 0.009259259259259259
0 0.25364583333333335 0.4134259259259259 0.004166666666666667 0.006481481481481482
0 0.2674479166666667 0.4138888888888889 0.005729166666666666 0.011111111111111112
0 0.2739583333333333 0.41712962962962963 0.003125 0.012037037037037037
0 0.49244791666666665 0.46296296296296297 0.005729166666666666 0.009259259259259259
