0 0.1765625 0.32453703703703707 0.007291666666666667 0.010185185185185186
0 0.16380208333333332 0.4444444444444445 0.0046875 0.009259259259259259
0 0.17447916666666666 0.4430555555555556 0.005208333333333333 0.008333333333333333
0 0.184375 0.4083333333333333 0.00625 0.009259259259259259
0 0.20078125 0.4041666666666667 0.0078125 0.012037037037037037
0 0.22760416666666666 0.40925925925925927 0.005208333333333333 0.005555555555555556
0 0.23828125 0.4013888888888889 0.005729166666666666 0.010185185185185186
0 0.24088541666666666 0.4189814814814815 0.0046875 0.008333333333333333
0 0.2520833333333333 0.41250000000000003 0.004166666666666667 0.008333333333333333
0 0.26536458333333335 0.4115740740740741 0.0036458333333333334 0.008333333333333333
0 0.2721354166666667 0.41435185185185186 0.0036458333333333334 0.008333333333333333
0 0.5080729166666667 0.4569444444444445 0.005729166666666666 0.012037037037037037
