0 0.17473958333333334 0.31712962962962965 0.0046875 0.008333333333333333
0 0.16119791666666666 0.44027777777777777 0.0036458333333333334 0.008333333333333333
0 0.17213541666666665 0.4388888888888889 0.005729166666666666 0.009259259259259259
0 0.18463541666666666 0.40185185185185185 0.005729166666666666 0.009259259259259259
0 0.19661458333333334 0.39212962962962966 0.0036458333333333334 0.008333333333333333
0 0.22265625 0.4087962962962963 0.0036458333333333334 0.008333333333333333
0 0.23567708333333334 0.3976851851851852 0.005729166666666666 0.008333333333333333
0 0.240625 0.4152777777777778 0.005208333333333333 0.008333333333333333
0 0.2513020833333333 0.40925925925925927 0.0046875 0.009259259259259259
0 0.26510416666666664 0.40370370370370373 0.005208333333333333 0.009259259259259259
0 0.2721354166666667 0.41064814814814815 0.0046875 0.010185185185185186
0 0.5458333333333333 0.4439814814814815 0.007291666666666667 0.012037037037037037
