0 0.17630208333333333 0.3212962962962963 0.0046875 0.009259259259259259
0 0.16276041666666666 0.4430555555555556 0.005729166666666666 0.012037037037037037
0 0.1734375 0.4416666666666667 0.005208333333333333 0.009259259259259259
0 0.18411458333333333 0.40694444444444444 0.0036458333333333334 0.006481481481481482
0 0.196875 0.3995370370370371 0.004166666666666667 0.008333333333333333
0 0.22526041666666666 0.4101851851851852 0.0046875 0.011111111111111112
0 0.23723958333333334 0.40046296296296297 0.0046875 0.010185185185185186
0 0.24114583333333334 0.41712962962962963 0.004166666666666667 0.008333333333333333
0 0.25234375 0.4087962962962963 0.0046875 0.008333333333333333
0 0.265625 0.40972222222222227 0.004166666666666667 0.008333333333333333
0 0.271875 0.4134259259259259 0.004166666666666667 0.008333333333333333
0 0.525 0.4527777777777778 0.007291666666666667 0.012962962962962964
