0 0.15885416666666666 0.4361111111111111 0.004166666666666667 0.012962962962962964
0 0.17005208333333333 0.4342592592592593 0.0036458333333333334 0.009259259259259259
0 0.18098958333333334 0.39675925925925926 0.0046875 0.010185185185185186
0 0.19609375 0.38981481481481484 0.0046875 0.005555555555555556
0 0.22135416666666666 0.4027777777777778 0.00625 0.011111111111111112
0 0.23645833333333333 0.3902777777777778 0.005208333333333333 0.008333333333333333
0 0.23932291666666666 0.40925925925925927 0.0046875 0.009259259259259259
0 0.24895833333333334 0.40324074074074073 0.005208333333333333 0.008333333333333333
0 0.2625 0.4027777777777778 0.00625 0.009259259259259259
0 0.26848958333333334 0.40694444444444444 0.0046875 0.01388888888888889
0 0.5763020833333333 0.4342592592592593 0.0078125 0.012962962962962964
