0 0.17630208333333333 0.3902777777777778 0.005729166666666666 0.010185185185185186
0 0.19713541666666667 0.3861111111111111 0.005729166666666666 0.012962962962962964
0 0.16171875 0.4342592592592593 0.0046875 0.012962962962962964
0 0.17057291666666666 0.4310185185185185 0.0046875 0.008333333333333333
0 0.22057291666666667 0.40046296296296297 0.0046875 0.008333333333333333
0 0.23515624999999998 0.38842592592592595 0.0046875 0.008333333333333333
0 0.23671875 0.4083333333333333 0.0046875 0.009259259259259259
0 0.24713541666666666 0.3990740740740741 0.0046875 0.011111111111111112
0 0.26015625 0.3962962962962963 0.0046875 0.011111111111111112
0 0.2671875 0.4041666666666667 0.004166666666666667 0.006481481481481482
0 0.6111979166666667 0.42685185185185187 0.005729166666666666 0.009259259259259259
