0 0.15911458333333334 0.3287037037037037 0.0078125 0.011111111111111112
0 0.17630208333333333 0.3236111111111111 0.0046875 0.008333333333333333
0 0.16328125 0.4518518518518519 0.0046875 0.009259259259259259
0 0.1734375 0.44953703703703707 0.005208333333333333 0.012037037037037037
0 0.18619791666666666 0.4138888888888889 0.0046875 0.009259259259259259
0 0.20130208333333333 0.4050925925925926 0.0067708333333333336 0.008333333333333333
0 0.22760416666666666 0.41805555555555557 0.00625 0.008333333333333333
0 0.24088541666666666 0.4064814814814815 0.0046875 0.009259259259259259
0 0.24479166666666666 0.4236111111111111 0.003125 0.008333333333333333
0 0.25416666666666665 0.4152777777777778 0.004166666666666667 0.008333333333333333
0 0.26484375 0.412962962962963 0.0046875 0.009259259259259259
0 0.27421875 0.4199074074074074 0.0046875 0.010185185185185186
0 0.4666666666666667 0.4712962962962963 0.007291666666666667 0.011111111111111112
