0 0.11744791666666667 0.3962962962962963 0.005729166666666666 0.009259259259259259
0 0.04973958333333333 0.45231481481481484 0.0046875 0.010185185185185186
0 0.09791666666666667 0.6041666666666667 0.007291666666666667 0.01388888888888889
0 0.13046875 0.5712962962962963 0.0067708333333333336 0.012962962962962964
0 0.033854166666666664 0.750925925925926 0.010416666666666666 0.016666666666666666
0 0.2908854166666667 0.8740740740740741 0.011979166666666666 0.020370370370370372
0 0.32760416666666664 0.8699074074074075 0.011458333333333333 0.021296296296296296
0 0.3651041666666667 0.8587962962962963 0.011458333333333333 0.015740740740740743
0 0.38385416666666666 0.8412037037037038 0.009375 0.019444444444444445
0 0.42473958333333334 0.850925925925926 0.008854166666666666 0.016666666666666666
0 0.4223958333333333 0.8041666666666667 0.009375 0.019444444444444445
0 0.4848958333333333 0.8296296296296297 0.010416666666666666 0.020370370370370372
