0 0.05703125 0.7097222222222223 0.008854166666666666 0.015740740740740743
0 0.2755208333333333 0.8231481481481482 0.013541666666666667 0.02592592592592593
0 0.30390625 0.8180555555555555 0.009895833333333333 0.015740740740740743
0 0.33958333333333335 0.8106481481481482 0.007291666666666667 0.01388888888888889
0 0.36302083333333335 0.7912037037037037 0.011458333333333333 0.01388888888888889
0 0.3950520833333333 0.7657407407407407 0.009895833333333333 0.020370370370370372
0 0.3950520833333333 0.8152777777777778 0.0109375 0.026851851851851852
0 0.45208333333333334 0.7865740740740741 0.0125 0.015740740740740743
0 0.06041666666666667 0.4671296296296297 0.007291666666666667 0.010185185185185186
0 0.10364583333333333 0.4175925925925926 0.00625 0.011111111111111112
0 0.1140625 0.5787037037037037 0.007291666666666667 0.011111111111111112
0 0.14505208333333333 0.5486111111111112 0.0078125 0.012037037037037037
