0 0.06770833333333333 0.6944444444444444 0.011458333333333333 0.020370370370370372
0 0.26484375 0.8125 0.008854166666666666 0.01388888888888889
0 0.30104166666666665 0.8046296296296297 0.011458333333333333 0.020370370370370372
0 0.3364583333333333 0.7976851851851852 0.007291666666666667 0.01388888888888889
0 0.3533854166666667 0.7851851851851852 0.008854166666666666 0.012962962962962964
0 0.38619791666666664 0.7546296296296297 0.0078125 0.012962962962962964
0 0.3846354166666667 0.8032407407407408 0.0078125 0.017592592592592594
0 0.4380208333333333 0.775462962962963 0.0125 0.01388888888888889
0 0.06015625 0.4708333333333333 0.0046875 0.012037037037037037
0 0.1015625 0.42453703703703705 0.00625 0.012037037037037037
0 0.12135416666666667 0.5703703703703704 0.00625 0.011111111111111112
0 0.14505208333333333 0.5412037037037037 0.0046875 0.010185185185185186
