0 0.09973958333333333 0.4412037037037037 0.0046875 0.010185185185185186
0 0.06692708333333333 0.48333333333333334 0.005729166666666666 0.011111111111111112
0 0.128125 0.5657407407407408 0.00625 0.011111111111111112
0 0.15026041666666667 0.5337962962962963 0.005729166666666666 0.012037037037037037
0 0.07734375 0.6722222222222223 0.008854166666666666 0.014814814814814815
0 0.26197916666666665 0.7898148148148149 0.0125 0.020370370370370372
0 0.2833333333333333 0.7925925925925926 0.010416666666666666 0.018518518518518517
0 0.3208333333333333 0.7824074074074074 0.009375 0.016666666666666666
0 0.3453125 0.7675925925925926 0.010416666666666666 0.018518518518518517
0 0.37447916666666664 0.7439814814814815 0.010416666666666666 0.019444444444444445
0 0.37473958333333335 0.7782407407407408 0.011979166666666666 0.019444444444444445
0 0.43072916666666666 0.7620370370370371 0.011458333333333333 0.024074074074074074
