0 0.07369791666666667 0.6837962962962963 0.0078125 0.01388888888888889
0 0.26328125 0.8069444444444445 0.008854166666666666 0.019444444444444445
0 0.2973958333333333 0.8027777777777778 0.0125 0.020370370370370372
0 0.3328125 0.788425925925926 0.00625 0.01388888888888889
0 0.35078125 0.7759259259259259 0.008854166666666666 0.011111111111111112
0 0.37994791666666666 0.7898148148148149 0.0078125 0.011111111111111112
0 0.3846354166666667 0.7541666666666667 0.009895833333333333 0.019444444444444445
0 0.434375 0.7694444444444445 0.007291666666666667 0.011111111111111112
0 0.06354166666666666 0.4777777777777778 0.007291666666666667 0.012962962962962964
0 0.10286458333333333 0.4300925925925926 0.0046875 0.006481481481481482
0 0.12552083333333333 0.5689814814814815 0.005208333333333333 0.008333333333333333
0 0.14739583333333334 0.5402777777777777 0.005208333333333333 0.010185185185185186
