0 0.10442708333333334 0.4226851851851852 0.0067708333333333336 0.012037037037037037
0 0.06041666666666667 0.4671296296296297 0.00625 0.012037037037037037
0 0.11692708333333333 0.5791666666666667 0.0078125 0.01388888888888889
0 0.14635416666666667 0.5481481481481482 0.008333333333333333 0.012962962962962964
0 0.057291666666666664 0.7000000000000001 0.009375 0.014814814814814815
0 0.27239583333333334 0.8175925925925926 0.010416666666666666 0.018518518518518517
0 0.3052083333333333 0.8148148148148149 0.011458333333333333 0.018518518518518517
0 0.3380208333333333 0.8092592592592593 0.009375 0.020370370370370372
0 0.36041666666666666 0.7912037037037037 0.009375 0.017592592592592594
0 0.3911458333333333 0.7657407407407407 0.009375 0.018518518518518517
0 0.3885416666666667 0.8032407407407408 0.011458333333333333 0.021296296296296296
0 0.4466145833333333 0.7856481481481482 0.013020833333333334 0.019444444444444445
