0 0.025 0.7662037037037037 0.014583333333333334 0.026851851851851852
0 0.2934895833333333 0.8837962962962963 0.0109375 0.028703703703703703
0 0.33541666666666664 0.8805555555555555 0.013541666666666667 0.020370370370370372
0 0.3736979166666667 0.8634259259259259 0.009895833333333333 0.017592592592592594
0 0.3911458333333333 0.85 0.007291666666666667 0.012962962962962964
0 0.43359375 0.8671296296296297 0.009895833333333333 0.019444444444444445
0 0.4359375 0.8152777777777778 0.0125 0.017592592592592594
0 0.4869791666666667 0.8481481481481482 0.017708333333333333 0.022222222222222223
0 0.05 0.45046296296296295 0.00625 0.010185185185185186
0 0.11848958333333333 0.39490740740740743 0.0046875 0.010185185185185186
0 0.0921875 0.6134259259259259 0.007291666666666667 0.01388888888888889
0 0.12552083333333333 0.576388888888889 0.00625 0.012037037037037037
