0 0.07161458333333333 0.6902777777777778 0.0109375 0.017592592592592594
0 0.26276041666666666 0.8106481481481482 0.009895833333333333 0.019444444444444445
0 0.2955729166666667 0.7986111111111112 0.008854166666666666 0.015740740740740743
0 0.3341145833333333 0.7930555555555556 0.008854166666666666 0.017592592592592594
0 0.3515625 0.7763888888888889 0.00625 0.017592592592592594
0 0.3859375 0.75 0.007291666666666667 0.012962962962962964
0 0.38125 0.7930555555555556 0.007291666666666667 0.019444444444444445
0 0.43463541666666666 0.7726851851851853 0.009895833333333333 0.017592592592592594
0 0.0625 0.475462962962963 0.00625 0.01388888888888889
0 0.10286458333333333 0.4300925925925926 0.0067708333333333336 0.01388888888888889
0 0.12421875 0.5708333333333333 0.0067708333333333336 0.012037037037037037
0 0.14765625 0.5416666666666667 0.0078125 0.012962962962962964
