0 0.057291666666666664 0.7060185185185186 0.0125 0.017592592592592594
0 0.2752604166666667 0.8222222222222223 0.015104166666666667 0.020370370370370372
0 0.30390625 0.8185185185185185 0.0078125 0.012962962962962964
0 0.33932291666666664 0.8106481481481482 0.0109375 0.01388888888888889
0 0.36171875 0.7958333333333334 0.0109375 0.019444444444444445
0 0.39479166666666665 0.7662037037037037 0.014583333333333334 0.017592592592592594
0 0.39166666666666666 0.8097222222222222 0.011458333333333333 0.017592592592592594
0 0.4513020833333333 0.7856481481481482 0.0109375 0.017592592592592594
0 0.0609375 0.46805555555555556 0.00625 0.01388888888888889
0 0.10416666666666667 0.4185185185185185 0.005208333333333333 0.011111111111111112
0 0.11536458333333333 0.5768518518518518 0.0067708333333333336 0.009259259259259259
0 0.1453125 0.549074074074074 0.00625 0.014814814814814815
