0 0.047135416666666666 0.7236111111111111 0.009895833333333333 0.01388888888888889
0 0.2794270833333333 0.8430555555555556 0.0078125 0.015740740740740743
0 0.31536458333333334 0.8328703703703704 0.0078125 0.01388888888888889
0 0.3533854166666667 0.8240740740740741 0.008854166666666666 0.009259259259259259
0 0.37005208333333334 0.8152777777777778 0.0078125 0.017592592592592594
0 0.40989583333333335 0.7805555555555556 0.0125 0.020370370370370372
0 0.40390624999999997 0.8287037037037037 0.008854166666666666 0.020370370370370372
0 0.4630208333333333 0.8055555555555556 0.011458333333333333 0.020370370370370372
0 0.053906249999999996 0.46296296296296297 0.0067708333333333336 0.012962962962962964
0 0.11067708333333333 0.40740740740740744 0.0078125 0.014814814814814815
0 0.10911458333333333 0.5916666666666667 0.009895833333333333 0.014814814814814815
0 0.1390625 0.5578703703703703 0.00625 0.010185185185185186
