0 0.07473958333333333 0.687962962962963 0.009895833333333333 0.020370370370370372
0 0.26458333333333334 0.8027777777777778 0.013541666666666667 0.024074074074074074
0 0.2942708333333333 0.7958333333333334 0.0125 0.015740740740740743
0 0.33046875 0.7893518518518519 0.008854166666666666 0.015740740740740743
0 0.34765625 0.774537037037037 0.0109375 0.01388888888888889
0 0.3833333333333333 0.7847222222222222 0.011458333333333333 0.015740740740740743
0 0.38255208333333335 0.7495370370370371 0.0109375 0.019444444444444445
0 0.43515624999999997 0.7722222222222223 0.0109375 0.020370370370370372
0 0.0640625 0.47962962962962963 0.005208333333333333 0.011111111111111112
0 0.10208333333333333 0.43333333333333335 0.005208333333333333 0.009259259259259259
0 0.12578125 0.5689814814814815 0.0046875 0.012037037037037037
0 0.14765625 0.5402777777777777 0.0067708333333333336 0.010185185185185186
