0 0.03307291666666667 0.7560185185185185 0.0109375 0.019444444444444445
0 0.2911458333333333 0.8740740740740741 0.011458333333333333 0.022222222222222223
0 0.3296875 0.8685185185185186 0.0125 0.022222222222222223
0 0.36796875 0.8597222222222223 0.0109375 0.019444444444444445
0 0.38307291666666665 0.8421296296296297 0.008854166666666666 0.015740740740740743
0 0.42526041666666664 0.8074074074074075 0.01614583333333333 0.024074074074074074
0 0.4263020833333333 0.8550925925925926 0.008854166666666666 0.019444444444444445
0 0.4830729166666667 0.8273148148148148 0.009895833333333333 0.015740740740740743
0 0.05130208333333333 0.45046296296296295 0.0078125 0.01388888888888889
0 0.11666666666666667 0.3939814814814815 0.005208333333333333 0.008333333333333333
0 0.09661458333333334 0.6055555555555556 0.0067708333333333336 0.011111111111111112
0 0.13098958333333333 0.5722222222222223 0.0078125 0.014814814814814815
