0 0.090625 0.649537037037037 0.0125 0.01388888888888889
0 0.24296874999999998 0.7689814814814815 0.0109375 0.015740740740740743
0 0.27057291666666666 0.774537037037037 0.0109375 0.017592592592592594
0 0.3072916666666667 0.7606481481481482 0.007291666666666667 0.015740740740740743
0 0.3221354166666667 0.7458333333333333 0.008854166666666666 0.017592592592592594
0 0.3606770833333333 0.7263888888888889 0.008854166666666666 0.019444444444444445
0 0.3580729166666667 0.7550925925925926 0.008854166666666666 0.01388888888888889
0 0.4049479166666667 0.7458333333333333 0.009895833333333333 0.017592592592592594
0 0.06484375 0.4949074074074074 0.005729166666666666 0.010185185185185186
0 0.09010416666666667 0.45046296296296295 0.005208333333333333 0.008333333333333333
0 0.08854166666666667 0.4083333333333333 0.005208333333333333 0.009259259259259259
0 0.10703125 0.39814814814814814 0.0046875 0.011111111111111112
0 0.12786458333333334 0.5504629629629629 0.0046875 0.008333333333333333
0 0.15 0.5240740740740741 0.007291666666666667 0.009259259259259259
