0 0.09348958333333333 0.638425925925926 0.009895833333333333 0.015740740740740743
0 0.23776041666666667 0.763425925925926 0.009895833333333333 0.017592592592592594
0 0.26067708333333334 0.7662037037037037 0.0078125 0.01388888888888889
0 0.29661458333333335 0.7532407407407408 0.0078125 0.01388888888888889
0 0.31640625 0.7402777777777778 0.0078125 0.015740740740740743
0 0.3481770833333333 0.7171296296296297 0.008854166666666666 0.017592592592592594
0 0.3484375 0.7546296296296297 0.011458333333333333 0.020370370370370372
0 0.39765625 0.7300925925925926 0.008854166666666666 0.015740740740740743
0 0.0625 0.5041666666666667 0.007291666666666667 0.010185185185185186
0 0.08515625 0.45972222222222225 0.0046875 0.008333333333333333
0 0.08880208333333334 0.4152777777777778 0.0036458333333333334 0.008333333333333333
0 0.10494791666666667 0.40925925925925927 0.0046875 0.012962962962962964
0 0.13125 0.549074074074074 0.00625 0.009259259259259259
0 0.15182291666666667 0.5217592592592593 0.0046875 0.010185185185185186
