0 0.08020833333333333 0.6703703703703704 0.011458333333333333 0.020370370370370372
0 0.2596354166666667 0.7893518518518519 0.008854166666666666 0.019444444444444445
0 0.2817708333333333 0.7902777777777779 0.0125 0.017592592592592594
0 0.31927083333333334 0.7782407407407408 0.011458333333333333 0.019444444444444445
0 0.3416666666666667 0.762962962962963 0.011458333333333333 0.020370370370370372
0 0.37265625 0.7356481481481482 0.009895833333333333 0.019444444444444445
0 0.375 0.774537037037037 0.0125 0.017592592592592594
0 0.42552083333333335 0.7578703703703704 0.013541666666666667 0.015740740740740743
0 0.06692708333333333 0.48379629629629634 0.0078125 0.012037037037037037
0 0.096875 0.4412037037037037 0.007291666666666667 0.010185185185185186
0 0.12864583333333332 0.5620370370370371 0.00625 0.009259259259259259
0 0.15078125 0.5314814814814816 0.005729166666666666 0.009259259259259259
