0 0.09921875 0.638425925925926 0.008854166666666666 0.01388888888888889
0 0.23541666666666666 0.7564814814814815 0.007291666666666667 0.011111111111111112
0 0.2604166666666667 0.7606481481481482 0.014583333333333334 0.015740740740740743
0 0.29791666666666666 0.7453703703703703 0.00625 0.012962962962962964
0 0.31484375 0.7310185185185185 0.0046875 0.01388888888888889
0 0.3489583333333333 0.7175925925925927 0.0125 0.012962962962962964
0 0.39296875 0.7291666666666667 0.0109375 0.01388888888888889
0 0.34479166666666666 0.7495370370370371 0.0125 0.019444444444444445
0 0.062239583333333334 0.5060185185185185 0.0046875 0.010185185185185186
0 0.08463541666666667 0.4675925925925926 0.0046875 0.009259259259259259
0 0.08645833333333333 0.4189814814814815 0.004166666666666667 0.008333333333333333
0 0.10546875 0.40972222222222227 0.0046875 0.010185185185185186
0 0.1328125 0.55 0.005208333333333333 0.009259259259259259
0 0.153125 0.5222222222222223 0.00625 0.009259259259259259
