0 0.09869791666666666 0.6375000000000001 0.009895833333333333 0.01388888888888889
0 0.23463541666666665 0.7569444444444444 0.0078125 0.01388888888888889
0 0.25885416666666666 0.7578703703703704 0.007291666666666667 0.01388888888888889
0 0.296875 0.7467592592592592 0.00625 0.01388888888888889
0 0.31197916666666664 0.7310185185185185 0.00625 0.01388888888888889
0 0.34479166666666666 0.7481481481481482 0.007291666666666667 0.012962962962962964
0 0.34765625 0.7157407407407408 0.0078125 0.011111111111111112
0 0.3971354166666667 0.736574074074074 0.009895833333333333 0.015740740740740743
0 0.062239583333333334 0.5050925925925926 0.0046875 0.008333333333333333
0 0.08515625 0.46620370370370373 0.005729166666666666 0.008333333333333333
0 0.0875 0.41805555555555557 0.005208333333333333 0.010185185185185186
0 0.10494791666666667 0.41064814814814815 0.005729166666666666 0.012037037037037037
0 0.13177083333333334 0.5476851851851852 0.005208333333333333 0.008333333333333333
0 0.15208333333333332 0.5212962962962964 0.005208333333333333 0.009259259259259259
