0 0.09635416666666667 0.6398148148148148 0.013541666666666667 0.022222222222222223
0 0.23776041666666667 0.7587962962962963 0.009895833333333333 0.015740740740740743
0 0.2604166666666667 0.7671296296296296 0.0125 0.019444444444444445
0 0.29921875 0.7523148148148149 0.008854166666666666 0.015740740740740743
0 0.3177083333333333 0.7388888888888889 0.005208333333333333 0.012962962962962964
0 0.34921875 0.7162037037037037 0.008854166666666666 0.015740740740740743
0 0.3497395833333333 0.7569444444444444 0.009895833333333333 0.017592592592592594
0 0.4 0.7342592592592593 0.007291666666666667 0.012962962962962964
0 0.062239583333333334 0.5018518518518519 0.0067708333333333336 0.009259259259259259
0 0.08359375 0.4601851851851852 0.0046875 0.007407407407407408
0 0.08776041666666666 0.4152777777777778 0.005729166666666666 0.01388888888888889
0 0.10520833333333333 0.4087962962962963 0.003125 0.006481481481481482
0 0.13125 0.5504629629629629 0.005208333333333333 0.008333333333333333
0 0.15286458333333333 0.524537037037037 0.0078125 0.01388888888888889
