0 0.08854166666666667 0.6555555555555556 0.014583333333333334 0.02592592592592593
0 0.24166666666666667 0.7708333333333334 0.0125 0.017592592592592594
0 0.2760416666666667 0.7791666666666667 0.011458333333333333 0.017592592592592594
0 0.31328125 0.763425925925926 0.0109375 0.017592592592592594
0 0.3294270833333333 0.7560185185185185 0.008854166666666666 0.019444444444444445
0 0.36432291666666666 0.725462962962963 0.0109375 0.015740740740740743
0 0.35859375 0.7671296296296296 0.009895833333333333 0.019444444444444445
0 0.4083333333333333 0.7458333333333333 0.0125 0.017592592592592594
0 0.06328125 0.4842592592592593 0.0078125 0.011111111111111112
0 0.09401041666666667 0.4462962962962963 0.0046875 0.009259259259259259
0 0.10651041666666666 0.39537037037037037 0.005729166666666666 0.009259259259259259
0 0.12994791666666666 0.5532407407407408 0.0046875 0.006481481481481482
0 0.14817708333333332 0.5240740740740741 0.005729166666666666 0.011111111111111112
