0 0.08697916666666666 0.6513888888888889 0.014583333333333334 0.026851851851851852
0 0.24479166666666666 0.7712962962962964 0.011458333333333333 0.024074074074074074
0 0.27421875 0.7726851851851853 0.0109375 0.017592592592592594
0 0.31171875 0.7606481481481482 0.008854166666666666 0.019444444444444445
0 0.32734375 0.7467592592592592 0.009895833333333333 0.01388888888888889
0 0.36276041666666664 0.7263888888888889 0.0109375 0.019444444444444445
0 0.36015625 0.7643518518518518 0.009895833333333333 0.019444444444444445
0 0.40911458333333334 0.7407407407407408 0.0109375 0.020370370370370372
0 0.06328125 0.48935185185185187 0.0078125 0.012037037037037037
0 0.09322916666666667 0.4481481481481482 0.00625 0.011111111111111112
0 0.10859375 0.39861111111111114 0.0046875 0.012037037037037037
0 0.12994791666666666 0.5504629629629629 0.005729166666666666 0.008333333333333333
0 0.14739583333333334 0.525 0.005208333333333333 0.011111111111111112
