0 0.10598958333333333 0.6291666666666667 0.009895833333333333 0.019444444444444445
0 0.23255208333333333 0.750462962962963 0.009895833333333333 0.01388888888888889
0 0.26119791666666664 0.7541666666666667 0.008854166666666666 0.015740740740740743
0 0.2955729166666667 0.7375 0.008854166666666666 0.01388888888888889
0 0.3091145833333333 0.7300925925925926 0.0109375 0.017592592592592594
0 0.34739583333333335 0.7106481481481481 0.007291666666666667 0.017592592592592594
0 0.3424479166666667 0.7421296296296297 0.009895833333333333 0.017592592592592594
0 0.39010416666666664 0.7277777777777779 0.013541666666666667 0.020370370370370372
0 0.06510416666666667 0.5111111111111112 0.005208333333333333 0.009259259259259259
0 0.08411458333333333 0.46990740740740744 0.0046875 0.008333333333333333
0 0.07838541666666667 0.42314814814814816 0.0046875 0.011111111111111112
0 0.08854166666666667 0.4236111111111111 0.004166666666666667 0.010185185185185186
0 0.10651041666666666 0.41805555555555557 0.0046875 0.012037037037037037
0 0.13489583333333333 0.5458333333333334 0.005208333333333333 0.006481481481481482
0 0.15364583333333334 0.5175925925925926 0.005208333333333333 0.009259259259259259
