0 0.08984375 0.65 0.0109375 0.020370370370370372
0 0.24348958333333334 0.7699074074074075 0.0109375 0.017592592592592594
0 0.26979166666666665 0.7699074074074075 0.013541666666666667 0.015740740740740743
0 0.30755208333333334 0.7597222222222223 0.0078125 0.01388888888888889
0 0.32317708333333334 0.7486111111111111 0.0109375 0.017592592592592594
0 0.36015625 0.7208333333333333 0.0109375 0.019444444444444445
0 0.35833333333333334 0.7601851851851852 0.011458333333333333 0.020370370370370372
0 0.40546875 0.7430555555555556 0.008854166666666666 0.015740740740740743
0 0.06432291666666666 0.49074074074074076 0.0078125 0.009259259259259259
0 0.09036458333333333 0.4481481481481482 0.0067708333333333336 0.007407407407407408
0 0.08958333333333333 0.4083333333333333 0.00625 0.011111111111111112
0 0.10807291666666667 0.4 0.0078125 0.012962962962962964
0 0.12630208333333334 0.549074074074074 0.0046875 0.007407407407407408
0 0.14973958333333334 0.5231481481481481 0.005729166666666666 0.009259259259259259
