0 0.31015625 0.10972222222222222 0.019270833333333334 0.03425925925925926
0 0.20104166666666667 0.03981481481481482 0.021875 0.03518518518518519
0 0.21562499999999998 0.1902777777777778 0.029166666666666667 0.04722222222222222
0 0.4122395833333333 0.16944444444444445 0.0234375 0.04814814814814815
0 0.36328125 0.24953703703703706 0.021354166666666667 0.04722222222222222
0 0.3911458333333333 0.30972222222222223 0.021875 0.04537037037037037
0 0.1875 0.4638888888888889 0.02395833333333333 0.04259259259259259
0 0.13776041666666666 0.5175925925925926 0.0265625 0.037037037037037035
0 0.31796875 0.5115740740740741 0.024479166666666666 0.05277777777777778
0 0.36744791666666665 0.5532407407407408 0.0265625 0.05092592592592593
0 0.4421875 0.6648148148148149 0.028125 0.05925925925925926
0 0.39453125 0.7824074074074074 0.030729166666666665 0.05
0 0.41328125 0.9101851851851852 0.028645833333333332 0.05185185185185186
0 0.23645833333333333 0.7962962962962963 0.03333333333333333 0.061111111111111116
0 0.26796875 0.8407407407407408 0.033854166666666664 0.05925925925925926
0 0.15338541666666666 0.7023148148148148 0.027604166666666666 0.05648148148148149
0 0.08255208333333333 0.8768518518518519 0.0328125 0.06851851851851852
0 0.9677083333333333 0.1962962962962963 0.022916666666666665 0.040740740740740744
0 0.9872395833333333 0.18611111111111112 0.021354166666666667 0.05925925925925926
0 0.9674479166666666 0.27685185185185185 0.03177083333333333 0.05555555555555556
