0 0.3104166666666667 0.11064814814814815 0.016666666666666666 0.03425925925925926
0 0.19947916666666665 0.03935185185185185 0.020833333333333332 0.032407407407407406
0 0.2994791666666667 0.16944444444444445 0.02395833333333333 0.04814814814814815
0 0.3575520833333333 0.18055555555555555 0.0265625 0.03888888888888889
0 0.4010416666666667 0.25416666666666665 0.029166666666666667 0.04537037037037037
0 0.9354166666666667 0.1824074074074074 0.016666666666666666 0.02777777777777778
0 0.95546875 0.17962962962962964 0.025520833333333333 0.05
0 0.9328124999999999 0.25416666666666665 0.016666666666666666 0.04351851851851852
0 0.9322916666666666 0.3773148148148148 0.028125 0.04537037037037037
0 0.41354166666666664 0.9055555555555556 0.020833333333333332 0.04814814814814815
0 0.3890625 0.7768518518518519 0.029166666666666667 0.04814814814814815
0 0.4427083333333333 0.6625 0.029166666666666667 0.05648148148148149
0 0.37135416666666665 0.5504629629629629 0.021875 0.04722222222222222
0 0.32447916666666665 0.5064814814814815 0.021875 0.03888888888888889
0 0.3208333333333333 0.33101851851851855 0.020833333333333332 0.04351851851851852
0 0.18958333333333333 0.46296296296296297 0.022916666666666665 0.05185185185185186
0 0.13645833333333332 0.5125000000000001 0.028125 0.04722222222222222
0 0.23645833333333333 0.7930555555555556 0.03229166666666666 0.05462962962962963
0 0.26588541666666665 0.8398148148148148 0.025520833333333333 0.061111111111111116
0 0.15572916666666667 0.6986111111111112 0.028125 0.04722222222222222
0 0.08671875 0.8722222222222222 0.0359375 0.061111111111111116
