0 0.2833333333333333 0.16990740740740742 0.021875 0.03425925925925926
0 0.3072916666666667 0.10740740740740741 0.015625 0.037037037037037035
0 0.19947916666666665 0.03888888888888889 0.022916666666666665 0.031481481481481485
0 0.3684895833333333 0.18333333333333335 0.025520833333333333 0.04814814814814815
0 0.390625 0.2490740740740741 0.016666666666666666 0.03888888888888889
0 0.96171875 0.18101851851851852 0.018229166666666668 0.04722222222222222
0 0.9375 0.18888888888888888 0.017708333333333333 0.031481481481481485
0 0.9377604166666667 0.25972222222222224 0.024479166666666666 0.04722222222222222
0 0.9434895833333333 0.3907407407407408 0.019270833333333334 0.04814814814814815
0 0.4145833333333333 0.9143518518518519 0.029166666666666667 0.05648148148148149
0 0.39140625 0.7736111111111111 0.025520833333333333 0.05648148148148149
0 0.44036458333333334 0.6597222222222222 0.0296875 0.05462962962962963
0 0.3716145833333333 0.5527777777777778 0.03177083333333333 0.04259259259259259
0 0.3338541666666667 0.3263888888888889 0.020833333333333332 0.04351851851851852
0 0.325 0.5125000000000001 0.022916666666666665 0.03425925925925926
0 0.2682291666666667 0.8425925925925927 0.028125 0.05740740740740741
0 0.23567708333333334 0.7902777777777779 0.03177083333333333 0.05648148148148149
0 0.15234375 0.6962962962962963 0.025520833333333333 0.05
0 0.1359375 0.5152777777777778 0.020833333333333332 0.036111111111111115
0 0.18880208333333334 0.4625 0.0265625 0.04722222222222222
0 0.08489583333333334 0.8740740740740741 0.034375 0.05185185185185186
