0 0.19973958333333333 0.032407407407407406 0.0140625 0.031481481481481485
0 0.3091145833333333 0.10648148148148148 0.015104166666666667 0.02962962962962963
0 0.32005208333333335 0.16435185185185186 0.024479166666666666 0.04537037037037037
0 0.34713541666666664 0.1865740740740741 0.01614583333333333 0.03981481481481482
0 0.41015625 0.25601851851851853 0.022395833333333334 0.04351851851851852
0 0.29921875 0.3375 0.01614583333333333 0.03981481481481482
0 0.13619791666666667 0.5171296296296296 0.021354166666666667 0.03796296296296296
0 0.19036458333333334 0.4601851851851852 0.0234375 0.04814814814814815
0 0.33203125 0.5083333333333333 0.021354166666666667 0.05185185185185186
0 0.37213541666666666 0.549074074074074 0.025520833333333333 0.0462962962962963
0 0.4427083333333333 0.6620370370370371 0.016666666666666666 0.04814814814814815
0 0.41484375 0.9069444444444444 0.024479166666666666 0.06018518518518519
0 0.39036458333333335 0.7717592592592593 0.024479166666666666 0.058333333333333334
0 0.26901041666666664 0.8384259259259259 0.0328125 0.062037037037037036
0 0.23802083333333332 0.7898148148148149 0.028125 0.05185185185185186
0 0.15572916666666667 0.6962962962962963 0.020833333333333332 0.06481481481481481
0 0.08776041666666666 0.8712962962962963 0.04114583333333333 0.05185185185185186
0 0.928125 0.1837962962962963 0.017708333333333333 0.028703703703703703
0 0.9463541666666666 0.17731481481481481 0.017708333333333333 0.04537037037037037
0 0.9255208333333333 0.250462962962963 0.019791666666666666 0.05462962962962963
0 0.91171875 0.36342592592592593 0.022395833333333334 0.04166666666666667
