0 0.20182291666666666 0.03564814814814815 0.01614583333333333 0.03796296296296296
0 0.30963541666666666 0.10833333333333334 0.022395833333333334 0.037037037037037035
0 0.33151041666666664 0.18842592592592594 0.015104166666666667 0.03981481481481482
0 0.3390625 0.15601851851851853 0.020833333333333332 0.03981481481481482
0 0.41953124999999997 0.25416666666666665 0.015104166666666667 0.04166666666666667
0 0.8966145833333333 0.34305555555555556 0.025520833333333333 0.03981481481481482
0 0.9210937499999999 0.23981481481481481 0.022395833333333334 0.037037037037037035
0 0.9210937499999999 0.17777777777777778 0.01614583333333333 0.03518518518518519
0 0.9359375 0.1736111111111111 0.019791666666666666 0.05462962962962963
0 0.2817708333333333 0.34861111111111115 0.01875 0.04537037037037037
0 0.19322916666666667 0.4569444444444445 0.019791666666666666 0.03796296296296296
0 0.13958333333333334 0.5162037037037037 0.026041666666666668 0.04351851851851852
0 0.0859375 0.8717592592592593 0.028125 0.058333333333333334
0 0.15729166666666666 0.6967592592592593 0.028125 0.04537037037037037
0 0.23906249999999998 0.7912037037037037 0.029166666666666667 0.06018518518518519
0 0.26979166666666665 0.8407407407407408 0.035416666666666666 0.07037037037037037
0 0.4161458333333333 0.9092592592592593 0.029166666666666667 0.05
0 0.390625 0.7787037037037038 0.027083333333333334 0.05185185185185186
0 0.44453125 0.6643518518518519 0.0234375 0.05648148148148149
0 0.3723958333333333 0.5449074074074074 0.019791666666666666 0.04166666666666667
0 0.3328125 0.5050925925925926 0.019791666666666666 0.04537037037037037
