0 0.20208333333333334 0.0375 0.019791666666666666 0.04166666666666667
0 0.31015625 0.10555555555555556 0.011979166666666666 0.03518518518518519
0 0.32317708333333334 0.18935185185185185 0.015104166666666667 0.04537037037037037
0 0.35 0.1564814814814815 0.019791666666666666 0.037037037037037035
0 0.42864583333333334 0.2518518518518519 0.01875 0.031481481481481485
0 0.91171875 0.18101851851851852 0.0140625 0.028703703703703703
0 0.9315104166666667 0.17777777777777778 0.024479166666666666 0.05185185185185186
0 0.91875 0.23750000000000002 0.020833333333333332 0.04166666666666667
0 0.8841145833333334 0.33194444444444443 0.024479166666666666 0.04537037037037037
0 0.2638020833333333 0.34814814814814815 0.025520833333333333 0.03333333333333333
0 0.13984375 0.5171296296296296 0.025520833333333333 0.04166666666666667
0 0.1921875 0.46064814814814814 0.028125 0.04537037037037037
0 0.33697916666666666 0.512962962962963 0.026041666666666668 0.053703703703703705
0 0.37135416666666665 0.5486111111111112 0.029166666666666667 0.04537037037037037
0 0.44453125 0.6592592592592593 0.0234375 0.05
0 0.41510416666666666 0.9092592592592593 0.027083333333333334 0.04814814814814815
0 0.39375 0.7819444444444444 0.027083333333333334 0.058333333333333334
0 0.2700520833333333 0.8361111111111111 0.0328125 0.053703703703703705
0 0.23802083333333332 0.7921296296296296 0.030208333333333334 0.062037037037037036
0 0.15677083333333333 0.6967592592592593 0.019791666666666666 0.03796296296296296
0 0.0875 0.8726851851851852 0.027083333333333334 0.06018518518518519
