0 0.20520833333333333 0.036111111111111115 0.011458333333333333 0.031481481481481485
0 0.3130208333333333 0.10925925925925926 0.011458333333333333 0.031481481481481485
0 0.2903645833333333 0.21342592592592594 0.015104166666666667 0.03796296296296296
0 0.4044270833333333 0.1486111111111111 0.015104166666666667 0.03796296296296296
0 0.46197916666666666 0.25601851851851853 0.017708333333333333 0.028703703703703703
0 0.8273437499999999 0.30324074074074076 0.021354166666666667 0.03796296296296296
0 0.9026041666666667 0.22824074074074074 0.020833333333333332 0.03981481481481482
0 0.8830729166666667 0.18194444444444446 0.013020833333333334 0.026851851851851852
0 0.9033854166666666 0.16805555555555557 0.024479166666666666 0.04351851851851852
0 0.4440104166666667 0.6587962962962963 0.030729166666666665 0.05648148148148149
0 0.41380208333333335 0.9078703703703704 0.033854166666666664 0.05462962962962963
0 0.3927083333333333 0.7763888888888889 0.036458333333333336 0.062037037037037036
0 0.37395833333333334 0.5472222222222223 0.020833333333333332 0.0462962962962963
0 0.3372395833333333 0.5157407407407407 0.022395833333333334 0.0462962962962963
0 0.27109375 0.8421296296296297 0.021354166666666667 0.05648148148148149
0 0.23776041666666667 0.7916666666666667 0.022395833333333334 0.04814814814814815
0 0.08958333333333333 0.8722222222222222 0.04791666666666666 0.06666666666666667
0 0.15807291666666667 0.7018518518518518 0.022395833333333334 0.04814814814814815
0 0.14583333333333334 0.5148148148148148 0.019791666666666666 0.037037037037037035
0 0.19036458333333334 0.46342592592592596 0.0234375 0.04537037037037037
