0 0.20208333333333334 0.03888888888888889 0.016666666666666666 0.037037037037037035
0 0.3125 0.10833333333333334 0.01875 0.03333333333333333
0 0.3052083333333333 0.19583333333333333 0.026041666666666668 0.04166666666666667
0 0.37473958333333335 0.15046296296296297 0.021354166666666667 0.03796296296296296
0 0.44453125 0.2449074074074074 0.0140625 0.04351851851851852
0 0.8981770833333333 0.18287037037037038 0.015104166666666667 0.02314814814814815
0 0.9169270833333333 0.1736111111111111 0.024479166666666666 0.03796296296296296
0 0.9130208333333333 0.22777777777777777 0.01875 0.0462962962962963
0 0.8533854166666667 0.325 0.0234375 0.053703703703703705
0 0.1421875 0.5125000000000001 0.026041666666666668 0.03981481481481482
0 0.19114583333333332 0.45925925925925926 0.01875 0.03333333333333333
0 0.22682291666666665 0.36388888888888893 0.015104166666666667 0.03518518518518519
0 0.3364583333333333 0.5171296296296296 0.029166666666666667 0.05462962962962963
0 0.37213541666666666 0.5467592592592593 0.025520833333333333 0.05462962962962963
0 0.44375 0.6638888888888889 0.016666666666666666 0.05185185185185186
0 0.39557291666666666 0.7810185185185186 0.0234375 0.05648148148148149
0 0.4153645833333333 0.9087962962962963 0.030729166666666665 0.06018518518518519
0 0.27057291666666666 0.8384259259259259 0.024479166666666666 0.058333333333333334
0 0.23802083333333332 0.7870370370370371 0.028125 0.0462962962962963
0 0.15703125 0.6990740740740741 0.025520833333333333 0.05
0 0.0859375 0.875462962962963 0.029166666666666667 0.06018518518518519
