0 0.20546875 0.04537037037037037 0.0234375 0.03333333333333333
0 0.3138020833333333 0.10925925925925926 0.015104166666666667 0.03518518518518519
0 0.4236979166666667 0.1486111111111111 0.0140625 0.04166666666666667
0 0.47239583333333335 0.2606481481481482 0.010416666666666666 0.03796296296296296
0 0.27734375 0.2199074074074074 0.024479166666666666 0.04166666666666667
0 0.15416666666666667 0.3842592592592593 0.016666666666666666 0.03518518518518519
0 0.19348958333333333 0.4615740740740741 0.0234375 0.04351851851851852
0 0.1453125 0.5152777777777778 0.020833333333333332 0.04537037037037037
0 0.23828125 0.7939814814814815 0.034895833333333334 0.05648148148148149
0 0.27057291666666666 0.8421296296296297 0.024479166666666666 0.062037037037037036
0 0.41510416666666666 0.9083333333333333 0.030208333333333334 0.0462962962962963
0 0.4458333333333333 0.6643518518518519 0.020833333333333332 0.05648148148148149
0 0.39166666666666666 0.775 0.029166666666666667 0.04814814814814815
0 0.37604166666666666 0.55 0.027083333333333334 0.04814814814814815
0 0.33932291666666664 0.5157407407407407 0.021354166666666667 0.05185185185185186
0 0.15807291666666667 0.6953703703703704 0.022395833333333334 0.0462962962962963
0 0.08854166666666667 0.8717592592592593 0.029166666666666667 0.05648148148148149
0 0.8028645833333333 0.2986111111111111 0.0234375 0.04166666666666667
0 0.8898437499999999 0.23842592592592593 0.021354166666666667 0.04351851851851852
0 0.87109375 0.1824074074074074 0.0140625 0.031481481481481485
0 0.8872395833333333 0.16898148148148148 0.021354166666666667 0.04537037037037037
