0 0.20260416666666667 0.03981481481481482 0.017708333333333333 0.03333333333333333
0 0.31171875 0.10925925925925926 0.015104166666666667 0.03518518518518519
0 0.24453125 0.23750000000000002 0.022395833333333334 0.05462962962962963
0 0.46588541666666666 0.1425925925925926 0.0234375 0.031481481481481485
0 0.4953125 0.25972222222222224 0.01875 0.03981481481481482
0 0.75703125 0.2902777777777778 0.025520833333333333 0.04537037037037037
0 0.8385416666666666 0.18101851851851852 0.017708333333333333 0.03981481481481482
0 0.8583333333333333 0.1726851851851852 0.026041666666666668 0.04166666666666667
0 0.8700520833333333 0.2300925925925926 0.021354166666666667 0.03981481481481482
0 0.10260416666666666 0.4300925925925926 0.019791666666666666 0.04166666666666667
0 0.1421875 0.5180555555555556 0.01875 0.04351851851851852
0 0.190625 0.45972222222222225 0.019791666666666666 0.03796296296296296
0 0.334375 0.5166666666666667 0.020833333333333332 0.03333333333333333
0 0.37526041666666665 0.5462962962962963 0.025520833333333333 0.04814814814814815
0 0.44375 0.6625 0.020833333333333332 0.06018518518518519
0 0.3924479166666667 0.7842592592592593 0.030729166666666665 0.05
0 0.4153645833333333 0.9111111111111111 0.0328125 0.053703703703703705
0 0.26927083333333335 0.8407407407407408 0.027083333333333334 0.053703703703703705
0 0.23906249999999998 0.7925925925925926 0.029166666666666667 0.0462962962962963
0 0.15833333333333333 0.6986111111111112 0.028125 0.05648148148148149
0 0.0875 0.875462962962963 0.03854166666666667 0.05648148148148149
