0 0.15807291666666667 0.6976851851851852 0.024479166666666666 0.05648148148148149
0 0.08958333333333333 0.875462962962963 0.036458333333333336 0.06018518518518519
0 0.23671875 0.7916666666666667 0.024479166666666666 0.05185185185185186
0 0.27057291666666666 0.8412037037037038 0.022395833333333334 0.06018518518518519
0 0.4140625 0.9092592592592593 0.020833333333333332 0.04814814814814815
0 0.39375 0.7875 0.027083333333333334 0.06018518518518519
0 0.44453125 0.6597222222222222 0.0234375 0.05462962962962963
0 0.3372395833333333 0.5152777777777778 0.022395833333333334 0.04537037037037037
0 0.37578125 0.5472222222222223 0.024479166666666666 0.0462962962962963
0 0.06354166666666666 0.4569444444444445 0.01875 0.03796296296296296
0 0.14270833333333333 0.5157407407407407 0.019791666666666666 0.05
0 0.19088541666666667 0.46342592592592596 0.024479166666666666 0.04537037037037037
0 0.22005208333333334 0.24166666666666667 0.022395833333333334 0.0462962962962963
0 0.19973958333333333 0.040740740740740744 0.024479166666666666 0.03518518518518519
0 0.3111979166666667 0.10694444444444445 0.01614583333333333 0.03796296296296296
0 0.49374999999999997 0.1398148148148148 0.020833333333333332 0.03333333333333333
0 0.51484375 0.2601851851851852 0.024479166666666666 0.04814814814814815
0 0.7244791666666667 0.2814814814814815 0.01875 0.05
0 0.8502604166666666 0.23101851851851854 0.024479166666666666 0.04537037037037037
0 0.82109375 0.18472222222222223 0.013020833333333334 0.026851851851851852
0 0.8388020833333333 0.17407407407407408 0.022395833333333334 0.05185185185185186
