0 0.1875 0.03796296296296296 0.021875 0.02962962962962963
0 0.13828125 0.29953703703703705 0.025520833333333333 0.05277777777777778
0 0.31276041666666665 0.10324074074074074 0.0140625 0.032407407407407406
0 0.19322916666666667 0.45787037037037037 0.022916666666666665 0.04351851851851852
0 0.14739583333333334 0.5092592592592593 0.020833333333333332 0.04259259259259259
0 0.3372395833333333 0.5074074074074074 0.019270833333333334 0.040740740740740744
0 0.375 0.5472222222222223 0.022916666666666665 0.040740740740740744
0 0.4473958333333333 0.6606481481481482 0.022916666666666665 0.05648148148148149
0 0.41640625 0.9078703703703704 0.0265625 0.05277777777777778
0 0.39947916666666666 0.7759259259259259 0.021875 0.04259259259259259
0 0.27317708333333335 0.837962962962963 0.03177083333333333 0.061111111111111116
0 0.2421875 0.7865740740740741 0.027083333333333334 0.04537037037037037
0 0.09114583333333333 0.8712962962962963 0.03333333333333333 0.05
0 0.16041666666666665 0.6902777777777778 0.02395833333333333 0.04351851851851852
0 0.6229166666666667 0.13240740740740742 0.02395833333333333 0.040740740740740744
0 0.6096354166666667 0.23564814814814816 0.0203125 0.036111111111111115
0 0.5755208333333334 0.2740740740740741 0.022916666666666665 0.04259259259259259
0 0.7375 0.19490740740740742 0.022916666666666665 0.036111111111111115
0 0.75625 0.1851851851851852 0.021875 0.03888888888888889
0 0.7684895833333333 0.2263888888888889 0.0203125 0.03425925925925926
