0 0.18697916666666667 0.040740740740740744 0.017708333333333333 0.031481481481481485
0 0.31223958333333335 0.10601851851851853 0.0140625 0.028703703703703703
0 0.1546875 0.2925925925925926 0.028125 0.05185185185185186
0 0.1453125 0.5148148148148148 0.017708333333333333 0.037037037037037035
0 0.19453125 0.45740740740740743 0.025520833333333333 0.03333333333333333
0 0.3380208333333333 0.513888888888889 0.026041666666666668 0.0462962962962963
0 0.3763020833333333 0.5467592592592593 0.024479166666666666 0.04537037037037037
0 0.44635416666666666 0.6592592592592593 0.026041666666666668 0.053703703703703705
0 0.4153645833333333 0.9074074074074074 0.030729166666666665 0.053703703703703705
0 0.39739583333333334 0.7828703703703704 0.036458333333333336 0.05462962962962963
0 0.27369791666666665 0.837037037037037 0.030729166666666665 0.06296296296296297
0 0.24140625 0.7935185185185185 0.034895833333333334 0.06481481481481481
0 0.15885416666666666 0.6939814814814815 0.026041666666666668 0.06018518518518519
0 0.09270833333333334 0.8685185185185186 0.035416666666666666 0.06296296296296297
0 0.5645833333333333 0.2689814814814815 0.01875 0.04166666666666667
0 0.6028645833333334 0.13796296296296298 0.025520833333333333 0.05
0 0.62578125 0.24583333333333335 0.021354166666666667 0.03981481481481482
0 0.7515625 0.18888888888888888 0.016666666666666666 0.03518518518518519
0 0.7705729166666666 0.1787037037037037 0.024479166666666666 0.04814814814814815
0 0.7815104166666667 0.22268518518518518 0.0234375 0.04166666666666667
