0 0.18645833333333334 0.034722222222222224 0.016666666666666666 0.03425925925925926
0 0.31171875 0.10648148148148148 0.0140625 0.02777777777777778
0 0.13072916666666667 0.3041666666666667 0.02395833333333333 0.04351851851851852
0 0.14869791666666665 0.5074074074074074 0.019270833333333334 0.037037037037037035
0 0.19401041666666666 0.4587962962962963 0.0203125 0.036111111111111115
0 0.159375 0.6902777777777778 0.02395833333333333 0.04351851851851852
0 0.09270833333333334 0.8731481481481482 0.027083333333333334 0.05
0 0.23880208333333333 0.7907407407407407 0.030729166666666665 0.04814814814814815
0 0.27291666666666664 0.8421296296296297 0.027083333333333334 0.05648148148148149
0 0.41562499999999997 0.9074074074074074 0.028125 0.05
0 0.4479166666666667 0.6611111111111111 0.021875 0.05
0 0.39765625 0.7847222222222222 0.030729166666666665 0.04722222222222222
0 0.3765625 0.5504629629629629 0.027083333333333334 0.04351851851851852
0 0.33932291666666664 0.5148148148148148 0.019270833333333334 0.04814814814814815
0 0.5796875 0.27592592592592596 0.02395833333333333 0.04259259259259259
0 0.6015625 0.23101851851851854 0.02395833333333333 0.04722222222222222
0 0.6328125 0.1398148148148148 0.022916666666666665 0.03888888888888889
0 0.7286458333333333 0.19583333333333333 0.017708333333333333 0.036111111111111115
0 0.7479166666666667 0.18425925925925926 0.017708333333333333 0.05
0 0.7611979166666667 0.22546296296296298 0.018229166666666668 0.04537037037037037
