0 0.19270833333333334 0.040740740740740744 0.021875 0.037037037037037035
0 0.3125 0.1087962962962963 0.016666666666666666 0.036111111111111115
0 0.09609375 0.34953703703703703 0.030729166666666665 0.05277777777777778
0 0.16875 0.48935185185185187 0.020833333333333332 0.03425925925925926
0 0.19322916666666667 0.4625 0.022916666666666665 0.04351851851851852
0 0.1578125 0.6921296296296297 0.020833333333333332 0.05277777777777778
0 0.0890625 0.8689814814814815 0.027083333333333334 0.04722222222222222
0 0.23776041666666667 0.7944444444444445 0.034895833333333334 0.05740740740740741
0 0.2713541666666667 0.8467592592592593 0.034375 0.062037037037037036
0 0.41562499999999997 0.9101851851851852 0.034375 0.04814814814814815
0 0.4453125 0.6620370370370371 0.028125 0.05925925925925926
0 0.39609375 0.7837962962962963 0.0296875 0.05462962962962963
0 0.3729166666666667 0.5532407407407408 0.029166666666666667 0.05648148148148149
0 0.33567708333333335 0.5185185185185185 0.024479166666666666 0.04259259259259259
0 0.5385416666666667 0.21805555555555556 0.017708333333333333 0.04537037037037037
0 0.6161458333333333 0.28101851851851856 0.015625 0.03425925925925926
0 0.7143229166666667 0.22685185185185186 0.024479166666666666 0.040740740740740744
0 0.68125 0.1912037037037037 0.017708333333333333 0.032407407407407406
0 0.6994791666666667 0.18935185185185185 0.028125 0.05648148148148149
0 0.6940104166666666 0.1388888888888889 0.025520833333333333 0.040740740740740744
