0 0.09739583333333333 0.3425925925925926 0.02395833333333333 0.04814814814814815
0 0.19140625 0.037037037037037035 0.0140625 0.02962962962962963
0 0.3125 0.10972222222222222 0.016666666666666666 0.032407407407407406
0 0.16822916666666665 0.4953703703703704 0.02395833333333333 0.040740740740740744
0 0.19427083333333334 0.4587962962962963 0.020833333333333332 0.04351851851851852
0 0.33541666666666664 0.5157407407407407 0.027083333333333334 0.05740740740740741
0 0.3731770833333333 0.5518518518518519 0.025520833333333333 0.04259259259259259
0 0.44479166666666664 0.6643518518518519 0.021875 0.06574074074074074
0 0.4140625 0.9101851851851852 0.028125 0.05185185185185186
0 0.3984375 0.7856481481481482 0.034375 0.06759259259259259
0 0.2682291666666667 0.8439814814814816 0.03229166666666666 0.06574074074074074
0 0.24166666666666667 0.7962962962962963 0.03854166666666667 0.05185185185185186
0 0.15833333333333333 0.6953703703703704 0.03229166666666666 0.05740740740740741
0 0.08984375 0.8703703703703703 0.0265625 0.05740740740740741
0 0.5401041666666666 0.21666666666666667 0.020833333333333332 0.04259259259259259
0 0.6122395833333333 0.28055555555555556 0.015104166666666667 0.037037037037037035
0 0.6825520833333333 0.1925925925925926 0.015104166666666667 0.02962962962962963
0 0.6901041666666666 0.13564814814814816 0.016666666666666666 0.03425925925925926
0 0.7 0.18888888888888888 0.015625 0.040740740740740744
0 0.7182291666666667 0.22777777777777777 0.02395833333333333 0.04259259259259259
