0 0.21953125 0.1423611111111111 0.028125 0.0625
0 0.10390625 0.3548611111111111 0.034375 0.06805555555555556
0 0.22773437500000002 0.3201388888888889 0.032031250000000004 0.06527777777777778
0 0.3921875 0.1798611111111111 0.028125 0.043055555555555555
0 0.125 0.7555555555555555 0.0421875 0.07222222222222223
0 0.2265625 0.7444444444444445 0.043750000000000004 0.07222222222222223
0 0.7054687500000001 0.9152777777777779 0.0390625 0.07222222222222223
0 0.608984375 0.64375 0.04296875 0.06527777777777778
0 0.636328125 0.47847222222222224 0.03671875 0.06527777777777778
0 0.5730468750000001 0.49097222222222225 0.02890625 0.04027777777777778
0 0.64375 0.33125 0.029687500000000002 0.04861111111111111
0 0.63984375 0.25 0.026562500000000003 0.04722222222222222
0 0.6414062500000001 0.14930555555555555 0.026562500000000003 0.051388888888888894
0 0.6265625 0.022222222222222223 0.026562500000000003 0.044444444444444446
