0 0.20390625 0.11111111111111112 0.034375 0.06944444444444445
0 0.10312500000000001 0.3180555555555556 0.0390625 0.06666666666666667
0 0.21992187500000002 0.26666666666666666 0.02734375 0.061111111111111116
0 0.381640625 0.18888888888888888 0.02421875 0.05
0 0.12382812500000001 0.70625 0.041406250000000006 0.08194444444444444
0 0.21601562500000002 0.6916666666666667 0.03671875 0.058333333333333334
0 0.63046875 0.02638888888888889 0.025 0.04722222222222222
0 0.6390625000000001 0.15 0.028125 0.05
0 0.640625 0.25416666666666665 0.026562500000000003 0.04166666666666667
0 0.6472656250000001 0.3340277777777778 0.02734375 0.051388888888888894
0 0.572265625 0.48750000000000004 0.02421875 0.03888888888888889
0 0.634375 0.47500000000000003 0.028125 0.044444444444444446
0 0.611328125 0.6375000000000001 0.03359375 0.06666666666666667
0 0.712109375 0.9159722222222223 0.041406250000000006 0.06805555555555556
