0 0.229296875 0.1736111111111111 0.02890625 0.06666666666666667
0 0.22812500000000002 0.35208333333333336 0.037500000000000006 0.06805555555555556
0 0.109375 0.3902777777777778 0.03125 0.06944444444444445
0 0.13515625 0.7868055555555555 0.0328125 0.06527777777777778
0 0.2328125 0.7847222222222222 0.034375 0.06944444444444445
0 0.39179687500000004 0.18194444444444446 0.02890625 0.058333333333333334
0 0.626171875 0.019444444444444445 0.02421875 0.03888888888888889
0 0.64609375 0.15347222222222223 0.025 0.051388888888888894
0 0.63828125 0.2548611111111111 0.025 0.043055555555555555
0 0.6429687500000001 0.3340277777777778 0.021875000000000002 0.04861111111111111
0 0.573828125 0.48888888888888893 0.022656250000000003 0.04722222222222222
0 0.638671875 0.4791666666666667 0.032031250000000004 0.05277777777777778
0 0.6117187500000001 0.6402777777777778 0.03125 0.06666666666666667
0 0.7078125000000001 0.9111111111111111 0.0390625 0.07222222222222223
