0 0.201953125 0.022222222222222223 0.02421875 0.03888888888888889
0 0.246875 0.018055555555555557 0.026562500000000003 0.03333333333333333
0 0.184375 0.1736111111111111 0.028125 0.05277777777777778
0 0.12070312500000001 0.19236111111111112 0.032031250000000004 0.05694444444444444
0 0.37031250000000004 0.23541666666666666 0.028125 0.04583333333333334
0 0.107421875 0.5631944444444444 0.03515625 0.06527777777777778
0 0.197265625 0.5534722222222223 0.032031250000000004 0.06805555555555556
0 0.7054687500000001 0.9173611111111112 0.040625 0.059722222222222225
0 0.575390625 0.49444444444444446 0.025781250000000002 0.044444444444444446
0 0.634765625 0.48125 0.02890625 0.04583333333333334
0 0.608984375 0.638888888888889 0.03828125 0.04722222222222222
0 0.63984375 0.2604166666666667 0.028125 0.04027777777777778
0 0.6449218750000001 0.33194444444444443 0.025781250000000002 0.03888888888888889
0 0.6355468750000001 0.1527777777777778 0.02421875 0.03888888888888889
0 0.630859375 0.022222222222222223 0.02890625 0.03888888888888889
0 0.464453125 0.018055555555555557 0.02734375 0.03333333333333333
