0 0.0890625 0.27083333333333337 0.029687500000000002 0.0638888888888889
0 0.15195312500000002 0.28611111111111115 0.03828125 0.058333333333333334
0 0.2390625 0.24722222222222223 0.026562500000000003 0.05555555555555556
0 0.39765625000000004 0.29375 0.025 0.04861111111111111
0 0.46484375 0.2951388888888889 0.025 0.05694444444444444
0 0.625 0.02291666666666667 0.021875000000000002 0.04027777777777778
0 0.6359375 0.15694444444444444 0.026562500000000003 0.05
0 0.6351562500000001 0.25416666666666665 0.025 0.04166666666666667
0 0.64375 0.33333333333333337 0.0234375 0.03888888888888889
0 0.5710937500000001 0.4965277777777778 0.025 0.051388888888888894
0 0.63203125 0.47708333333333336 0.0234375 0.04861111111111111
0 0.608984375 0.6458333333333334 0.03359375 0.05
0 0.09921875000000001 0.7076388888888889 0.040625 0.059722222222222225
0 0.7125 0.9145833333333334 0.035937500000000004 0.05694444444444444
