0 0.19765625 0.06666666666666667 0.03125 0.05555555555555556
0 0.1125 0.25069444444444444 0.03125 0.06527777777777778
0 0.20078125000000002 0.23125 0.029687500000000002 0.05694444444444444
0 0.373828125 0.2152777777777778 0.025781250000000002 0.04722222222222222
0 0.11679687500000001 0.6270833333333333 0.03515625 0.059722222222222225
0 0.20468750000000002 0.6284722222222222 0.0328125 0.059722222222222225
0 0.7035156250000001 0.9173611111111112 0.03671875 0.05694444444444444
0 0.60859375 0.6465277777777778 0.035937500000000004 0.051388888888888894
0 0.574609375 0.49583333333333335 0.02890625 0.05
0 0.63671875 0.4791666666666667 0.0328125 0.04722222222222222
0 0.6449218750000001 0.3340277777777778 0.02421875 0.04583333333333334
0 0.63828125 0.25833333333333336 0.0234375 0.04166666666666667
0 0.6375000000000001 0.1513888888888889 0.0234375 0.03888888888888889
0 0.628515625 0.02013888888888889 0.025781250000000002 0.03194444444444445
