0 0.199609375 0.05694444444444444 0.02890625 0.05555555555555556
0 0.11328125 0.23472222222222222 0.029687500000000002 0.0638888888888889
0 0.199609375 0.2215277777777778 0.02890625 0.0625
0 0.37148437500000003 0.22222222222222224 0.02734375 0.05277777777777778
0 0.115234375 0.6111111111111112 0.03828125 0.07777777777777778
0 0.205078125 0.61875 0.039843750000000004 0.07083333333333333
0 0.710546875 0.9166666666666667 0.049218750000000006 0.075
0 0.576171875 0.49444444444444446 0.02890625 0.04722222222222222
0 0.6375000000000001 0.4791666666666667 0.034375 0.05555555555555556
0 0.6078125000000001 0.6375000000000001 0.043750000000000004 0.0638888888888889
0 0.630078125 0.02013888888888889 0.02890625 0.034722222222222224
0 0.6375000000000001 0.15347222222222223 0.028125 0.04861111111111111
0 0.6394531250000001 0.25625000000000003 0.02734375 0.04027777777777778
0 0.6453125000000001 0.33611111111111114 0.025 0.04166666666666667
