0 0.08945312500000001 0.2777777777777778 0.030468750000000003 0.044444444444444446
0 0.150390625 0.28125 0.02890625 0.04861111111111111
0 0.24140625000000002 0.22986111111111113 0.028125 0.04861111111111111
0 0.39570312500000004 0.28541666666666665 0.02890625 0.04861111111111111
0 0.46523437500000003 0.28750000000000003 0.03515625 0.0638888888888889
0 0.1 0.7166666666666667 0.0421875 0.058333333333333334
0 0.710546875 0.9180555555555556 0.039843750000000004 0.0638888888888889
0 0.6097656250000001 0.6493055555555556 0.03828125 0.04861111111111111
0 0.574609375 0.49583333333333335 0.032031250000000004 0.04722222222222222
0 0.6375000000000001 0.4798611111111111 0.035937500000000004 0.051388888888888894
0 0.644140625 0.33611111111111114 0.02890625 0.044444444444444446
0 0.634375 0.2569444444444445 0.025 0.03888888888888889
0 0.630859375 0.15416666666666667 0.022656250000000003 0.03888888888888889
0 0.626953125 0.02291666666666667 0.02890625 0.043055555555555555
