0 0.39453125 0.09375 0.029687500000000002 0.05694444444444444
0 0.31796875 0.4305555555555556 0.034375 0.0638888888888889
0 0.259765625 0.6326388888888889 0.032031250000000004 0.06527777777777778
0 0.15937500000000002 0.6694444444444445 0.037500000000000006 0.06666666666666667
0 0.4390625 0.4138888888888889 0.026562500000000003 0.058333333333333334
0 0.574609375 0.4861111111111111 0.02890625 0.058333333333333334
0 0.638671875 0.4673611111111111 0.02890625 0.04861111111111111
0 0.609375 0.6340277777777779 0.028125 0.04861111111111111
0 0.70703125 0.9090277777777778 0.037500000000000006 0.06527777777777778
0 0.645703125 0.3277777777777778 0.022656250000000003 0.05555555555555556
0 0.648046875 0.24583333333333335 0.02890625 0.044444444444444446
0 0.63671875 0.14583333333333334 0.025 0.03888888888888889
0 0.630078125 0.02291666666666667 0.02890625 0.04027777777777778
