0 0.40078125000000003 0.07986111111111112 0.03125 0.05416666666666667
0 0.154296875 0.7527777777777778 0.049218750000000006 0.08055555555555556
0 0.278125 0.7152777777777778 0.040625 0.07222222222222223
0 0.32851562500000003 0.5055555555555555 0.03671875 0.06944444444444445
0 0.44570312500000003 0.2923611111111111 0.03359375 0.05694444444444444
0 0.63046875 0.014583333333333334 0.03125 0.03194444444444445
0 0.638671875 0.14375000000000002 0.02890625 0.051388888888888894
0 0.646484375 0.2451388888888889 0.032031250000000004 0.059722222222222225
0 0.6488281250000001 0.3236111111111111 0.03671875 0.05277777777777778
0 0.578515625 0.4840277777777778 0.03515625 0.051388888888888894
0 0.6421875 0.4756944444444445 0.03125 0.06805555555555556
0 0.6156250000000001 0.6402777777777778 0.035937500000000004 0.05277777777777778
0 0.712109375 0.9104166666666667 0.047656250000000004 0.06805555555555556
