0 0.378515625 0.14375000000000002 0.02734375 0.05416666666666667
0 0.273046875 0.2972222222222222 0.032031250000000004 0.06944444444444445
0 0.255078125 0.4743055555555556 0.030468750000000003 0.0763888888888889
0 0.11953125 0.5277777777777778 0.0390625 0.07222222222222223
0 0.174609375 0.9291666666666667 0.04296875 0.075
0 0.416015625 0.6958333333333334 0.03515625 0.07777777777777778
0 0.573828125 0.4881944444444445 0.030468750000000003 0.051388888888888894
0 0.640625 0.47708333333333336 0.034375 0.0625
0 0.60859375 0.6381944444444445 0.040625 0.07083333333333333
0 0.7046875 0.9159722222222223 0.040625 0.07916666666666666
0 0.645703125 0.33194444444444443 0.02734375 0.044444444444444446
0 0.640625 0.25069444444444444 0.029687500000000002 0.04861111111111111
0 0.6429687500000001 0.15069444444444444 0.0234375 0.04583333333333334
0 0.628515625 0.018055555555555557 0.030468750000000003 0.03888888888888889
0 0.24453125 0.9597222222222223 0.037500000000000006 0.06666666666666667
