0 0.392578125 0.07361111111111111 0.02734375 0.05555555555555556
0 0.448828125 0.1875 0.030468750000000003 0.0638888888888889
0 0.63046875 0.014583333333333334 0.025 0.03194444444444445
0 0.638671875 0.14722222222222223 0.025781250000000002 0.04722222222222222
0 0.64609375 0.23958333333333334 0.026562500000000003 0.05416666666666667
0 0.65 0.3236111111111111 0.026562500000000003 0.05277777777777778
0 0.5765625 0.48541666666666666 0.026562500000000003 0.05694444444444444
0 0.63671875 0.4673611111111111 0.034375 0.051388888888888894
0 0.6140625000000001 0.6395833333333334 0.0421875 0.06805555555555556
0 0.70859375 0.9097222222222222 0.0421875 0.05555555555555556
0 0.35664062500000004 0.5951388888888889 0.039843750000000004 0.07916666666666666
0 0.28554687500000003 0.8013888888888889 0.03828125 0.075
0 0.170703125 0.8375 0.03671875 0.075
