0 0.15625 0.7854166666666667 0.040625 0.07916666666666666
0 0.278515625 0.7451388888888889 0.03671875 0.0763888888888889
0 0.340625 0.5375 0.034375 0.07777777777777778
0 0.44375000000000003 0.25625000000000003 0.025 0.05416666666666667
0 0.40078125000000003 0.07847222222222222 0.029687500000000002 0.04583333333333334
0 0.634765625 0.015972222222222224 0.025781250000000002 0.029166666666666667
0 0.640234375 0.14652777777777778 0.02734375 0.04861111111111111
0 0.6507812500000001 0.24375000000000002 0.029687500000000002 0.05416666666666667
0 0.648046875 0.32569444444444445 0.025781250000000002 0.04027777777777778
0 0.57578125 0.48194444444444445 0.029687500000000002 0.04722222222222222
0 0.6410156250000001 0.46875 0.030468750000000003 0.04583333333333334
0 0.6117187500000001 0.6375000000000001 0.0390625 0.05555555555555556
0 0.7113281250000001 0.9069444444444444 0.039843750000000004 0.0638888888888889
