0 0.15859375 0.7986111111111112 0.0421875 0.07222222222222223
0 0.284375 0.7541666666666667 0.045312500000000006 0.06944444444444445
0 0.34218750000000003 0.5527777777777778 0.034375 0.0638888888888889
0 0.40078125000000003 0.07569444444444445 0.0234375 0.04861111111111111
0 0.44609375 0.23402777777777778 0.03125 0.06527777777777778
0 0.630859375 0.015277777777777779 0.025781250000000002 0.030555555555555558
0 0.6390625000000001 0.14722222222222223 0.026562500000000003 0.044444444444444446
0 0.6472656250000001 0.24305555555555555 0.03359375 0.05277777777777778
0 0.648046875 0.32222222222222224 0.02734375 0.05277777777777778
0 0.574609375 0.48194444444444445 0.025781250000000002 0.044444444444444446
0 0.6394531250000001 0.4729166666666667 0.03359375 0.05416666666666667
0 0.6121093750000001 0.6402777777777778 0.03515625 0.0638888888888889
0 0.7093750000000001 0.90625 0.040625 0.0625
