0 0.401171875 0.08125 0.02890625 0.051388888888888894
0 0.444140625 0.30972222222222223 0.032031250000000004 0.0638888888888889
0 0.32890625 0.5055555555555555 0.034375 0.07777777777777778
0 0.15585937500000002 0.7472222222222222 0.03828125 0.07222222222222223
0 0.276171875 0.70625 0.03828125 0.06527777777777778
0 0.6292968750000001 0.015972222222222224 0.032031250000000004 0.029166666666666667
0 0.637890625 0.14375000000000002 0.02734375 0.05416666666666667
0 0.6484375 0.23472222222222222 0.026562500000000003 0.03333333333333333
0 0.646484375 0.32430555555555557 0.02734375 0.04027777777777778
0 0.574609375 0.48055555555555557 0.02734375 0.04166666666666667
0 0.640625 0.46944444444444444 0.029687500000000002 0.05277777777777778
0 0.610546875 0.6305555555555555 0.03671875 0.0638888888888889
0 0.7074218750000001 0.9041666666666667 0.04296875 0.07222222222222223
