0 0.171875 0.8375 0.045312500000000006 0.09444444444444444
0 0.283203125 0.7916666666666667 0.03671875 0.08333333333333334
0 0.355078125 0.5888888888888889 0.04296875 0.075
0 0.39765625000000004 0.07916666666666666 0.026562500000000003 0.05277777777777778
0 0.44843750000000004 0.19722222222222224 0.034375 0.05555555555555556
0 0.63203125 0.015972222222222224 0.029687500000000002 0.03194444444444445
0 0.6390625000000001 0.15208333333333335 0.03125 0.059722222222222225
0 0.6468750000000001 0.24097222222222223 0.025 0.05694444444444444
0 0.65234375 0.32916666666666666 0.026562500000000003 0.04722222222222222
0 0.57578125 0.48194444444444445 0.029687500000000002 0.04722222222222222
0 0.6390625000000001 0.4673611111111111 0.026562500000000003 0.04583333333333334
0 0.6109375 0.6381944444444445 0.035937500000000004 0.05416666666666667
0 0.7097656250000001 0.9111111111111111 0.039843750000000004 0.05555555555555556
