0 0.44960937500000003 0.3284722222222222 0.02734375 0.0625
0 0.659375 0.45 0.034375 0.058333333333333334
0 0.559765625 0.4131944444444445 0.03515625 0.06527777777777778
0 0.24296875 0.7312500000000001 0.046875 0.1125
0 0.35078125000000004 0.2951388888888889 0.026562500000000003 0.05416666666666667
0 0.642578125 0.10277777777777779 0.022656250000000003 0.04166666666666667
0 0.646484375 0.2 0.025781250000000002 0.04166666666666667
0 0.6546875000000001 0.2833333333333333 0.0234375 0.03888888888888889
0 0.6125 0.5916666666666667 0.029687500000000002 0.0638888888888889
0 0.7054687500000001 0.8555555555555556 0.026562500000000003 0.05
0 0.4296875 0.9569444444444445 0.0390625 0.06666666666666667
