0 0.43789062500000003 0.22291666666666668 0.025781250000000002 0.0625
0 0.4296875 0.7180555555555556 0.037500000000000006 0.075
0 0.559765625 0.4138888888888889 0.032031250000000004 0.0638888888888889
0 0.354296875 0.20069444444444445 0.025781250000000002 0.059722222222222225
0 0.66015625 0.4569444444444445 0.035937500000000004 0.0638888888888889
0 0.1796875 0.0625 0.034375 0.058333333333333334
0 0.26601562500000003 0.8569444444444445 0.03515625 0.075
0 0.6429687500000001 0.10416666666666667 0.026562500000000003 0.03333333333333333
0 0.6472656250000001 0.2076388888888889 0.032031250000000004 0.04861111111111111
0 0.6550781250000001 0.2881944444444445 0.030468750000000003 0.04583333333333334
0 0.6171875 0.5923611111111111 0.026562500000000003 0.034722222222222224
0 0.7093750000000001 0.8666666666666667 0.040625 0.05555555555555556
