0 0.437109375 0.23958333333333334 0.025781250000000002 0.0625
0 0.43046875 0.7569444444444444 0.0390625 0.08611111111111111
0 0.6566406250000001 0.45416666666666666 0.03671875 0.061111111111111116
0 0.5593750000000001 0.41597222222222224 0.0328125 0.06527777777777778
0 0.35664062500000004 0.2125 0.025781250000000002 0.058333333333333334
0 0.26171875 0.8479166666666667 0.0421875 0.09305555555555556
0 0.644140625 0.20555555555555557 0.02421875 0.05277777777777778
0 0.63828125 0.09930555555555556 0.021875000000000002 0.034722222222222224
0 0.6515625 0.28958333333333336 0.021875000000000002 0.04861111111111111
0 0.171875 0.043055555555555555 0.028125 0.05555555555555556
0 0.62109375 0.6041666666666667 0.0328125 0.058333333333333334
0 0.7117187500000001 0.8645833333333334 0.035937500000000004 0.04861111111111111
