0 0.44257812500000004 0.2826388888888889 0.02734375 0.059722222222222225
0 0.6585937500000001 0.4479166666666667 0.035937500000000004 0.059722222222222225
0 0.43281250000000004 0.8569444444444445 0.040625 0.09166666666666667
0 0.252734375 0.7986111111111112 0.04609375 0.125
0 0.5593750000000001 0.41250000000000003 0.0328125 0.0638888888888889
0 0.359375 0.2423611111111111 0.026562500000000003 0.05416666666666667
0 0.644140625 0.10347222222222223 0.030468750000000003 0.05694444444444444
0 0.6449218750000001 0.20555555555555557 0.025781250000000002 0.04166666666666667
0 0.66015625 0.2923611111111111 0.034375 0.05416666666666667
0 0.6171875 0.5930555555555556 0.034375 0.05277777777777778
0 0.7109375 0.8625 0.03125 0.07777777777777778
