0 0.444921875 0.12083333333333333 0.02421875 0.061111111111111116
0 0.41640625000000003 0.49097222222222225 0.0328125 0.07361111111111111
0 0.34453125 0.10277777777777779 0.0234375 0.05277777777777778
0 0.5609375 0.4152777777777778 0.034375 0.061111111111111116
0 0.671875 0.4652777777777778 0.040625 0.07222222222222223
0 0.17265625 0.18680555555555556 0.028125 0.05694444444444444
0 0.6371093750000001 0.09930555555555556 0.022656250000000003 0.04027777777777778
0 0.6515625 0.19930555555555557 0.03125 0.04027777777777778
0 0.654296875 0.2881944444444445 0.02734375 0.05416666666666667
0 0.6179687500000001 0.5923611111111111 0.029687500000000002 0.04583333333333334
0 0.708203125 0.8625 0.025781250000000002 0.05277777777777778
