0 0.4078125 0.4152777777777778 0.034375 0.06944444444444445
0 0.436328125 0.08750000000000001 0.02421875 0.058333333333333334
0 0.35000000000000003 0.06458333333333334 0.0234375 0.051388888888888894
0 0.56171875 0.4152777777777778 0.03125 0.061111111111111116
0 0.189453125 0.24444444444444446 0.039843750000000004 0.058333333333333334
0 0.64453125 0.10555555555555556 0.03125 0.05277777777777778
0 0.649609375 0.20625000000000002 0.030468750000000003 0.043055555555555555
0 0.6515625 0.28055555555555556 0.0234375 0.03888888888888889
0 0.6746093750000001 0.45972222222222225 0.02421875 0.04166666666666667
0 0.619140625 0.6 0.025781250000000002 0.05277777777777778
0 0.710546875 0.8638888888888889 0.03515625 0.06666666666666667
