0 0.443359375 0.43819444444444444 0.025781250000000002 0.05694444444444444
0 0.35859375000000004 0.39513888888888893 0.028125 0.05694444444444444
0 0.2625 0.5631944444444444 0.034375 0.09027777777777778
0 0.5574218750000001 0.41944444444444445 0.03828125 0.07222222222222223
0 0.6648437500000001 0.4625 0.037500000000000006 0.06666666666666667
0 0.6394531250000001 0.10277777777777779 0.02734375 0.04722222222222222
0 0.6453125000000001 0.20555555555555557 0.029687500000000002 0.04722222222222222
0 0.651953125 0.28611111111111115 0.02734375 0.04166666666666667
0 0.61875 0.5958333333333333 0.029687500000000002 0.058333333333333334
0 0.7035156250000001 0.8590277777777778 0.025781250000000002 0.05416666666666667
