0 0.433203125 0.05763888888888889 0.022656250000000003 0.0625
0 0.39492187500000003 0.3597222222222222 0.03359375 0.06944444444444445
0 0.56015625 0.4166666666666667 0.0328125 0.06944444444444445
0 0.67734375 0.46875 0.040625 0.0763888888888889
0 0.467578125 0.9756944444444445 0.03515625 0.04861111111111111
0 0.353125 0.034722222222222224 0.025 0.05555555555555556
0 0.6453125000000001 0.1076388888888889 0.028125 0.05694444444444444
0 0.65 0.21597222222222223 0.0328125 0.06527777777777778
0 0.6550781250000001 0.2902777777777778 0.02421875 0.04166666666666667
0 0.19453125000000002 0.28611111111111115 0.029687500000000002 0.05
0 0.63203125 0.6152777777777778 0.0328125 0.058333333333333334
0 0.712890625 0.8631944444444445 0.030468750000000003 0.0625
