0 0.255078125 0.45625000000000004 0.03515625 0.08194444444444444
0 0.4609375 0.5270833333333333 0.028125 0.059722222222222225
0 0.36171875000000003 0.48125 0.0328125 0.05694444444444444
0 0.665625 0.45833333333333337 0.035937500000000004 0.0638888888888889
0 0.6546875000000001 0.2916666666666667 0.026562500000000003 0.05555555555555556
0 0.5578125 0.41944444444444445 0.035937500000000004 0.06666666666666667
0 0.642578125 0.10347222222222223 0.025781250000000002 0.04027777777777778
0 0.6468750000000001 0.20694444444444446 0.029687500000000002 0.058333333333333334
0 0.6160156250000001 0.5979166666666667 0.030468750000000003 0.07916666666666666
0 0.7117187500000001 0.8659722222222223 0.0328125 0.06527777777777778
