0 0.43828125 0.25833333333333336 0.025 0.061111111111111116
0 0.432421875 0.7965277777777778 0.041406250000000006 0.08194444444444444
0 0.35781250000000003 0.2215277777777778 0.025 0.05416666666666667
0 0.559765625 0.41458333333333336 0.032031250000000004 0.06527777777777778
0 0.65625 0.45208333333333334 0.035937500000000004 0.059722222222222225
0 0.6531250000000001 0.28541666666666665 0.029687500000000002 0.04861111111111111
0 0.6492187500000001 0.21180555555555555 0.03125 0.04027777777777778
0 0.640625 0.11041666666666668 0.029687500000000002 0.043055555555555555
0 0.7136718750000001 0.8673611111111111 0.03671875 0.0625
0 0.6179687500000001 0.6 0.037500000000000006 0.06666666666666667
0 0.26210937500000003 0.8208333333333334 0.03671875 0.05277777777777778
0 0.16718750000000002 0.03402777777777778 0.028125 0.04027777777777778
