0 0.375 0.24027777777777778 0.03125 0.06666666666666667
0 0.16640625 0.0763888888888889 0.029687500000000002 0.058333333333333334
0 0.558984375 0.4152777777777778 0.03828125 0.06944444444444445
0 0.10039062500000001 0.029166666666666667 0.02421875 0.04722222222222222
0 0.19882812500000002 0.3909722222222222 0.02734375 0.04583333333333334
0 0.638671875 0.10208333333333333 0.022656250000000003 0.04583333333333334
0 0.64375 0.20416666666666666 0.026562500000000003 0.04166666666666667
0 0.654296875 0.2923611111111111 0.025781250000000002 0.05416666666666667
0 0.67109375 0.4638888888888889 0.029687500000000002 0.05
0 0.6277343750000001 0.607638888888889 0.022656250000000003 0.043055555555555555
0 0.4890625 0.8520833333333334 0.026562500000000003 0.043055555555555555
0 0.7117187500000001 0.8583333333333334 0.037500000000000006 0.06666666666666667
