0 0.44296875 0.42638888888888893 0.025 0.05555555555555556
0 0.35585937500000003 0.3861111111111111 0.02890625 0.05555555555555556
0 0.5578125 0.4138888888888889 0.035937500000000004 0.0638888888888889
0 0.2609375 0.5854166666666667 0.035937500000000004 0.10138888888888889
0 0.6429687500000001 0.10694444444444445 0.03125 0.05277777777777778
0 0.6453125000000001 0.20555555555555557 0.028125 0.04722222222222222
0 0.6550781250000001 0.2972222222222222 0.02421875 0.05277777777777778
0 0.6648437500000001 0.4569444444444445 0.029687500000000002 0.05
0 0.6214843750000001 0.6027777777777777 0.030468750000000003 0.05555555555555556
0 0.7097656250000001 0.8645833333333334 0.025781250000000002 0.05694444444444444
