0 0.46484375 0.49444444444444446 0.028125 0.061111111111111116
0 0.190234375 0.3423611111111111 0.03515625 0.06805555555555556
0 0.18984375 0.7555555555555555 0.0421875 0.08888888888888889
0 0.107421875 0.3104166666666667 0.03515625 0.06527777777777778
0 0.7156250000000001 0.8680555555555556 0.040625 0.05
0 0.593359375 0.4777777777777778 0.025781250000000002 0.05277777777777778
0 0.56796875 0.41805555555555557 0.028125 0.05
0 0.655859375 0.45208333333333334 0.025781250000000002 0.0375
0 0.669921875 0.29097222222222224 0.02421875 0.043055555555555555
0 0.6410156250000001 0.21458333333333335 0.022656250000000003 0.04027777777777778
0 0.644140625 0.0951388888888889 0.01953125 0.04027777777777778
