0 0.45351562500000003 0.4451388888888889 0.02734375 0.05416666666666667
0 0.65625 0.45625000000000004 0.035937500000000004 0.06527777777777778
0 0.18867187500000002 0.3902777777777778 0.032031250000000004 0.058333333333333334
0 0.107421875 0.35833333333333334 0.02734375 0.05555555555555556
0 0.19140625 0.8173611111111111 0.028125 0.05416666666666667
0 0.71015625 0.8715277777777778 0.03125 0.0625
0 0.58984375 0.46319444444444446 0.028125 0.04583333333333334
0 0.5671875000000001 0.40625 0.0234375 0.04027777777777778
0 0.6707031250000001 0.28541666666666665 0.02421875 0.043055555555555555
0 0.64609375 0.21180555555555555 0.0234375 0.0375
0 0.6429687500000001 0.09652777777777778 0.026562500000000003 0.04583333333333334
