0 0.361328125 0.17500000000000002 0.030468750000000003 0.07222222222222223
0 0.17343750000000002 0.12013888888888889 0.0328125 0.06527777777777778
0 0.498828125 0.7826388888888889 0.032031250000000004 0.08194444444444444
0 0.096875 0.0638888888888889 0.029687500000000002 0.058333333333333334
0 0.19609375 0.4388888888888889 0.028125 0.05555555555555556
0 0.6414062500000001 0.10972222222222222 0.035937500000000004 0.058333333333333334
0 0.64609375 0.2 0.021875000000000002 0.04166666666666667
0 0.6527343750000001 0.28958333333333336 0.02421875 0.0375
0 0.56171875 0.41458333333333336 0.0171875 0.04027777777777778
0 0.6625000000000001 0.45972222222222225 0.026562500000000003 0.05
0 0.6238281250000001 0.6027777777777777 0.022656250000000003 0.04722222222222222
0 0.7136718750000001 0.8583333333333334 0.02421875 0.05555555555555556
