0 0.45 0.43125 0.026562500000000003 0.05694444444444444
0 0.5671875000000001 0.40555555555555556 0.034375 0.061111111111111116
0 0.105859375 0.3826388888888889 0.030468750000000003 0.0625
0 0.182421875 0.40972222222222227 0.025781250000000002 0.04722222222222222
0 0.19062500000000002 0.8416666666666667 0.03125 0.05555555555555556
0 0.7125 0.8625 0.03125 0.03888888888888889
0 0.587109375 0.4569444444444445 0.02109375 0.04722222222222222
0 0.659375 0.44236111111111115 0.0234375 0.04027777777777778
0 0.67109375 0.2833333333333333 0.026562500000000003 0.04166666666666667
0 0.6472656250000001 0.21458333333333335 0.02734375 0.04583333333333334
0 0.642578125 0.10208333333333333 0.030468750000000003 0.05694444444444444
