0 0.1453125 0.09930555555555556 0.018750000000000003 0.04583333333333334
0 0.39140625 0.06805555555555556 0.018750000000000003 0.05
0 0.39453125 0.17500000000000002 0.0234375 0.058333333333333334
0 0.386328125 0.31875000000000003 0.025781250000000002 0.06527777777777778
0 0.40078125000000003 0.03333333333333333 0.0203125 0.044444444444444446
0 0.113671875 0.16597222222222222 0.017968750000000002 0.034722222222222224
0 0.052734375 0.30972222222222223 0.02890625 0.0638888888888889
0 0.3671875 0.5472222222222223 0.028125 0.05555555555555556
0 0.34687500000000004 0.7854166666666667 0.03125 0.05694444444444444
0 0.2734375 0.9680555555555556 0.026562500000000003 0.03888888888888889
0 0.3640625 0.61875 0.029687500000000002 0.04583333333333334
0 0.008984375000000001 0.16736111111111113 0.01640625 0.05416666666666667
