0 0.164453125 0.10277777777777779 0.022656250000000003 0.05
0 0.08984375 0.32222222222222224 0.025 0.05555555555555556
0 0.216796875 0.19583333333333333 0.02421875 0.061111111111111116
0 0.396484375 0.18194444444444446 0.02109375 0.05
0 0.39960937500000004 0.03333333333333333 0.01953125 0.04166666666666667
0 0.013281250000000001 0.37083333333333335 0.026562500000000003 0.0638888888888889
0 0.38710937500000003 0.31875000000000003 0.025781250000000002 0.05694444444444444
0 0.39140625 0.06736111111111111 0.0203125 0.04861111111111111
0 0.08750000000000001 0.6875 0.034375 0.07222222222222223
0 0.366796875 0.5486111111111112 0.02734375 0.05555555555555556
0 0.168359375 0.59375 0.032031250000000004 0.0625
0 0.11171875 0.10138888888888889 0.0171875 0.044444444444444446
0 0.27187500000000003 0.9597222222222223 0.025 0.036111111111111115
0 0.37031250000000004 0.6138888888888889 0.025 0.05555555555555556
0 0.345703125 0.7833333333333333 0.02734375 0.061111111111111116
