0 0.15234375 0.08472222222222223 0.0203125 0.044444444444444446
0 0.38710937500000003 0.31875000000000003 0.025781250000000002 0.0625
0 0.393359375 0.17847222222222223 0.022656250000000003 0.05416666666666667
0 0.3921875 0.06319444444444444 0.0203125 0.04583333333333334
0 0.05390625 0.2777777777777778 0.026562500000000003 0.058333333333333334
0 0.401171875 0.03125 0.02109375 0.04027777777777778
0 0.366015625 0.6159722222222223 0.02890625 0.05416666666666667
0 0.36796875 0.5493055555555556 0.029687500000000002 0.05694444444444444
0 0.10859375 0.1451388888888889 0.018750000000000003 0.034722222222222224
0 0.346484375 0.788888888888889 0.032031250000000004 0.0638888888888889
0 0.27421875 0.9708333333333333 0.03125 0.04166666666666667
0 0.009765625 0.16527777777777777 0.01640625 0.04166666666666667
