0 0.12890625 0.22569444444444445 0.0234375 0.051388888888888894
0 0.14296875 0.1375 0.018750000000000003 0.04722222222222222
0 0.386328125 0.3201388888888889 0.02421875 0.05694444444444444
0 0.39375000000000004 0.17500000000000002 0.0234375 0.061111111111111116
0 0.046484375 0.3826388888888889 0.02734375 0.05694444444444444
0 0.39140625 0.06875 0.0203125 0.04861111111111111
0 0.3671875 0.5479166666666667 0.028125 0.05694444444444444
0 0.39960937500000004 0.029166666666666667 0.01953125 0.03888888888888889
0 0.34765625 0.7861111111111111 0.0328125 0.061111111111111116
0 0.02734375 0.21944444444444444 0.0203125 0.05
0 0.272265625 0.9666666666666667 0.03359375 0.036111111111111115
0 0.366015625 0.6152777777777778 0.02734375 0.04722222222222222
