0 0.1640625 0.09097222222222223 0.0203125 0.04583333333333334
0 0.09453125000000001 0.30972222222222223 0.0234375 0.05
0 0.22031250000000002 0.18194444444444446 0.0234375 0.061111111111111116
0 0.386328125 0.3215277777777778 0.025781250000000002 0.059722222222222225
0 0.39609375 0.18194444444444446 0.021875000000000002 0.05
0 0.39960937500000004 0.03263888888888889 0.01953125 0.04027777777777778
0 0.0125 0.3736111111111111 0.021875000000000002 0.0638888888888889
0 0.11484375000000001 0.08402777777777778 0.0171875 0.04861111111111111
0 0.3671875 0.5513888888888889 0.028125 0.061111111111111116
0 0.39140625 0.06875 0.0203125 0.04861111111111111
0 0.16796875 0.6208333333333333 0.029687500000000002 0.0638888888888889
0 0.09296875 0.6513888888888889 0.0328125 0.06666666666666667
0 0.37109375 0.6243055555555556 0.026562500000000003 0.043055555555555555
0 0.34492187500000004 0.7868055555555555 0.02421875 0.059722222222222225
0 0.269140625 0.9659722222222222 0.032031250000000004 0.051388888888888894
