0 0.13007812500000002 0.23333333333333334 0.02421875 0.05277777777777778
0 0.142578125 0.14097222222222222 0.01953125 0.04861111111111111
0 0.047265625000000006 0.3923611111111111 0.02734375 0.06805555555555556
0 0.38671875 0.32083333333333336 0.0234375 0.05555555555555556
0 0.39453125 0.17500000000000002 0.0234375 0.058333333333333334
0 0.39140625 0.06944444444444445 0.0203125 0.05
0 0.39960937500000004 0.030555555555555558 0.01953125 0.03888888888888889
0 0.34687500000000004 0.7861111111111111 0.0328125 0.061111111111111116
0 0.3671875 0.5465277777777778 0.028125 0.05694444444444444
0 0.028125 0.2125 0.029687500000000002 0.0638888888888889
0 0.275390625 0.9708333333333333 0.032031250000000004 0.03888888888888889
0 0.36796875 0.6131944444444445 0.028125 0.043055555555555555
