0 0.133203125 0.38333333333333336 0.02421875 0.06666666666666667
0 0.125 0.2013888888888889 0.018750000000000003 0.044444444444444446
0 0.03515625 0.3041666666666667 0.029687500000000002 0.058333333333333334
0 0.244140625 0.018055555555555557 0.01953125 0.036111111111111115
0 0.386328125 0.31875000000000003 0.025781250000000002 0.0625
0 0.4 0.03263888888888889 0.0203125 0.04027777777777778
0 0.39492187500000003 0.18125 0.02421875 0.051388888888888894
0 0.39179687500000004 0.06875 0.02109375 0.04583333333333334
0 0.36640625000000004 0.55 0.028125 0.061111111111111116
0 0.125 0.8951388888888889 0.034375 0.07083333333333333
0 0.028125 0.5270833333333333 0.03125 0.0763888888888889
0 0.346484375 0.7854166666666667 0.030468750000000003 0.05694444444444444
0 0.184375 0.011111111111111112 0.0140625 0.022222222222222223
0 0.270703125 0.9652777777777778 0.022656250000000003 0.02777777777777778
0 0.37031250000000004 0.6263888888888889 0.026562500000000003 0.044444444444444446
0 0.1453125 0.011805555555555555 0.018750000000000003 0.02361111111111111
