0 0.09296875 0.31666666666666665 0.025 0.058333333333333334
0 0.11289062500000001 0.08819444444444445 0.017968750000000002 0.043055555555555555
0 0.164453125 0.0951388888888889 0.022656250000000003 0.04861111111111111
0 0.219140625 0.18680555555555556 0.02421875 0.0625
0 0.38710937500000003 0.31666666666666665 0.025781250000000002 0.058333333333333334
0 0.39960937500000004 0.03333333333333333 0.01953125 0.04166666666666667
0 0.39570312500000004 0.18194444444444446 0.02109375 0.05
0 0.012890625000000001 0.37083333333333335 0.022656250000000003 0.058333333333333334
0 0.36640625000000004 0.55 0.028125 0.058333333333333334
0 0.16953125000000002 0.6125 0.029687500000000002 0.061111111111111116
0 0.091796875 0.6673611111111112 0.032031250000000004 0.07361111111111111
0 0.39179687500000004 0.06875 0.02109375 0.04861111111111111
0 0.345703125 0.7881944444444444 0.032031250000000004 0.059722222222222225
0 0.2671875 0.9638888888888889 0.03125 0.04722222222222222
0 0.369140625 0.6111111111111112 0.02421875 0.03888888888888889
