0 0.131640625 0.2513888888888889 0.02421875 0.05555555555555556
0 0.38671875 0.32083333333333336 0.0234375 0.058333333333333334
0 0.144140625 0.14722222222222223 0.01953125 0.05
0 0.39492187500000003 0.17569444444444446 0.022656250000000003 0.05694444444444444
0 0.347265625 0.7847222222222222 0.032031250000000004 0.058333333333333334
0 0.3921875 0.06805555555555556 0.0203125 0.05
0 0.046484375 0.40208333333333335 0.025781250000000002 0.059722222222222225
0 0.3671875 0.6125 0.028125 0.061111111111111116
0 0.39960937500000004 0.030555555555555558 0.01953125 0.03888888888888889
0 0.36835937500000004 0.5520833333333334 0.02890625 0.0625
0 0.026953125 0.22777777777777777 0.02421875 0.05555555555555556
0 0.273046875 0.9708333333333333 0.03359375 0.044444444444444446
