0 0.16484375 0.10972222222222222 0.0203125 0.04722222222222222
0 0.0890625 0.3277777777777778 0.0234375 0.05277777777777778
0 0.013281250000000001 0.36875 0.026562500000000003 0.0625
0 0.213671875 0.20486111111111113 0.025781250000000002 0.059722222222222225
0 0.106640625 0.10277777777777779 0.01640625 0.044444444444444446
0 0.08554687500000001 0.7118055555555556 0.032031250000000004 0.0763888888888889
0 0.396484375 0.18194444444444446 0.02421875 0.05
0 0.4 0.03263888888888889 0.0203125 0.04027777777777778
0 0.38593750000000004 0.3201388888888889 0.025 0.06805555555555556
0 0.39140625 0.06736111111111111 0.0203125 0.04861111111111111
0 0.36640625000000004 0.5493055555555556 0.028125 0.05694444444444444
0 0.16875 0.5750000000000001 0.028125 0.05555555555555556
0 0.27265625 0.9666666666666667 0.029687500000000002 0.044444444444444446
0 0.371875 0.6159722222222223 0.025 0.04861111111111111
0 0.345703125 0.7958333333333334 0.022656250000000003 0.03888888888888889
