0 0.162890625 0.13055555555555556 0.022656250000000003 0.05
0 0.08828125 0.3576388888888889 0.025 0.051388888888888894
0 0.17890625000000002 0.5270833333333333 0.029687500000000002 0.059722222222222225
0 0.386328125 0.31875000000000003 0.025781250000000002 0.059722222222222225
0 0.19843750000000002 0.2548611111111111 0.026562500000000003 0.0625
0 0.39570312500000004 0.18055555555555555 0.022656250000000003 0.05
0 0.06992187500000001 0.7958333333333334 0.03671875 0.08611111111111111
0 0.0125 0.3680555555555556 0.025 0.061111111111111116
0 0.1015625 0.12430555555555556 0.018750000000000003 0.04583333333333334
0 0.36640625000000004 0.5493055555555556 0.028125 0.05694444444444444
0 0.3921875 0.0638888888888889 0.0203125 0.04722222222222222
0 0.39960937500000004 0.03194444444444445 0.01953125 0.04166666666666667
0 0.27382812500000003 0.9618055555555556 0.032031250000000004 0.051388888888888894
0 0.36875 0.6166666666666667 0.018750000000000003 0.03333333333333333
0 0.34296875000000004 0.7909722222222223 0.025 0.04027777777777778
