0 0.15078125 0.2534722222222222 0.025 0.05416666666666667
0 0.15546875000000002 0.48125 0.028125 0.06527777777777778
0 0.07890625000000001 0.24791666666666667 0.0234375 0.051388888888888894
0 0.38593750000000004 0.31875000000000003 0.026562500000000003 0.06805555555555556
0 0.21992187500000002 0.35208333333333336 0.025781250000000002 0.051388888888888894
0 0.39453125 0.18055555555555555 0.0234375 0.05277777777777778
0 0.053125000000000006 0.525 0.03125 0.07222222222222223
0 0.39960937500000004 0.029861111111111113 0.01953125 0.0375
0 0.346484375 0.7916666666666667 0.03359375 0.0638888888888889
0 0.36562500000000003 0.5534722222222223 0.028125 0.0625
0 0.3921875 0.07083333333333333 0.0203125 0.05
0 0.2734375 0.9680555555555556 0.034375 0.04722222222222222
0 0.36562500000000003 0.6111111111111112 0.025 0.03333333333333333
