0 0.16015625 0.17430555555555557 0.0234375 0.05416666666666667
0 0.17304687500000002 0.31736111111111115 0.02734375 0.06805555555555556
0 0.087890625 0.4083333333333333 0.02734375 0.06666666666666667
0 0.39570312500000004 0.18055555555555555 0.022656250000000003 0.05
0 0.36562500000000003 0.5506944444444445 0.028125 0.05694444444444444
0 0.38593750000000004 0.32222222222222224 0.026562500000000003 0.075
0 0.39960937500000004 0.03263888888888889 0.01953125 0.04027777777777778
0 0.3921875 0.06736111111111111 0.0203125 0.04583333333333334
0 0.1 0.16805555555555557 0.018750000000000003 0.04722222222222222
0 0.20429687500000002 0.46111111111111114 0.02890625 0.05555555555555556
0 0.27265625 0.9694444444444444 0.029687500000000002 0.036111111111111115
0 0.36796875 0.6201388888888889 0.021875000000000002 0.043055555555555555
0 0.34453125 0.7819444444444444 0.018750000000000003 0.03888888888888889
0 0.06171875 0.9354166666666667 0.040625 0.07361111111111111
