0 0.38515625000000003 0.3194444444444445 0.0234375 0.058333333333333334
0 0.075390625 0.3423611111111111 0.02734375 0.05416666666666667
0 0.242578125 0.24791666666666667 0.02109375 0.04861111111111111
0 0.394140625 0.18194444444444446 0.02109375 0.05555555555555556
0 0.140234375 0.36041666666666666 0.02734375 0.0625
0 0.362109375 0.6131944444444445 0.02734375 0.0625
0 0.3640625 0.5527777777777778 0.028125 0.0638888888888889
0 0.34609375000000003 0.7847222222222222 0.03125 0.05555555555555556
0 0.010546875 0.6625 0.02109375 0.07222222222222223
0 0.2390625 0.6340277777777779 0.037500000000000006 0.0625
0 0.272265625 0.9645833333333333 0.02890625 0.04861111111111111
0 0.3984375 0.019444444444444445 0.015625 0.025
0 0.39296875000000003 0.04791666666666667 0.0203125 0.029166666666666667
