0 0.153125 0.22430555555555556 0.0234375 0.051388888888888894
0 0.160546875 0.4201388888888889 0.02734375 0.07083333333333333
0 0.060937500000000006 0.4756944444444445 0.029687500000000002 0.0625
0 0.08828125 0.22361111111111112 0.021875000000000002 0.05277777777777778
0 0.39570312500000004 0.1798611111111111 0.022656250000000003 0.051388888888888894
0 0.21406250000000002 0.3888888888888889 0.025 0.05
0 0.384765625 0.32083333333333336 0.025781250000000002 0.06944444444444445
0 0.3921875 0.06597222222222222 0.0203125 0.04583333333333334
0 0.39960937500000004 0.030555555555555558 0.01953125 0.03888888888888889
0 0.365234375 0.5506944444444445 0.02734375 0.05694444444444444
0 0.366796875 0.6173611111111111 0.02890625 0.059722222222222225
0 0.26992187500000003 0.9645833333333333 0.032031250000000004 0.04027777777777778
0 0.34218750000000003 0.7840277777777778 0.025 0.043055555555555555
