0 0.1609375 0.4 0.010416666666666666 0.020370370370370372
0 0.40130208333333334 0.4324074074074074 0.011979166666666666 0.024074074074074074
0 0.42083333333333334 0.44027777777777777 0.010416666666666666 0.025
0 0.428125 0.42824074074074076 0.010416666666666666 0.021296296296296296
0 0.44921875 0.42824074074074076 0.009895833333333333 0.02314814814814815
0 0.48776041666666664 0.4050925925925926 0.0109375 0.02314814814814815
0 0.52734375 0.41064814814814815 0.005729166666666666 0.015740740740740743
0 0.5338541666666666 0.40370370370370373 0.008333333333333333 0.024074074074074074
0 0.54921875 0.39537037037037037 0.009895833333333333 0.020370370370370372
0 0.6385416666666667 0.4939814814814815 0.014583333333333334 0.026851851851851852
0 0.6598958333333333 0.41203703703703703 0.011458333333333333 0.014814814814814815
0 0.6739583333333333 0.41250000000000003 0.010416666666666666 0.026851851851851852
0 0.3890625 0.5537037037037037 0.014583333333333334 0.031481481481481485
0 0.5299479166666666 0.7837962962962963 0.019270833333333334 0.04351851851851852
0 0.6247395833333333 0.8657407407407408 0.024479166666666666 0.05
0 0.44114583333333335 0.9212962962962963 0.029166666666666667 0.05740740740740741
