0 0.17421875 0.41481481481481486 0.009895833333333333 0.018518518518518517
0 0.3260416666666667 0.5481481481481482 0.0125 0.022222222222222223
0 0.396875 0.4291666666666667 0.007291666666666667 0.019444444444444445
0 0.4278645833333333 0.4361111111111111 0.0067708333333333336 0.016666666666666666
0 0.4263020833333333 0.4291666666666667 0.008854166666666666 0.015740740740740743
0 0.4515625 0.42685185185185187 0.010416666666666666 0.022222222222222223
0 0.48984374999999997 0.40555555555555556 0.0078125 0.018518518518518517
0 0.5221354166666666 0.4083333333333333 0.0078125 0.016666666666666666
0 0.5432291666666667 0.3925925925925926 0.008333333333333333 0.016666666666666666
0 0.553125 0.40231481481481485 0.007291666666666667 0.015740740740740743
0 0.63984375 0.48703703703703705 0.013020833333333334 0.024074074074074074
0 0.6658854166666667 0.41574074074074074 0.005729166666666666 0.018518518518518517
0 0.5096354166666667 0.6675925925925926 0.01614583333333333 0.031481481481481485
0 0.6013020833333333 0.737037037037037 0.018229166666666668 0.04259259259259259
0 0.43124999999999997 0.8101851851851852 0.025 0.044444444444444446
0 0.68359375 0.3976851851851852 0.0067708333333333336 0.012037037037037037
