0 0.3963541666666667 0.4305555555555556 0.010416666666666666 0.020370370370370372
0 0.42552083333333335 0.42962962962962964 0.008333333333333333 0.020370370370370372
0 0.43359375 0.4342592592592593 0.009895833333333333 0.020370370370370372
0 0.4513020833333333 0.4273148148148148 0.011979166666666666 0.021296296296296296
0 0.48854166666666665 0.4064814814814815 0.010416666666666666 0.022222222222222223
0 0.52421875 0.40231481481481485 0.009895833333333333 0.021296296296296296
0 0.5432291666666667 0.3990740740740741 0.009375 0.018518518518518517
0 0.5515625 0.40740740740740744 0.007291666666666667 0.016666666666666666
0 0.6661458333333333 0.41805555555555557 0.011458333333333333 0.026851851851851852
0 0.63828125 0.48333333333333334 0.015104166666666667 0.02592592592592593
0 0.50546875 0.6467592592592593 0.018229166666666668 0.03981481481481482
0 0.5927083333333333 0.7074074074074075 0.020833333333333332 0.040740740740740744
0 0.43255208333333334 0.7814814814814816 0.024479166666666666 0.05
0 0.3106770833333333 0.5546296296296297 0.018229166666666668 0.03518518518518519
