0 0.64375 0.9828703703703704 0.026041666666666668 0.028703703703703703
0 0.15572916666666667 0.39490740740740743 0.008333333333333333 0.017592592592592594
0 0.40078125 0.43472222222222223 0.0078125 0.021296296296296296
0 0.4088541666666667 0.4425925925925926 0.009375 0.020370370370370372
0 0.42916666666666664 0.4291666666666667 0.007291666666666667 0.015740740740740743
0 0.44765625 0.425462962962963 0.009895833333333333 0.019444444444444445
0 0.48828125 0.4041666666666667 0.008854166666666666 0.015740740740740743
0 0.5361979166666666 0.41574074074074074 0.0078125 0.016666666666666666
0 0.5385416666666667 0.39166666666666666 0.009375 0.014814814814814815
0 0.6434895833333333 0.41805555555555557 0.008854166666666666 0.01388888888888889
0 0.6377604166666666 0.5013888888888889 0.0140625 0.02314814814814815
0 0.4315104166666667 0.5638888888888889 0.0140625 0.031481481481481485
0 0.54765625 0.888888888888889 0.021354166666666667 0.040740740740740744
0 0.4544270833333333 0.7453703703703703 0.0171875 0.024074074074074074
