0 0.165625 0.4041666666666667 0.010416666666666666 0.021296296296296296
0 0.5526041666666667 0.40046296296296297 0.008333333333333333 0.021296296296296296
0 0.5338541666666666 0.4027777777777778 0.008333333333333333 0.022222222222222223
0 0.52734375 0.40925925925925927 0.005729166666666666 0.016666666666666666
0 0.48854166666666665 0.4050925925925926 0.011458333333333333 0.02314814814814815
0 0.45 0.4287037037037037 0.011458333333333333 0.024074074074074074
0 0.4296875 0.42962962962962964 0.010416666666666666 0.020370370370370372
0 0.42343749999999997 0.44074074074074077 0.008333333333333333 0.022222222222222223
0 0.40078125 0.4305555555555556 0.009895833333333333 0.024074074074074074
0 0.6411458333333333 0.49212962962962964 0.013541666666666667 0.026851851851851852
0 0.37916666666666665 0.5523148148148148 0.013541666666666667 0.030555555555555558
0 0.6729166666666666 0.41574074074074074 0.008333333333333333 0.022222222222222223
0 0.6666666666666666 0.40324074074074073 0.00625 0.015740740740740743
0 0.5244791666666666 0.7523148148148149 0.017708333333333333 0.04351851851851852
0 0.6190104166666667 0.8268518518518518 0.0265625 0.061111111111111116
0 0.4393229166666667 0.8916666666666667 0.03177083333333333 0.05925925925925926
