0 0.16041666666666665 0.3995370370370371 0.008333333333333333 0.019444444444444445
0 0.4015625 0.4314814814814815 0.008333333333333333 0.020370370370370372
0 0.4161458333333333 0.44212962962962965 0.008333333333333333 0.019444444444444445
0 0.42994791666666665 0.4291666666666667 0.0067708333333333336 0.015740740740740743
0 0.44921875 0.42638888888888893 0.008854166666666666 0.019444444444444445
0 0.48776041666666664 0.40555555555555556 0.0078125 0.018518518518518517
0 0.528125 0.41250000000000003 0.008333333333333333 0.019444444444444445
0 0.5354166666666667 0.40740740740740744 0.009375 0.020370370370370372
0 0.5450520833333333 0.3902777777777778 0.0078125 0.017592592592592594
0 0.6361979166666667 0.500462962962963 0.011979166666666666 0.026851851851851852
0 0.6518229166666667 0.40972222222222227 0.0067708333333333336 0.01388888888888889
0 0.6796875 0.41203703703703703 0.008333333333333333 0.020370370370370372
0 0.6276041666666666 0.9125000000000001 0.026041666666666668 0.05092592592592593
0 0.5356770833333333 0.8250000000000001 0.024479166666666666 0.044444444444444446
0 0.4421875 0.9638888888888889 0.028125 0.06296296296296297
0 0.409375 0.5597222222222222 0.0125 0.025
