0 0.17135416666666667 0.4087962962962963 0.008333333333333333 0.015740740740740743
0 0.3458333333333333 0.5532407407407408 0.015625 0.028703703703703703
0 0.39739583333333334 0.4291666666666667 0.011458333333333333 0.02314814814814815
0 0.421875 0.4365740740740741 0.007291666666666667 0.01388888888888889
0 0.4278645833333333 0.42685185185185187 0.0067708333333333336 0.014814814814814815
0 0.45078124999999997 0.42453703703703705 0.0078125 0.015740740740740743
0 0.4888020833333333 0.4050925925925926 0.008854166666666666 0.015740740740740743
0 0.5208333333333334 0.40601851851851856 0.007291666666666667 0.015740740740740743
0 0.5393229166666667 0.39537037037037037 0.0046875 0.014814814814814815
0 0.5528645833333333 0.4041666666666667 0.0078125 0.015740740740740743
0 0.6403645833333333 0.4902777777777778 0.011979166666666666 0.025
0 0.66640625 0.41481481481481486 0.0067708333333333336 0.022222222222222223
0 0.6776041666666667 0.3995370370370371 0.00625 0.015740740740740743
0 0.6028645833333334 0.7606481481481482 0.0234375 0.036111111111111115
0 0.5106770833333333 0.6962962962962963 0.018229166666666668 0.03888888888888889
0 0.42942708333333335 0.8333333333333334 0.022395833333333334 0.0462962962962963
