0 0.15833333333333333 0.39537037037037037 0.008333333333333333 0.022222222222222223
0 0.40130208333333334 0.4310185185185185 0.0078125 0.019444444444444445
0 0.41562499999999997 0.44074074074074077 0.009375 0.016666666666666666
0 0.4296875 0.4277777777777778 0.007291666666666667 0.016666666666666666
0 0.44869791666666664 0.425 0.0078125 0.018518518518518517
0 0.48802083333333335 0.40370370370370373 0.008333333333333333 0.018518518518518517
0 0.5278645833333333 0.4138888888888889 0.008854166666666666 0.018518518518518517
0 0.5348958333333333 0.4101851851851852 0.008333333333333333 0.022222222222222223
0 0.54375 0.38657407407407407 0.00625 0.01388888888888889
0 0.6372395833333333 0.49953703703703706 0.011979166666666666 0.025
0 0.6502604166666667 0.412962962962963 0.0078125 0.014814814814814815
0 0.6791666666666667 0.41435185185185186 0.007291666666666667 0.019444444444444445
0 0.628125 0.9185185185185185 0.022916666666666665 0.05
0 0.5354166666666667 0.8328703703703704 0.022916666666666665 0.04722222222222222
0 0.41171874999999997 0.5611111111111111 0.0140625 0.02962962962962963
0 0.4419270833333333 0.9675925925925927 0.024479166666666666 0.05555555555555556
