0 0.178125 0.4398148148148148 0.007291666666666667 0.016666666666666666
0 0.3971354166666667 0.42962962962962964 0.008854166666666666 0.018518518518518517
0 0.4263020833333333 0.4314814814814815 0.0078125 0.016666666666666666
0 0.45208333333333334 0.4287037037037037 0.007291666666666667 0.016666666666666666
0 0.4630208333333333 0.4138888888888889 0.009375 0.016666666666666666
0 0.48802083333333335 0.40601851851851856 0.009375 0.019444444444444445
0 0.5317708333333333 0.3773148148148148 0.004166666666666667 0.010185185185185186
0 0.5419270833333333 0.41250000000000003 0.0078125 0.019444444444444445
0 0.528125 0.41620370370370374 0.010416666666666666 0.015740740740740743
0 0.6455729166666666 0.47361111111111115 0.0109375 0.025
0 0.559375 0.5666666666666667 0.014583333333333334 0.02777777777777778
0 0.5166666666666666 0.5162037037037037 0.0125 0.026851851851851852
0 0.41171874999999997 0.6453703703703704 0.018229166666666668 0.037037037037037035
