0 0.17369791666666667 0.4398148148148148 0.008854166666666666 0.016666666666666666
0 0.3984375 0.42685185185185187 0.007291666666666667 0.018518518518518517
0 0.42604166666666665 0.43194444444444446 0.009375 0.017592592592592594
0 0.45260416666666664 0.42824074074074076 0.009375 0.017592592592592594
0 0.4622395833333333 0.41250000000000003 0.008854166666666666 0.017592592592592594
0 0.4875 0.4064814814814815 0.008333333333333333 0.020370370370370372
0 0.53203125 0.37222222222222223 0.005729166666666666 0.012962962962962964
0 0.5231770833333333 0.4152777777777778 0.0067708333333333336 0.01388888888888889
0 0.54765625 0.41712962962962963 0.008854166666666666 0.021296296296296296
0 0.6473958333333333 0.47453703703703703 0.0125 0.025
0 0.5544270833333333 0.5574074074074075 0.0140625 0.031481481481481485
0 0.5184895833333333 0.5037037037037038 0.013020833333333334 0.024074074074074074
0 0.4109375 0.6268518518518519 0.01875 0.037037037037037035
