0 0.17916666666666667 0.44027777777777777 0.008333333333333333 0.019444444444444445
0 0.3966145833333333 0.4287037037037037 0.008854166666666666 0.016666666666666666
0 0.4265625 0.4328703703703704 0.010416666666666666 0.019444444444444445
0 0.45260416666666664 0.4287037037037037 0.008333333333333333 0.016666666666666666
0 0.46249999999999997 0.41712962962962963 0.008333333333333333 0.021296296296296296
0 0.48802083333333335 0.4050925925925926 0.008333333333333333 0.019444444444444445
0 0.5328125 0.37777777777777777 0.007291666666666667 0.014814814814814815
0 0.5401041666666666 0.41064814814814815 0.007291666666666667 0.017592592592592594
0 0.5296875 0.41481481481481486 0.009375 0.018518518518518517
0 0.6455729166666666 0.47314814814814815 0.015104166666666667 0.02592592592592593
0 0.55859375 0.5685185185185185 0.013020833333333334 0.031481481481481485
0 0.5166666666666666 0.5175925925925926 0.0125 0.02592592592592593
0 0.41171874999999997 0.6467592592592593 0.019270833333333334 0.036111111111111115
