0 0.39427083333333335 0.4287037037037037 0.007291666666666667 0.018518518518518517
0 0.42682291666666666 0.42824074074074076 0.0078125 0.017592592592592594
0 0.4518229166666667 0.4277777777777778 0.008854166666666666 0.016666666666666666
0 0.4622395833333333 0.41712962962962963 0.0078125 0.015740740740740743
0 0.48932291666666666 0.4027777777777778 0.0078125 0.014814814814814815
0 0.5354166666666667 0.4050925925925926 0.007291666666666667 0.017592592592592594
0 0.53828125 0.38472222222222224 0.005729166666666666 0.017592592592592594
0 0.6450520833333333 0.4759259259259259 0.0140625 0.02962962962962963
0 0.51015625 0.5393518518518519 0.0140625 0.026851851851851852
0 0.56171875 0.5898148148148148 0.01614583333333333 0.031481481481481485
0 0.41380208333333335 0.6689814814814815 0.019270833333333334 0.03425925925925926
