0 0.39453125 0.4277777777777778 0.0109375 0.022222222222222223
0 0.42552083333333335 0.43194444444444446 0.010416666666666666 0.02314814814814815
0 0.4515625 0.4291666666666667 0.0125 0.02314814814814815
0 0.46197916666666666 0.4185185185185185 0.009375 0.024074074074074074
0 0.48854166666666665 0.4046296296296297 0.011458333333333333 0.02592592592592593
0 0.5341145833333333 0.40601851851851856 0.009895833333333333 0.02314814814814815
0 0.5380208333333333 0.3861111111111111 0.008333333333333333 0.022222222222222223
0 0.6442708333333333 0.47314814814814815 0.014583333333333334 0.02592592592592593
0 0.5104166666666666 0.5416666666666667 0.015625 0.03333333333333333
0 0.5609375 0.5925925925925926 0.014583333333333334 0.037037037037037035
0 0.41380208333333335 0.6699074074074074 0.022395833333333334 0.03981481481481482
