0 0.5161458333333333 0.5046296296296297 0.009375 0.022222222222222223
0 0.4583333333333333 0.5435185185185185 0.011458333333333333 0.024074074074074074
0 0.4315104166666667 0.5476851851851852 0.009895833333333333 0.02314814814814815
0 0.47552083333333334 0.46111111111111114 0.007291666666666667 0.014814814814814815
0 0.5059895833333333 0.4337962962962963 0.005729166666666666 0.01388888888888889
0 0.49505208333333334 0.46111111111111114 0.0067708333333333336 0.014814814814814815
0 0.6567708333333333 0.4740740740740741 0.009375 0.022222222222222223
0 0.5669270833333333 0.48379629629629634 0.0078125 0.019444444444444445
0 0.37838541666666664 0.5773148148148148 0.0109375 0.025
0 0.5247395833333334 0.5356481481481482 0.011979166666666666 0.02314814814814815
0 0.6036458333333333 0.4416666666666667 0.008333333333333333 0.016666666666666666
