0 0.4927083333333333 0.6314814814814815 0.0125 0.037037037037037035
0 0.44765625 0.637962962962963 0.013020833333333334 0.03518518518518519
0 0.4005208333333333 0.6666666666666667 0.0125 0.031481481481481485
0 0.48671875 0.47962962962962963 0.009895833333333333 0.020370370370370372
0 0.5197916666666667 0.5027777777777778 0.008333333333333333 0.018518518518518517
0 0.5580729166666667 0.5078703703703704 0.0078125 0.017592592592592594
0 0.48593749999999997 0.44074074074074077 0.00625 0.014814814814814815
0 0.5033854166666667 0.4388888888888889 0.005729166666666666 0.012962962962962964
0 0.55078125 0.4050925925925926 0.005729166666666666 0.015740740740740743
0 0.5697916666666667 0.9796296296296296 0.026041666666666668 0.04814814814814815
0 0.6567708333333333 0.4800925925925926 0.009375 0.025
0 0.9434895833333333 0.4462962962962963 0.0078125 0.016666666666666666
0 0.5151041666666667 0.42314814814814816 0.005208333333333333 0.012962962962962964
0 0.603125 0.4430555555555556 0.00625 0.01388888888888889
