0 0.3989583333333333 0.638425925925926 0.013541666666666667 0.030555555555555558
0 0.48046875 0.6041666666666667 0.011979166666666666 0.030555555555555558
0 0.43906249999999997 0.6087962962962963 0.010416666666666666 0.025
0 0.48463541666666665 0.44583333333333336 0.0067708333333333336 0.01388888888888889
0 0.5630208333333333 0.4981481481481482 0.008333333333333333 0.018518518518518517
0 0.6557291666666667 0.4800925925925926 0.009375 0.025
0 0.5161458333333333 0.5027777777777778 0.008333333333333333 0.020370370370370372
0 0.5479166666666666 0.4083333333333333 0.005208333333333333 0.012962962962962964
0 0.5013020833333334 0.44537037037037036 0.0067708333333333336 0.014814814814814815
0 0.4942708333333333 0.4967592592592593 0.007291666666666667 0.019444444444444445
0 0.5151041666666667 0.4291666666666667 0.00625 0.017592592592592594
0 0.603125 0.44351851851851853 0.007291666666666667 0.014814814814814815
0 0.9307291666666666 0.4462962962962963 0.010416666666666666 0.022222222222222223
