0 0.4401041666666667 0.5925925925925926 0.0125 0.02592592592592593
0 0.47604166666666664 0.587037037037037 0.0125 0.02962962962962963
0 0.3997395833333333 0.6199074074074075 0.013020833333333334 0.028703703703703703
0 0.5580729166666667 0.48935185185185187 0.0078125 0.019444444444444445
0 0.5044270833333333 0.49444444444444446 0.008854166666666666 0.022222222222222223
0 0.48151041666666666 0.4462962962962963 0.0067708333333333336 0.014814814814814815
0 0.4984375 0.4439814814814815 0.00625 0.01388888888888889
0 0.6559895833333333 0.4759259259259259 0.009895833333333333 0.024074074074074074
0 0.5455729166666666 0.4078703703703704 0.005729166666666666 0.012037037037037037
0 0.5135416666666667 0.4236111111111111 0.008333333333333333 0.01388888888888889
0 0.6036458333333333 0.4398148148148148 0.010416666666666666 0.016666666666666666
0 0.5171875 0.49444444444444446 0.009375 0.018518518518518517
0 0.9255208333333333 0.4388888888888889 0.009375 0.020370370370370372
