0 0.37395833333333334 0.5694444444444444 0.011458333333333333 0.02592592592592593
0 0.5265625 0.5458333333333334 0.011458333333333333 0.02314814814814815
0 0.4302083333333333 0.5449074074074074 0.009375 0.02314814814814815
0 0.4747395833333333 0.46435185185185185 0.0078125 0.01388888888888889
0 0.5098958333333333 0.5050925925925926 0.008333333333333333 0.019444444444444445
0 0.45703125 0.5347222222222222 0.0109375 0.025
0 0.5666666666666667 0.4851851851851852 0.007291666666666667 0.018518518518518517
0 0.6567708333333333 0.47453703703703703 0.010416666666666666 0.02314814814814815
0 0.5052083333333334 0.4356481481481482 0.00625 0.01388888888888889
0 0.49374999999999997 0.4652777777777778 0.00625 0.01388888888888889
0 0.6026041666666666 0.4425925925925926 0.007291666666666667 0.016666666666666666
