0 0.43203125 0.5615740740740741 0.0109375 0.025
0 0.46171875 0.5550925925925926 0.0109375 0.026851851851851852
0 0.38828125 0.5865740740740741 0.011979166666666666 0.026851851851851852
0 0.48046875 0.45555555555555555 0.0067708333333333336 0.014814814814814815
0 0.5049479166666666 0.4300925925925926 0.005729166666666666 0.01388888888888889
0 0.56484375 0.4800925925925926 0.0067708333333333336 0.019444444444444445
0 0.5221354166666666 0.4990740740740741 0.008854166666666666 0.022222222222222223
0 0.6567708333333333 0.47453703703703703 0.010416666666666666 0.02314814814814815
0 0.49635416666666665 0.4532407407407408 0.005208333333333333 0.01388888888888889
0 0.5158854166666667 0.525 0.011979166666666666 0.024074074074074074
0 0.603125 0.44074074074074077 0.009375 0.020370370370370372
