0 0.4471354166666667 0.6712962962962963 0.013020833333333334 0.03518518518518519
0 0.3950520833333333 0.6986111111111112 0.0140625 0.036111111111111115
0 0.4984375 0.6662037037037037 0.013541666666666667 0.03796296296296296
0 0.47109375 0.46620370370370373 0.008854166666666666 0.017592592592592594
0 0.51796875 0.5101851851851852 0.008854166666666666 0.018518518518518517
0 0.5828125 0.9268518518518519 0.020833333333333332 0.04814814814814815
0 0.5580729166666667 0.5189814814814815 0.008854166666666666 0.017592592592592594
0 0.5057291666666667 0.43703703703703706 0.005208333333333333 0.012962962962962964
0 0.55078125 0.40925925925925927 0.0046875 0.012962962962962964
0 0.4895833333333333 0.4365740740740741 0.005208333333333333 0.015740740740740743
0 0.65625 0.48055555555555557 0.010416666666666666 0.024074074074074074
0 0.6026041666666666 0.4467592592592593 0.007291666666666667 0.017592592592592594
0 0.9484374999999999 0.4513888888888889 0.008333333333333333 0.012037037037037037
