0 0.47291666666666665 0.46990740740740744 0.008333333333333333 0.017592592592592594
0 0.39557291666666666 0.6962962962962963 0.0140625 0.03518518518518519
0 0.4473958333333333 0.6694444444444445 0.013541666666666667 0.037037037037037035
0 0.5825520833333333 0.9291666666666667 0.021354166666666667 0.04722222222222222
0 0.49765624999999997 0.6615740740740741 0.013020833333333334 0.036111111111111115
0 0.48984374999999997 0.43842592592592594 0.005729166666666666 0.01388888888888889
0 0.51796875 0.5092592592592593 0.008854166666666666 0.018518518518518517
0 0.5572916666666666 0.5175925925925926 0.009375 0.018518518518518517
0 0.5052083333333334 0.43703703703703706 0.005208333333333333 0.012962962962962964
0 0.55078125 0.4083333333333333 0.005729166666666666 0.012962962962962964
0 0.65625 0.4810185185185185 0.010416666666666666 0.02314814814814815
0 0.9471354166666667 0.45092592592592595 0.008854166666666666 0.014814814814814815
0 0.6026041666666666 0.4467592592592593 0.007291666666666667 0.017592592592592594
0 0.5203125 0.42592592592592593 0.005208333333333333 0.011111111111111112
