0 0.5270833333333333 0.5449074074074074 0.011458333333333333 0.02314814814814815
0 0.37447916666666664 0.5712962962962963 0.011458333333333333 0.02592592592592593
0 0.45703125 0.5370370370370371 0.0109375 0.024074074074074074
0 0.4309895833333333 0.5444444444444445 0.009895833333333333 0.022222222222222223
0 0.4744791666666667 0.4652777777777778 0.007291666666666667 0.01388888888888889
0 0.5669270833333333 0.48564814814814816 0.0078125 0.019444444444444445
0 0.51171875 0.5055555555555555 0.008854166666666666 0.020370370370370372
0 0.6572916666666666 0.475462962962963 0.010416666666666666 0.02314814814814815
0 0.5057291666666667 0.4356481481481482 0.00625 0.01388888888888889
0 0.4942708333333333 0.46481481481481485 0.007291666666666667 0.014814814814814815
0 0.6033854166666667 0.4416666666666667 0.0078125 0.016666666666666666
