0 0.44687499999999997 0.6356481481481482 0.0125 0.03425925925925926
0 0.49114583333333334 0.6263888888888889 0.011458333333333333 0.03425925925925926
0 0.3989583333333333 0.662962962962963 0.013541666666666667 0.031481481481481485
0 0.48541666666666666 0.4412037037037037 0.00625 0.01388888888888889
0 0.48723958333333334 0.4814814814814815 0.008854166666666666 0.020370370370370372
0 0.5192708333333333 0.5027777777777778 0.008333333333333333 0.020370370370370372
0 0.559375 0.5078703703703704 0.008333333333333333 0.017592592592592594
0 0.5028645833333333 0.44027777777777777 0.005729166666666666 0.01388888888888889
0 0.65625 0.47870370370370374 0.009375 0.024074074074074074
0 0.5674479166666666 0.9819444444444445 0.025520833333333333 0.04537037037037037
0 0.94375 0.4467592592592593 0.007291666666666667 0.01388888888888889
0 0.5145833333333333 0.42129629629629634 0.005208333333333333 0.012962962962962964
0 0.5518229166666666 0.4064814814814815 0.0078125 0.014814814814814815
0 0.60390625 0.4425925925925926 0.0078125 0.012962962962962964
