0 0.4940104166666667 0.6407407407407407 0.013020833333333334 0.031481481481481485
0 0.4484375 0.6523148148148148 0.0125 0.03425925925925926
0 0.4002604166666667 0.675 0.013020833333333334 0.03518518518518519
0 0.48151041666666666 0.4712962962962963 0.008854166666666666 0.020370370370370372
0 0.5791666666666666 0.9555555555555556 0.022916666666666665 0.05185185185185186
0 0.5192708333333333 0.5078703703703704 0.008333333333333333 0.019444444444444445
0 0.4875 0.437962962962963 0.00625 0.014814814814814815
0 0.5041666666666667 0.437962962962963 0.005208333333333333 0.012962962962962964
0 0.5559895833333334 0.5101851851851852 0.0078125 0.018518518518518517
0 0.55078125 0.40555555555555556 0.005729166666666666 0.014814814814814815
0 0.6567708333333333 0.4810185185185185 0.010416666666666666 0.026851851851851852
0 0.9447916666666667 0.4462962962962963 0.008333333333333333 0.018518518518518517
0 0.5169270833333334 0.4226851851851852 0.0046875 0.012037037037037037
0 0.6028645833333334 0.44351851851851853 0.0078125 0.014814814814814815
