0 0.4401041666666667 0.5967592592592593 0.011458333333333333 0.026851851851851852
0 0.47630208333333335 0.5888888888888889 0.011979166666666666 0.02962962962962963
0 0.4 0.6194444444444445 0.0125 0.02592592592592593
0 0.5041666666666667 0.4962962962962963 0.009375 0.024074074074074074
0 0.5583333333333333 0.4898148148148148 0.008333333333333333 0.018518518518518517
0 0.4817708333333333 0.4462962962962963 0.007291666666666667 0.014814814814814815
0 0.4984375 0.4449074074074074 0.00625 0.01388888888888889
0 0.6565104166666667 0.47731481481481486 0.009895833333333333 0.025
0 0.5458333333333333 0.40972222222222227 0.005208333333333333 0.01388888888888889
0 0.5145833333333333 0.4240740740740741 0.008333333333333333 0.014814814814814815
0 0.51953125 0.4939814814814815 0.0067708333333333336 0.01388888888888889
0 0.6026041666666666 0.44351851851851853 0.008333333333333333 0.016666666666666666
0 0.9239583333333333 0.44074074074074077 0.008333333333333333 0.014814814814814815
