0 0.39791666666666664 0.6550925925925927 0.013541666666666667 0.032407407407407406
0 0.4453125 0.6291666666666667 0.0125 0.03425925925925926
0 0.48932291666666666 0.6185185185185186 0.011979166666666666 0.03333333333333333
0 0.48802083333333335 0.48379629629629634 0.008333333333333333 0.021296296296296296
0 0.4864583333333333 0.44212962962962965 0.00625 0.01388888888888889
0 0.5619791666666667 0.5032407407407408 0.008333333333333333 0.017592592592592594
0 0.5184895833333333 0.500925925925926 0.0078125 0.020370370370370372
0 0.55078125 0.40694444444444444 0.005729166666666666 0.01388888888888889
0 0.50234375 0.44027777777777777 0.005729166666666666 0.01388888888888889
0 0.9434895833333333 0.4462962962962963 0.0067708333333333336 0.016666666666666666
0 0.65703125 0.4791666666666667 0.009895833333333333 0.02314814814814815
0 0.5158854166666667 0.42083333333333334 0.005729166666666666 0.010185185185185186
0 0.6036458333333333 0.4388888888888889 0.007291666666666667 0.012962962962962964
0 0.5661458333333333 0.9810185185185185 0.020833333333333332 0.02314814814814815
