0 0.37265625 0.5685185185185185 0.0109375 0.02592592592592593
0 0.5263020833333333 0.5472222222222223 0.011979166666666666 0.024074074074074074
0 0.42994791666666665 0.5430555555555556 0.008854166666666666 0.02314814814814815
0 0.4747395833333333 0.46435185185185185 0.0078125 0.01388888888888889
0 0.509375 0.5046296296296297 0.008333333333333333 0.020370370370370372
0 0.45651041666666664 0.5328703703703704 0.0109375 0.025
0 0.6565104166666667 0.47500000000000003 0.009895833333333333 0.022222222222222223
0 0.5044270833333333 0.4356481481481482 0.005729166666666666 0.01388888888888889
0 0.5666666666666667 0.4851851851851852 0.007291666666666667 0.018518518518518517
0 0.4934895833333333 0.46574074074074073 0.0067708333333333336 0.014814814814814815
0 0.6026041666666666 0.4444444444444445 0.008333333333333333 0.020370370370370372
