0 0.4747395833333333 0.5837962962962964 0.013020833333333334 0.028703703703703703
0 0.43984375 0.5888888888888889 0.0109375 0.02592592592592593
0 0.39869791666666665 0.6157407407407408 0.011979166666666666 0.02592592592592593
0 0.48151041666666666 0.4481481481481482 0.0067708333333333336 0.014814814814814815
0 0.5067708333333333 0.5 0.008333333333333333 0.022222222222222223
0 0.55859375 0.48750000000000004 0.0078125 0.019444444444444445
0 0.4979166666666667 0.44583333333333336 0.00625 0.01388888888888889
0 0.5190104166666667 0.5 0.0067708333333333336 0.020370370370370372
0 0.5125 0.4277777777777778 0.008333333333333333 0.018518518518518517
0 0.6559895833333333 0.47175925925925927 0.013020833333333334 0.02314814814814815
0 0.6041666666666666 0.4425925925925926 0.009375 0.018518518518518517
0 0.9239583333333333 0.4430555555555556 0.008333333333333333 0.02314814814814815
