0 0.5268229166666667 0.5509259259259259 0.0109375 0.024074074074074074
0 0.4283854166666667 0.5402777777777777 0.008854166666666666 0.021296296296296296
0 0.3723958333333333 0.5652777777777778 0.010416666666666666 0.025
0 0.47421874999999997 0.46574074074074073 0.0078125 0.014814814814814815
0 0.45546875 0.5296296296296297 0.009895833333333333 0.024074074074074074
0 0.5067708333333333 0.5078703703703704 0.008333333333333333 0.019444444444444445
0 0.6567708333333333 0.47500000000000003 0.009375 0.022222222222222223
0 0.5041666666666667 0.43703703703703706 0.00625 0.014814814814814815
0 0.56640625 0.4851851851851852 0.0078125 0.018518518518518517
0 0.4934895833333333 0.4620370370370371 0.0067708333333333336 0.014814814814814815
0 0.6036458333333333 0.4425925925925926 0.0125 0.022222222222222223
