0 0.475 0.5847222222222223 0.0125 0.028703703703703703
0 0.4401041666666667 0.5888888888888889 0.011458333333333333 0.02592592592592593
0 0.39869791666666665 0.6175925925925926 0.011979166666666666 0.02777777777777778
0 0.5580729166666667 0.48703703703703705 0.0078125 0.018518518518518517
0 0.5067708333333333 0.4981481481481482 0.008333333333333333 0.022222222222222223
0 0.48151041666666666 0.44722222222222224 0.0067708333333333336 0.014814814814814815
0 0.4979166666666667 0.4449074074074074 0.00625 0.01388888888888889
0 0.65625 0.47685185185185186 0.010416666666666666 0.024074074074074074
0 0.5182291666666666 0.49722222222222223 0.008333333333333333 0.024074074074074074
0 0.5135416666666667 0.42685185185185187 0.010416666666666666 0.016666666666666666
0 0.6046875 0.44351851851851853 0.010416666666666666 0.020370370370370372
0 0.9234375 0.44074074074074077 0.009375 0.014814814814814815
