0 0.4453125 0.6305555555555555 0.011458333333333333 0.031481481481481485
0 0.48984374999999997 0.6212962962962963 0.011979166666666666 0.03518518518518519
0 0.39791666666666664 0.6569444444444444 0.013541666666666667 0.032407407407407406
0 0.4875 0.4851851851851852 0.009375 0.024074074074074074
0 0.48593749999999997 0.4416666666666667 0.00625 0.014814814814814815
0 0.5182291666666666 0.5013888888888889 0.008333333333333333 0.021296296296296296
0 0.56171875 0.5041666666666667 0.008854166666666666 0.017592592592592594
0 0.50234375 0.4393518518518519 0.005729166666666666 0.01388888888888889
0 0.55078125 0.40740740740740744 0.005729166666666666 0.014814814814814815
0 0.6565104166666667 0.4791666666666667 0.008854166666666666 0.02314814814814815
0 0.9432291666666667 0.44537037037037036 0.007291666666666667 0.014814814814814815
0 0.5151041666666667 0.4226851851851852 0.005208333333333333 0.01388888888888889
0 0.6018229166666667 0.44212962962962965 0.008854166666666666 0.015740740740740743
0 0.5677083333333334 0.9791666666666667 0.021875 0.02314814814814815
