0 0.39791666666666664 0.6398148148148148 0.0125 0.031481481481481485
0 0.440625 0.6101851851851852 0.0125 0.02777777777777778
0 0.4822916666666667 0.6074074074074074 0.011458333333333333 0.02962962962962963
0 0.4856770833333333 0.4444444444444445 0.0067708333333333336 0.014814814814814815
0 0.5645833333333333 0.4986111111111111 0.008333333333333333 0.017592592592592594
0 0.9328124999999999 0.44212962962962965 0.010416666666666666 0.019444444444444445
0 0.5171875 0.5018518518518519 0.008333333333333333 0.020370370370370372
0 0.49322916666666666 0.49074074074074076 0.007291666666666667 0.020370370370370372
0 0.6567708333333333 0.4791666666666667 0.009375 0.02314814814814815
0 0.5489583333333333 0.4078703703703704 0.005208333333333333 0.012037037037037037
0 0.5020833333333333 0.44351851851851853 0.00625 0.014814814814814815
0 0.5161458333333333 0.4240740740740741 0.005208333333333333 0.011111111111111112
0 0.6036458333333333 0.4467592592592593 0.008333333333333333 0.017592592592592594
