0 0.5020833333333333 0.7097222222222223 0.014583333333333334 0.04166666666666667
0 0.4536458333333333 0.7171296296296297 0.0125 0.03796296296296296
0 0.5229166666666667 0.5175925925925926 0.009375 0.020370370370370372
0 0.39609375 0.7486111111111111 0.01614583333333333 0.03981481481481482
0 0.5825520833333333 0.8638888888888889 0.019270833333333334 0.04259259259259259
0 0.46484375 0.4486111111111111 0.0078125 0.015740740740740743
0 0.49140625 0.4328703703703704 0.0067708333333333336 0.01388888888888889
0 0.546875 0.5268518518518519 0.009375 0.022222222222222223
0 0.5078125 0.4342592592592593 0.00625 0.012962962962962964
0 0.5510416666666667 0.4101851851851852 0.005208333333333333 0.011111111111111112
0 0.6033854166666667 0.44907407407407407 0.0078125 0.018518518518518517
0 0.6552083333333333 0.47824074074074074 0.008333333333333333 0.017592592592592594
0 0.946875 0.4564814814814815 0.011458333333333333 0.018518518518518517
