0 0.39375 0.701388888888889 0.014583333333333334 0.036111111111111115
0 0.4473958333333333 0.6731481481481482 0.013541666666666667 0.03518518518518519
0 0.49895833333333334 0.6680555555555556 0.013541666666666667 0.03425925925925926
0 0.46953125 0.4620370370370371 0.008854166666666666 0.018518518518518517
0 0.4895833333333333 0.4365740740740741 0.005208333333333333 0.01388888888888889
0 0.5052083333333334 0.4361111111111111 0.005208333333333333 0.012962962962962964
0 0.5502604166666667 0.40694444444444444 0.005729166666666666 0.01388888888888889
0 0.51796875 0.5115740740740741 0.008854166666666666 0.019444444444444445
0 0.5565104166666667 0.5175925925925926 0.008854166666666666 0.018518518518518517
0 0.58125 0.9222222222222223 0.019791666666666666 0.044444444444444446
0 0.6559895833333333 0.4791666666666667 0.009895833333333333 0.02314814814814815
0 0.6020833333333333 0.44537037037037036 0.007291666666666667 0.016666666666666666
0 0.9473958333333333 0.44907407407407407 0.010416666666666666 0.020370370370370372
