0 0.44765625 0.675462962962963 0.013020833333333334 0.036111111111111115
0 0.39479166666666665 0.7037037037037037 0.014583333333333334 0.037037037037037035
0 0.49973958333333335 0.6694444444444445 0.013020833333333334 0.037037037037037035
0 0.48984374999999997 0.4361111111111111 0.005729166666666666 0.014814814814814815
0 0.55703125 0.5175925925925926 0.009895833333333333 0.018518518518518517
0 0.46979166666666666 0.4625 0.008333333333333333 0.017592592592592594
0 0.51875 0.5101851851851852 0.008333333333333333 0.018518518518518517
0 0.55078125 0.4064814814814815 0.005729166666666666 0.012962962962962964
0 0.58046875 0.9180555555555556 0.019270833333333334 0.04351851851851852
0 0.65546875 0.47962962962962963 0.009895833333333333 0.024074074074074074
0 0.5057291666666667 0.4361111111111111 0.005208333333333333 0.012962962962962964
0 0.6028645833333334 0.44583333333333336 0.0078125 0.015740740740740743
0 0.9486979166666667 0.45462962962962966 0.013020833333333334 0.022222222222222223
