0 0.39765625 0.7319444444444445 0.015104166666666667 0.03796296296296296
0 0.453125 0.7023148148148148 0.0125 0.03796296296296296
0 0.50234375 0.6990740740740741 0.011979166666666666 0.037037037037037035
0 0.4666666666666667 0.4537037037037037 0.008333333333333333 0.016666666666666666
0 0.57890625 0.875462962962963 0.0203125 0.04351851851851852
0 0.4901041666666667 0.4342592592592593 0.00625 0.012962962962962964
0 0.5234375 0.5152777777777778 0.009375 0.021296296296296296
0 0.5510416666666667 0.40601851851851856 0.00625 0.01388888888888889
0 0.6557291666666667 0.4810185185185185 0.010416666666666666 0.025
0 0.5481770833333334 0.525462962962963 0.008854166666666666 0.021296296296296296
0 0.5075520833333333 0.4328703703703704 0.005729166666666666 0.012037037037037037
0 0.603125 0.44583333333333336 0.007291666666666667 0.01388888888888889
0 0.9442708333333333 0.45555555555555555 0.011458333333333333 0.016666666666666666
