0 0.45338541666666665 0.6981481481481482 0.011979166666666666 0.037037037037037035
0 0.503125 0.6907407407407408 0.014583333333333334 0.040740740740740744
0 0.3984375 0.7282407407407407 0.015625 0.03796296296296296
0 0.52421875 0.5143518518518518 0.008854166666666666 0.021296296296296296
0 0.57890625 0.8819444444444445 0.019270833333333334 0.04166666666666667
0 0.5510416666666667 0.524537037037037 0.009375 0.021296296296296296
0 0.46770833333333334 0.4569444444444445 0.008333333333333333 0.019444444444444445
0 0.4901041666666667 0.43472222222222223 0.00625 0.01388888888888889
0 0.6565104166666667 0.4814814814814815 0.009895833333333333 0.024074074074074074
0 0.5510416666666667 0.40694444444444444 0.00625 0.015740740740740743
0 0.6028645833333334 0.44537037037037036 0.0078125 0.014814814814814815
0 0.50703125 0.4314814814814815 0.0078125 0.014814814814814815
0 0.9463541666666666 0.45092592592592595 0.011458333333333333 0.018518518518518517
