0 0.6596354166666667 0.925 0.0203125 0.04814814814814815
0 0.43385416666666665 0.9481481481481482 0.019791666666666666 0.05740740740740741
0 0.5098958333333333 0.9527777777777778 0.019791666666666666 0.06481481481481481
0 0.51953125 0.5370370370370371 0.008854166666666666 0.020370370370370372
0 0.5606770833333333 0.5671296296296297 0.009895833333333333 0.021296296296296296
0 0.60625 0.7833333333333333 0.013541666666666667 0.03518518518518519
0 0.4986979166666667 0.42824074074074076 0.005729166666666666 0.012037037037037037
0 0.95390625 0.4486111111111111 0.008854166666666666 0.015740740740740743
0 0.4419270833333333 0.45231481481481484 0.0067708333333333336 0.01388888888888889
0 0.5609375 0.7050925925925926 0.013541666666666667 0.03425925925925926
0 0.5106770833333333 0.42824074074074076 0.0046875 0.012037037037037037
0 0.5546875 0.837037037037037 0.01875 0.031481481481481485
0 0.5604166666666667 0.40092592592592596 0.00625 0.012962962962962964
0 0.6036458333333333 0.4467592592592593 0.008333333333333333 0.015740740740740743
0 0.6559895833333333 0.48240740740740745 0.009895833333333333 0.024074074074074074
0 0.340625 0.5407407407407407 0.010416666666666666 0.020370370370370372
