0 0.45546875 0.7833333333333333 0.01614583333333333 0.0462962962962963
0 0.4981770833333333 0.7870370370370371 0.01614583333333333 0.04814814814814815
0 0.3890625 0.8296296296296297 0.017708333333333333 0.0462962962962963
0 0.575 0.7935185185185185 0.019791666666666666 0.03888888888888889
0 0.4552083333333333 0.4351851851851852 0.007291666666666667 0.014814814814814815
0 0.5216145833333333 0.5287037037037037 0.008854166666666666 0.022222222222222223
0 0.6145833333333334 0.9328703703703705 0.01875 0.04722222222222222
0 0.5080729166666667 0.43194444444444446 0.005729166666666666 0.01388888888888889
0 0.4953125 0.4324074074074074 0.005208333333333333 0.012962962962962964
0 0.6567708333333333 0.4842592592592593 0.010416666666666666 0.024074074074074074
0 0.55859375 0.537962962962963 0.008854166666666666 0.020370370370370372
0 0.6044270833333333 0.44722222222222224 0.0067708333333333336 0.014814814814814815
0 0.94765625 0.45462962962962966 0.0109375 0.014814814814814815
0 0.5528645833333333 0.4046296296296297 0.005729166666666666 0.012962962962962964
0 0.5106770833333333 0.9657407407407408 0.0171875 0.03333333333333333
