0 0.44505208333333335 0.8337962962962964 0.01614583333333333 0.04537037037037037
0 0.4947916666666667 0.8402777777777778 0.017708333333333333 0.05092592592592593
0 0.37864583333333335 0.8875000000000001 0.019791666666666666 0.05092592592592593
0 0.5755208333333334 0.7555555555555555 0.01875 0.037037037037037035
0 0.5283854166666666 0.5300925925925926 0.008854166666666666 0.02314814814814815
0 0.4466145833333333 0.44074074074074077 0.0067708333333333336 0.014814814814814815
0 0.55078125 0.5462962962962963 0.008854166666666666 0.022222222222222223
0 0.4947916666666667 0.42962962962962964 0.00625 0.014814814814814815
0 0.5080729166666667 0.4291666666666667 0.005729166666666666 0.01388888888888889
0 0.94609375 0.45601851851851855 0.009895833333333333 0.015740740740740743
0 0.6174479166666667 0.8657407407407408 0.0140625 0.037037037037037035
0 0.6046875 0.4486111111111111 0.007291666666666667 0.015740740740740743
0 0.5528645833333333 0.4013888888888889 0.0067708333333333336 0.01388888888888889
0 0.53984375 0.913888888888889 0.0171875 0.03333333333333333
0 0.6552083333333333 0.47731481481481486 0.008333333333333333 0.015740740740740743
