0 0.5221354166666666 0.5425925925925926 0.009895833333333333 0.022222222222222223
0 0.63515625 0.8643518518518519 0.019270833333333334 0.04166666666666667
0 0.52734375 0.9805555555555556 0.022395833333333334 0.0462962962962963
0 0.5981770833333333 0.763888888888889 0.015104166666666667 0.03518518518518519
0 0.36171875 0.5319444444444444 0.009895833333333333 0.02314814814814815
0 0.5786458333333333 0.5787037037037037 0.009375 0.02777777777777778
0 0.440625 0.9824074074074074 0.021875 0.03888888888888889
0 0.5541666666666667 0.6902777777777778 0.014583333333333334 0.032407407407407406
0 0.44166666666666665 0.4518518518518519 0.007291666666666667 0.014814814814814815
0 0.9541666666666666 0.4486111111111111 0.008333333333333333 0.017592592592592594
0 0.496875 0.425 0.007291666666666667 0.014814814814814815
0 0.5606770833333333 0.39861111111111114 0.005729166666666666 0.012037037037037037
0 0.5104166666666666 0.425462962962963 0.005208333333333333 0.012037037037037037
0 0.5471354166666667 0.8083333333333333 0.0171875 0.040740740740740744
0 0.6044270833333333 0.4462962962962963 0.009895833333333333 0.018518518518518517
0 0.65390625 0.4791666666666667 0.005729166666666666 0.01388888888888889
