0 0.5841145833333333 0.8013888888888889 0.018229166666666668 0.04166666666666667
0 0.3932291666666667 0.5162037037037037 0.010416666666666666 0.02314814814814815
0 0.5997395833333333 0.7495370370370371 0.0140625 0.030555555555555558
0 0.5419270833333333 0.6694444444444445 0.0140625 0.031481481481481485
0 0.5388020833333333 0.5537037037037037 0.009895833333333333 0.022222222222222223
0 0.43828125 0.45833333333333337 0.0067708333333333336 0.014814814814814815
0 0.6013020833333333 0.5939814814814816 0.009895833333333333 0.026851851851851852
0 0.49895833333333334 0.42824074074074076 0.005208333333333333 0.012037037037037037
0 0.6557291666666667 0.48703703703703705 0.010416666666666666 0.024074074074074074
0 0.5408854166666667 0.7703703703703704 0.0140625 0.031481481481481485
0 0.5125 0.42592592592592593 0.00625 0.012962962962962964
0 0.5713541666666666 0.40370370370370373 0.00625 0.011111111111111112
0 0.6059895833333333 0.4518518518518519 0.0078125 0.014814814814814815
0 0.9572916666666667 0.4527777777777778 0.0125 0.018518518518518517
