0 0.52734375 0.5319444444444444 0.009895833333333333 0.021296296296296296
0 0.50078125 0.9 0.019270833333333334 0.05740740740740741
0 0.440625 0.8907407407407407 0.01875 0.05
0 0.553125 0.5569444444444445 0.008333333333333333 0.021296296296296296
0 0.56171875 0.7282407407407407 0.0171875 0.03796296296296296
0 0.6153645833333333 0.8208333333333334 0.0140625 0.03981481481481482
0 0.5083333333333333 0.4287037037037037 0.005208333333333333 0.012962962962962964
0 0.49713541666666666 0.4291666666666667 0.005729166666666666 0.012037037037037037
0 0.44479166666666664 0.44537037037037036 0.007291666666666667 0.014814814814814815
0 0.36614583333333334 0.9546296296296297 0.021875 0.053703703703703705
0 0.6552083333333333 0.4847222222222222 0.009375 0.02314814814814815
0 0.30182291666666666 0.5574074074074075 0.0109375 0.031481481481481485
0 0.9497395833333333 0.45 0.008854166666666666 0.014814814814814815
0 0.55234375 0.8731481481481482 0.01614583333333333 0.031481481481481485
0 0.6041666666666666 0.44953703703703707 0.008333333333333333 0.01388888888888889
0 0.553125 0.4046296296296297 0.008333333333333333 0.011111111111111112
