0 0.6513020833333333 0.9037037037037038 0.0203125 0.0462962962962963
0 0.434375 0.9648148148148149 0.019791666666666666 0.05740740740740741
0 0.5153645833333333 0.9675925925925927 0.0203125 0.06296296296296297
0 0.5192708333333333 0.537962962962963 0.009375 0.020370370370370372
0 0.5580729166666667 0.6976851851851852 0.015104166666666667 0.03425925925925926
0 0.6026041666666666 0.775462962962963 0.0125 0.03425925925925926
0 0.3484375 0.5398148148148149 0.010416666666666666 0.024074074074074074
0 0.5669270833333333 0.5726851851851852 0.008854166666666666 0.021296296296296296
0 0.44166666666666665 0.4481481481481482 0.007291666666666667 0.012962962962962964
0 0.49765624999999997 0.4273148148148148 0.005729166666666666 0.012037037037037037
0 0.5104166666666666 0.4273148148148148 0.005208333333333333 0.012037037037037037
0 0.9544270833333334 0.44953703703703707 0.008854166666666666 0.017592592592592594
0 0.5494791666666666 0.8287037037037037 0.0125 0.03333333333333333
0 0.5619791666666667 0.3990740740740741 0.008333333333333333 0.014814814814814815
0 0.6044270833333333 0.44953703703703707 0.008854166666666666 0.015740740740740743
0 0.6546875 0.4810185185185185 0.008333333333333333 0.01388888888888889
