0 0.43984375 0.9009259259259259 0.018229166666666668 0.053703703703703705
0 0.5005208333333333 0.9046296296296297 0.01875 0.05925925925925926
0 0.52734375 0.5319444444444444 0.009895833333333333 0.021296296296296296
0 0.5609375 0.725 0.016666666666666666 0.037037037037037035
0 0.5541666666666667 0.5583333333333333 0.009375 0.020370370370370372
0 0.36432291666666666 0.9611111111111111 0.0234375 0.06481481481481481
0 0.6145833333333334 0.8125 0.015625 0.04166666666666667
0 0.49713541666666666 0.42962962962962964 0.005729166666666666 0.012962962962962964
0 0.5091145833333334 0.4273148148148148 0.0046875 0.012037037037037037
0 0.65546875 0.48564814814814816 0.009895833333333333 0.025
0 0.44505208333333335 0.4398148148148148 0.0078125 0.018518518518518517
0 0.95078125 0.4486111111111111 0.008854166666666666 0.015740740740740743
0 0.30833333333333335 0.55 0.010416666666666666 0.02962962962962963
0 0.5533854166666666 0.8694444444444445 0.01614583333333333 0.03518518518518519
0 0.5549479166666667 0.4027777777777778 0.0078125 0.012962962962962964
0 0.603125 0.44953703703703707 0.008333333333333333 0.01388888888888889
