0 0.6372395833333333 0.8680555555555556 0.0203125 0.04351851851851852
0 0.4395833333333333 0.9805555555555556 0.019791666666666666 0.044444444444444446
0 0.5984375 0.7652777777777778 0.015625 0.036111111111111115
0 0.5252604166666667 0.9782407407407407 0.021354166666666667 0.049074074074074076
0 0.55546875 0.6916666666666667 0.015104166666666667 0.03333333333333333
0 0.359375 0.5328703703703704 0.009375 0.02314814814814815
0 0.57734375 0.5750000000000001 0.009895833333333333 0.020370370370370372
0 0.5216145833333333 0.5412037037037037 0.009895833333333333 0.021296296296296296
0 0.9541666666666666 0.4481481481481482 0.008333333333333333 0.016666666666666666
0 0.44140625 0.45231481481481484 0.0067708333333333336 0.015740740740740743
0 0.49609375 0.42638888888888893 0.0067708333333333336 0.01388888888888889
0 0.5098958333333333 0.42638888888888893 0.005208333333333333 0.012037037037037037
0 0.5455729166666666 0.8083333333333333 0.0140625 0.03333333333333333
0 0.6041666666666666 0.44722222222222224 0.008333333333333333 0.014814814814814815
0 0.6541666666666667 0.4791666666666667 0.008333333333333333 0.015740740740740743
0 0.5635416666666666 0.3995370370370371 0.00625 0.015740740740740743
