0 0.5854166666666667 0.8041666666666667 0.020833333333333332 0.04537037037037037
0 0.5994791666666667 0.5930555555555556 0.010416666666666666 0.025
0 0.5411458333333333 0.6722222222222223 0.015625 0.03333333333333333
0 0.5377604166666666 0.5532407407407408 0.009895833333333333 0.02314814814814815
0 0.59921875 0.750925925925926 0.013020833333333334 0.031481481481481485
0 0.3919270833333333 0.5185185185185185 0.009895833333333333 0.022222222222222223
0 0.4388020833333333 0.45787037037037037 0.0067708333333333336 0.012037037037037037
0 0.4986979166666667 0.42824074074074076 0.005729166666666666 0.012037037037037037
0 0.5419270833333333 0.7768518518518519 0.01614583333333333 0.03888888888888889
0 0.5109375 0.42824074074074076 0.005208333333333333 0.015740740740740743
0 0.5703125 0.4041666666666667 0.00625 0.015740740740740743
0 0.6072916666666667 0.4537037037037037 0.010416666666666666 0.018518518518518517
0 0.6552083333333333 0.4847222222222222 0.008333333333333333 0.015740740740740743
0 0.9572916666666667 0.4564814814814815 0.009375 0.022222222222222223
