0 0.5184895833333333 0.6083333333333334 0.011979166666666666 0.02777777777777778
0 0.615625 0.5953703703703704 0.011458333333333333 0.02592592592592593
0 0.45338541666666665 0.45833333333333337 0.008854166666666666 0.020370370370370372
0 0.4473958333333333 0.6314814814814815 0.0125 0.031481481481481485
0 0.5872395833333334 0.7467592592592592 0.015104166666666667 0.03425925925925926
0 0.3692708333333333 0.912962962962963 0.015625 0.044444444444444446
0 0.70390625 0.6699074074074074 0.013020833333333334 0.032407407407407406
0 0.41354166666666664 0.4439814814814815 0.00625 0.012037037037037037
0 0.6708333333333333 0.48703703703703705 0.009375 0.020370370370370372
0 0.51015625 0.4291666666666667 0.005729166666666666 0.012037037037037037
0 0.4947916666666667 0.4273148148148148 0.005208333333333333 0.012037037037037037
0 0.5072916666666667 0.6912037037037038 0.01875 0.028703703703703703
0 0.9541666666666666 0.4518518518518519 0.010416666666666666 0.020370370370370372
0 0.6299479166666666 0.4486111111111111 0.0078125 0.017592592592592594
0 0.5796875 0.4050925925925926 0.00625 0.01388888888888889
