0 0.5338541666666666 0.6458333333333334 0.014583333333333334 0.030555555555555558
0 0.63359375 0.6092592592592593 0.0109375 0.02592592592592593
0 0.41744791666666664 0.4949074074074074 0.008854166666666666 0.021296296296296296
0 0.5596354166666666 0.5666666666666667 0.009895833333333333 0.024074074074074074
0 0.59453125 0.7398148148148148 0.011979166666666666 0.03518518518518519
0 0.4986979166666667 0.4240740740740741 0.005729166666666666 0.012962962962962964
0 0.66015625 0.4847222222222222 0.008854166666666666 0.021296296296296296
0 0.4315104166666667 0.4625 0.0067708333333333336 0.015740740740740743
0 0.5106770833333333 0.4277777777777778 0.0046875 0.011111111111111112
0 0.5328125 0.7361111111111112 0.015625 0.040740740740740744
0 0.6057291666666667 0.44953703703703707 0.007291666666666667 0.01388888888888889
0 0.9544270833333334 0.4527777777777778 0.009895833333333333 0.018518518518518517
0 0.5760416666666667 0.40046296296296297 0.00625 0.008333333333333333
