0 0.53203125 0.6449074074074075 0.0140625 0.028703703703703703
0 0.6359375 0.6157407407407408 0.010416666666666666 0.02777777777777778
0 0.4192708333333333 0.4962962962962963 0.008333333333333333 0.022222222222222223
0 0.528125 0.7324074074074074 0.016666666666666666 0.040740740740740744
0 0.5932291666666667 0.7388888888888889 0.01875 0.03518518518518519
0 0.4981770833333333 0.42453703703703705 0.005729166666666666 0.01388888888888889
0 0.5627604166666667 0.5703703703703704 0.0109375 0.02592592592592593
0 0.6606770833333333 0.48564814814814816 0.008854166666666666 0.021296296296296296
0 0.5114583333333333 0.42962962962962964 0.005208333333333333 0.012962962962962964
0 0.43046875 0.46111111111111114 0.005729166666666666 0.012962962962962964
0 0.6057291666666667 0.45 0.007291666666666667 0.014814814814814815
0 0.9544270833333334 0.4532407407407408 0.0109375 0.017592592592592594
0 0.5760416666666667 0.4013888888888889 0.005208333333333333 0.010185185185185186
