0 0.60859375 0.5935185185185186 0.011979166666666666 0.02592592592592593
0 0.5205729166666666 0.6092592592592593 0.013020833333333334 0.02777777777777778
0 0.5901041666666667 0.7449074074074075 0.015625 0.036111111111111115
0 0.4518229166666667 0.46342592592592596 0.0078125 0.019444444444444445
0 0.36692708333333335 0.9217592592592593 0.018229166666666668 0.05092592592592593
0 0.4510416666666667 0.6351851851851852 0.013541666666666667 0.031481481481481485
0 0.6981770833333333 0.6694444444444445 0.013020833333333334 0.03333333333333333
0 0.41484375 0.4430555555555556 0.005729166666666666 0.012037037037037037
0 0.6703125 0.4861111111111111 0.009375 0.020370370370370372
0 0.4942708333333333 0.42638888888888893 0.005208333333333333 0.012037037037037037
0 0.5106770833333333 0.4287037037037037 0.005729166666666666 0.012962962962962964
0 0.5130208333333334 0.7000000000000001 0.01875 0.03518518518518519
0 0.9528645833333333 0.4537037037037037 0.013020833333333334 0.020370370370370372
0 0.5802083333333333 0.4046296296296297 0.005208333333333333 0.011111111111111112
0 0.6270833333333333 0.4513888888888889 0.008333333333333333 0.019444444444444445
