0 0.5221354166666666 0.6189814814814815 0.0140625 0.028703703703703703
0 0.4708333333333333 0.6657407407407407 0.014583333333333334 0.03333333333333333
0 0.5921875 0.5828703703703704 0.010416666666666666 0.021296296296296296
0 0.4419270833333333 0.47175925925925927 0.0078125 0.021296296296296296
0 0.5924479166666666 0.7421296296296297 0.015104166666666667 0.03796296296296296
0 0.6721354166666667 0.6430555555555556 0.013020833333333334 0.03796296296296296
0 0.66875 0.4851851851851852 0.009375 0.022222222222222223
0 0.4942708333333333 0.425 0.005208333333333333 0.012962962962962964
0 0.5106770833333333 0.4291666666666667 0.0046875 0.012037037037037037
0 0.41822916666666665 0.45092592592592595 0.00625 0.012962962962962964
0 0.346875 0.9666666666666667 0.020833333333333332 0.031481481481481485
0 0.5169270833333334 0.7074074074074075 0.013020833333333334 0.03333333333333333
0 0.9536458333333333 0.4564814814814815 0.009375 0.018518518518518517
0 0.6208333333333333 0.45555555555555555 0.008333333333333333 0.018518518518518517
0 0.5794270833333334 0.4013888888888889 0.005729166666666666 0.010185185185185186
