0 0.5229166666666667 0.6305555555555555 0.013541666666666667 0.02777777777777778
0 0.4981770833333333 0.7055555555555556 0.0140625 0.03518518518518519
0 0.5786458333333333 0.5745370370370371 0.010416666666666666 0.026851851851851852
0 0.59140625 0.7412037037037037 0.0171875 0.03981481481481482
0 0.6510416666666666 0.6240740740740741 0.011458333333333333 0.02777777777777778
0 0.6645833333333333 0.4865740740740741 0.009375 0.02314814814814815
0 0.43046875 0.4861111111111111 0.009895833333333333 0.024074074074074074
0 0.9544270833333334 0.4532407407407408 0.008854166666666666 0.015740740740740743
0 0.51015625 0.42962962962962964 0.0046875 0.011111111111111112
0 0.42473958333333334 0.45787037037037037 0.0067708333333333336 0.01388888888888889
0 0.52734375 0.7226851851851852 0.013020833333333334 0.026851851851851852
0 0.5786458333333333 0.4041666666666667 0.00625 0.010185185185185186
0 0.49713541666666666 0.42453703703703705 0.005729166666666666 0.010185185185185186
0 0.6091145833333333 0.4527777777777778 0.0078125 0.012962962962962964
