0 0.5216145833333333 0.6162037037037037 0.013020833333333334 0.026851851851851852
0 0.46901041666666665 0.6652777777777779 0.013020833333333334 0.030555555555555558
0 0.5919270833333333 0.7430555555555556 0.015104166666666667 0.03981481481481482
0 0.6723958333333333 0.6453703703703704 0.0125 0.03518518518518519
0 0.4419270833333333 0.4712962962962963 0.0078125 0.020370370370370372
0 0.5927083333333333 0.5861111111111111 0.010416666666666666 0.024074074074074074
0 0.66875 0.4861111111111111 0.009375 0.022222222222222223
0 0.49374999999999997 0.42453703703703705 0.005208333333333333 0.012037037037037037
0 0.51015625 0.4300925925925926 0.0046875 0.012037037037037037
0 0.41822916666666665 0.4513888888888889 0.00625 0.012037037037037037
0 0.5140625 0.7023148148148148 0.0125 0.030555555555555558
0 0.35 0.9611111111111111 0.021875 0.037037037037037035
0 0.953125 0.45555555555555555 0.008333333333333333 0.016666666666666666
0 0.5802083333333333 0.40370370370370373 0.005208333333333333 0.011111111111111112
0 0.6205729166666667 0.45601851851851855 0.0078125 0.017592592592592594
