0 0.23619791666666667 0.4175925925925926 0.0296875 0.061111111111111116
0 0.28619791666666666 0.587037037037037 0.03802083333333333 0.07222222222222223
0 0.6171875 0.07268518518518519 0.0125 0.025
0 0.8205729166666667 0.562962962962963 0.03177083333333333 0.05740740740740741
0 0.5479166666666666 0.5703703703703704 0.036458333333333336 0.08148148148148149
0 0.63359375 0.6583333333333333 0.0421875 0.08888888888888889
0 0.5252604166666667 0.12361111111111112 0.011979166666666666 0.026851851851851852
0 0.2760416666666667 0.7018518518518518 0.040625 0.08333333333333334
0 0.32109375 0.4305555555555556 0.03177083333333333 0.07222222222222223
0 0.43723958333333335 0.061111111111111116 0.0109375 0.024074074074074074
0 0.12604166666666666 0.7773148148148148 0.05 0.0787037037037037
0 0.33697916666666666 0.09537037037037037 0.0125 0.02592592592592593
0 0.778125 0.26944444444444443 0.022916666666666665 0.04259259259259259
0 0.33619791666666665 0.15601851851851853 0.013020833333333334 0.028703703703703703
0 0.9716145833333333 0.06666666666666667 0.009895833333333333 0.018518518518518517
0 0.3453125 0.6097222222222223 0.03958333333333333 0.08240740740740742
0 0.5341145833333333 0.0787037037037037 0.0109375 0.022222222222222223
0 0.65234375 0.06018518518518519 0.009895833333333333 0.022222222222222223
0 0.45598958333333334 0.6837962962962963 0.0390625 0.08981481481481482
0 0.6796875 0.08935185185185185 0.011458333333333333 0.02314814814814815
0 0.5200520833333333 0.06157407407407408 0.009895833333333333 0.021296296296296296
0 0.48515625 0.07361111111111111 0.009895833333333333 0.02314814814814815
0 0.6911458333333333 0.05416666666666667 0.010416666666666666 0.02314814814814815
0 0.5604166666666667 0.10833333333333334 0.010416666666666666 0.02592592592592593
0 0.9169270833333333 0.05 0.009895833333333333 0.018518518518518517
0 0.55859375 0.08240740740740742 0.0109375 0.022222222222222223
0 0.22265625 0.08009259259259259 0.013020833333333334 0.02314814814814815
0 0.7799479166666666 0.05694444444444444 0.008854166666666666 0.021296296296296296
0 0.6197916666666666 0.26944444444444443 0.019791666666666666 0.04259259259259259
0 0.8273437499999999 0.06759259259259259 0.009895833333333333 0.016666666666666666
0 0.6979166666666666 0.12407407407407407 0.015625 0.02777777777777778
0 0.23645833333333333 0.09537037037037037 0.014583333333333334 0.02592592592592593
0 0.19036458333333334 0.8439814814814816 0.05364583333333333 0.11018518518518519
0 0.22916666666666666 0.11111111111111112 0.010416666666666666 0.022222222222222223
0 0.8624999999999999 0.16574074074074074 0.016666666666666666 0.02777777777777778
0 0.46328125 0.10277777777777779 0.0109375 0.031481481481481485
0 0.40572916666666664 0.5606481481481481 0.034375 0.075
0 0.5848958333333333 0.13101851851851853 0.009375 0.025
0 0.66484375 0.13703703703703704 0.0140625 0.02777777777777778
0 0.8458333333333333 0.28101851851851856 0.017708333333333333 0.032407407407407406
0 0.1453125 0.0925925925925926 0.013541666666666667 0.02962962962962963
0 0.6505208333333333 0.15416666666666667 0.015625 0.030555555555555558
0 0.46510416666666665 0.0912037037037037 0.010416666666666666 0.026851851851851852
0 0.1390625 0.09444444444444444 0.0125 0.02592592592592593
0 0.7802083333333333 0.07962962962962963 0.0125 0.022222222222222223
0 0.43828125 0.19166666666666668 0.015104166666666667 0.02777777777777778
