0 0.12239583333333333 0.07037037037037037 0.0125 0.02592592592592593
0 0.5643229166666667 0.487962962962963 0.0328125 0.07037037037037037
0 0.6520833333333333 0.11342592592592593 0.0125 0.025
0 0.7213541666666666 0.5550925925925926 0.034375 0.0638888888888889
0 0.6291666666666667 0.6305555555555555 0.03854166666666667 0.08333333333333334
0 0.12734375 0.6263888888888889 0.0390625 0.07314814814814816
0 0.94765625 0.03287037037037037 0.0109375 0.02314814814814815
0 0.04609375 0.08101851851851852 0.0171875 0.028703703703703703
0 0.51484375 0.06574074074074074 0.011979166666666666 0.022222222222222223
0 0.7518229166666667 0.18472222222222223 0.019270833333333334 0.03796296296296296
0 0.36015625 0.537962962962963 0.033854166666666664 0.06851851851851852
0 0.8013020833333333 0.04398148148148148 0.013020833333333334 0.021296296296296296
0 0.32578125 0.13703703703703704 0.0140625 0.02777777777777778
0 0.5140625 0.7583333333333334 0.04375 0.10370370370370371
0 0.5067708333333333 0.4287037037037037 0.029166666666666667 0.07407407407407407
0 0.45677083333333335 0.0787037037037037 0.0125 0.02592592592592593
0 0.3497395833333333 0.6476851851851853 0.0421875 0.08981481481481482
0 0.6401041666666667 0.04351851851851852 0.010416666666666666 0.022222222222222223
0 0.2596354166666667 0.7583333333333334 0.0421875 0.10740740740740741
0 0.9093749999999999 0.033796296296296297 0.009375 0.017592592592592594
0 0.42109375 0.1462962962962963 0.0140625 0.02962962962962963
0 0.4513020833333333 0.0587962962962963 0.013020833333333334 0.025
0 0.4875 0.13425925925925927 0.010416666666666666 0.02777777777777778
0 0.8901041666666667 0.04398148148148148 0.010416666666666666 0.021296296296296296
0 0.43385416666666665 0.11805555555555557 0.011458333333333333 0.028703703703703703
0 0.9580729166666666 0.04953703703703704 0.008854166666666666 0.017592592592592594
0 0.3729166666666667 0.06296296296296297 0.0125 0.024074074074074074
0 0.92734375 0.13240740740740742 0.01614583333333333 0.02777777777777778
0 0.8059895833333334 0.3388888888888889 0.0203125 0.0462962962962963
0 0.6390625 0.1375 0.014583333333333334 0.032407407407407406
0 0.9934895833333334 0.04537037037037037 0.008854166666666666 0.016666666666666666
0 0.746875 0.043055555555555555 0.008333333333333333 0.021296296296296296
0 0.8356770833333333 0.030092592592592594 0.008854166666666666 0.021296296296296296
0 0.43203125 0.052314814814814814 0.009895833333333333 0.021296296296296296
0 0.1703125 0.5486111111111112 0.040625 0.10833333333333334
0 0.7497395833333333 0.07407407407407407 0.015104166666666667 0.02592592592592593
0 0.475 0.5310185185185186 0.027083333333333334 0.06574074074074074
0 0.9708333333333333 0.02777777777777778 0.009375 0.018518518518518517
0 0.55390625 0.14583333333333334 0.01614583333333333 0.032407407407407406
0 0.6583333333333333 0.27592592592592596 0.019791666666666666 0.05
0 0.35651041666666666 0.0587962962962963 0.0140625 0.02314814814814815
0 0.35572916666666665 0.10185185185185186 0.015625 0.02962962962962963
0 0.7309895833333333 0.02314814814814815 0.009895833333333333 0.018518518518518517
0 0.7286458333333333 0.04722222222222222 0.0125 0.022222222222222223
