0 0.7078125 0.5462962962962963 0.030208333333333334 0.053703703703703705
0 0.35520833333333335 0.09537037037037037 0.0125 0.02962962962962963
0 0.32708333333333334 0.13564814814814816 0.013541666666666667 0.028703703703703703
0 0.0953125 0.07314814814814816 0.016666666666666666 0.02962962962962963
0 0.6729166666666666 0.6282407407407408 0.041666666666666664 0.07685185185185185
0 0.5515625 0.06157407407407408 0.010416666666666666 0.021296296296296296
0 0.6513020833333333 0.11666666666666667 0.011979166666666666 0.02777777777777778
0 0.42343749999999997 0.08333333333333334 0.011458333333333333 0.02592592592592593
0 0.5692708333333333 0.4814814814814815 0.03125 0.07407407407407407
0 0.3609375 0.6412037037037037 0.041666666666666664 0.08796296296296297
0 0.18072916666666666 0.07037037037037037 0.013541666666666667 0.024074074074074074
0 0.12057291666666667 0.6078703703703704 0.04010416666666666 0.07685185185185185
0 0.3625 0.5388888888888889 0.03125 0.06851851851851852
0 0.2640625 0.737962962962963 0.040625 0.0962962962962963
0 0.48411458333333335 0.125 0.0109375 0.02592592592592593
0 0.77890625 0.03888888888888889 0.008854166666666666 0.018518518518518517
0 0.67734375 0.03425925925925926 0.009895833333333333 0.022222222222222223
0 0.4614583333333333 0.0462962962962963 0.010416666666666666 0.020370370370370372
0 0.9833333333333333 0.03287037037037037 0.011458333333333333 0.021296296296296296
0 0.471875 0.750925925925926 0.04479166666666667 0.11296296296296297
0 0.4171875 0.1462962962962963 0.015625 0.03333333333333333
0 0.8325520833333333 0.03657407407407408 0.0109375 0.021296296296296296
0 0.5143229166666666 0.4300925925925926 0.0265625 0.06944444444444445
0 0.9299479166666667 0.04722222222222222 0.009895833333333333 0.024074074074074074
0 0.9453125 0.03564814814814815 0.009375 0.021296296296296296
0 0.15494791666666666 0.5148148148148148 0.03697916666666667 0.08148148148148149
0 0.48984374999999997 0.5393518518518519 0.03177083333333333 0.0787037037037037
0 0.9609375 0.04861111111111111 0.008333333333333333 0.019444444444444445
0 0.43385416666666665 0.10972222222222222 0.011458333333333333 0.028703703703703703
0 0.8361979166666667 0.2777777777777778 0.021354166666666667 0.04259259259259259
0 0.75078125 0.18472222222222223 0.018229166666666668 0.03796296296296296
0 0.40390624999999997 0.06898148148148149 0.0109375 0.02314814814814815
0 0.76171875 0.044444444444444446 0.009895833333333333 0.020370370370370372
0 0.7059895833333333 0.22268518518518518 0.019270833333333334 0.03981481481481482
0 0.4817708333333333 0.0638888888888889 0.011458333333333333 0.022222222222222223
0 0.8734375 0.017592592592592594 0.009375 0.016666666666666666
0 0.63203125 0.1675925925925926 0.013020833333333334 0.031481481481481485
0 0.7674479166666667 0.02777777777777778 0.008854166666666666 0.020370370370370372
0 0.5333333333333333 0.4273148148148148 0.021875 0.05277777777777778
0 0.921875 0.12962962962962962 0.019791666666666666 0.02962962962962963
0 0.38619791666666664 0.053703703703703705 0.013020833333333334 0.031481481481481485
0 0.9901041666666667 0.7773148148148148 0.020833333333333332 0.0787037037037037
0 0.9955729166666667 0.02777777777777778 0.008854166666666666 0.020370370370370372
0 0.7544270833333333 0.07361111111111111 0.013020833333333334 0.025
0 0.5466145833333333 0.1685185185185185 0.0140625 0.037037037037037035
