0 0.32708333333333334 0.13472222222222222 0.013541666666666667 0.028703703703703703
0 0.5770833333333333 0.475462962962963 0.030208333333333334 0.06574074074074074
0 0.6981770833333333 0.549537037037037 0.0328125 0.062037037037037036
0 0.3567708333333333 0.09444444444444444 0.0125 0.02962962962962963
0 0.70390625 0.6342592592592593 0.04114583333333333 0.08333333333333334
0 0.13125 0.07824074074074075 0.017708333333333333 0.030555555555555558
0 0.25885416666666666 0.7333333333333334 0.042708333333333334 0.10740740740740741
0 0.10989583333333333 0.5995370370370371 0.03958333333333333 0.07685185185185185
0 0.4380208333333333 0.7726851851851853 0.04375 0.10277777777777779
0 0.8513020833333333 0.04166666666666667 0.009895833333333333 0.020370370370370372
0 0.5778645833333333 0.06574074074074074 0.0109375 0.024074074074074074
0 0.7028645833333333 0.040740740740740744 0.009895833333333333 0.022222222222222223
0 0.3716145833333333 0.6356481481481482 0.04114583333333333 0.08611111111111111
0 0.4341145833333333 0.10787037037037038 0.013020833333333334 0.028703703703703703
0 0.14505208333333333 0.49074074074074076 0.0359375 0.08148148148148149
0 0.5005208333333333 0.052314814814814814 0.0125 0.02314814814814815
0 0.48046875 0.04861111111111111 0.0109375 0.021296296296296296
0 0.65 0.11851851851851852 0.011458333333333333 0.02777777777777778
0 0.2203125 0.0625 0.011458333333333333 0.02314814814814815
0 0.7552083333333334 0.07037037037037037 0.0125 0.024074074074074074
0 0.5518229166666666 0.42824074074074076 0.0265625 0.062037037037037036
0 0.36302083333333335 0.5439814814814815 0.03333333333333333 0.0712962962962963
0 0.4856770833333333 0.10833333333333334 0.0109375 0.02962962962962963
0 0.51875 0.4305555555555556 0.03125 0.07037037037037037
0 0.42473958333333334 0.059722222222222225 0.011979166666666666 0.025
0 0.9018229166666667 0.024074074074074074 0.009895833333333333 0.016666666666666666
0 0.39791666666666664 0.07777777777777778 0.009375 0.024074074074074074
0 0.9270833333333334 0.1277777777777778 0.016666666666666666 0.02777777777777778
0 0.8611979166666667 0.2625 0.0203125 0.03796296296296296
0 0.9859375 0.7361111111111112 0.027083333333333334 0.07962962962962963
0 0.7934895833333333 0.018055555555555557 0.009895833333333333 0.019444444444444445
0 0.7854166666666667 0.04490740740740741 0.011458333333333333 0.02314814814814815
0 0.9578125 0.0375 0.010416666666666666 0.02314814814814815
0 0.5361979166666666 0.13101851851851853 0.0140625 0.026851851851851852
0 0.5078125 0.5675925925925926 0.036458333333333336 0.07222222222222223
0 0.8020833333333334 0.032407407407407406 0.008333333333333333 0.016666666666666666
0 0.9731770833333333 0.032407407407407406 0.0078125 0.018518518518518517
0 0.621875 0.1685185185185185 0.014583333333333334 0.02962962962962963
0 0.9635416666666666 0.04537037037037037 0.008333333333333333 0.018518518518518517
0 0.4153645833333333 0.14537037037037037 0.015104166666666667 0.031481481481481485
0 0.7510416666666666 0.1800925925925926 0.016666666666666666 0.032407407407407406
0 0.7408854166666666 0.2800925925925926 0.013020833333333334 0.036111111111111115
0 0.4080729166666667 0.052314814814814814 0.015104166666666667 0.026851851851851852
