0 0.7908854166666667 0.6527777777777778 0.0421875 0.09074074074074075
0 0.084375 0.5828703703703704 0.040625 0.075
0 0.66796875 0.575925925925926 0.0265625 0.05925925925925926
0 0.3328125 0.08842592592592594 0.0125 0.026851851851851852
0 0.21328125 0.07175925925925926 0.015104166666666667 0.028703703703703703
0 0.5955729166666667 0.46574074074074073 0.03177083333333333 0.06851851851851852
0 0.359375 0.09444444444444444 0.011458333333333333 0.02962962962962963
0 0.4328125 0.10694444444444445 0.0125 0.028703703703703703
0 0.4864583333333333 0.08981481481481482 0.010416666666666666 0.02592592592592593
0 0.5125 0.4277777777777778 0.029166666666666667 0.07407407407407407
0 0.31927083333333334 0.06481481481481481 0.0125 0.02592592592592593
0 0.5799479166666667 0.42453703703703705 0.025520833333333333 0.062037037037037036
0 0.24244791666666665 0.6759259259259259 0.04010416666666666 0.08148148148148149
0 0.3255208333333333 0.7689814814814815 0.04479166666666667 0.08981481481481482
0 0.10963541666666667 0.4550925925925926 0.030729166666666665 0.062037037037037036
0 0.47734375 0.05740740740740741 0.009895833333333333 0.024074074074074074
0 0.37604166666666666 0.6097222222222223 0.03854166666666667 0.08425925925925926
0 0.7497395833333333 0.18564814814814815 0.01614583333333333 0.036111111111111115
0 0.6390625 0.062037037037037036 0.010416666666666666 0.022222222222222223
0 0.4192708333333333 0.14305555555555557 0.014583333333333334 0.03425925925925926
0 0.5533854166666666 0.053703703703703705 0.0109375 0.02592592592592593
0 0.98515625 0.6726851851851852 0.028645833333333332 0.07314814814814816
0 0.6408854166666667 0.1449074074074074 0.01614583333333333 0.032407407407407406
0 0.7645833333333333 0.03425925925925926 0.010416666666666666 0.020370370370370372
0 0.36640625 0.5560185185185186 0.033854166666666664 0.0712962962962963
0 0.9013020833333333 0.032407407407407406 0.0109375 0.020370370370370372
0 0.5286458333333334 0.04490740740740741 0.009375 0.02314814814814815
0 0.9729166666666667 0.05092592592592593 0.008333333333333333 0.016666666666666666
0 0.91015625 0.037037037037037035 0.0109375 0.020370370370370372
0 0.8393229166666667 0.044444444444444446 0.009895833333333333 0.018518518518518517
0 0.9721354166666667 0.019444444444444445 0.009895833333333333 0.018518518518518517
0 0.4557291666666667 0.04490740740740741 0.009375 0.021296296296296296
0 0.7635416666666667 0.06805555555555556 0.013541666666666667 0.026851851851851852
0 0.9432291666666667 0.1527777777777778 0.01875 0.02777777777777778
0 0.8575520833333333 0.01898148148148148 0.009895833333333333 0.015740740740740743
0 0.8609375 0.028703703703703703 0.011458333333333333 0.020370370370370372
0 0.775 0.24629629629629632 0.020833333333333332 0.04259259259259259
0 0.90625 0.3 0.021875 0.040740740740740744
0 0.60703125 0.21805555555555556 0.0203125 0.032407407407407406
0 0.5427083333333333 0.5643518518518519 0.03958333333333333 0.075
0 0.4890625 0.15555555555555556 0.016666666666666666 0.02962962962962963
0 0.3140625 0.15833333333333333 0.016666666666666666 0.031481481481481485
