0 0.57265625 0.5064814814814815 0.0328125 0.07037037037037037
0 0.60703125 0.6953703703703704 0.04114583333333333 0.1
0 0.39453125 0.4152777777777778 0.027604166666666666 0.0638888888888889
0 0.37838541666666664 0.09861111111111112 0.013020833333333334 0.028703703703703703
0 0.7572916666666667 0.5745370370370371 0.035416666666666666 0.062037037037037036
0 0.45598958333333334 0.437962962962963 0.0296875 0.07222222222222223
0 0.8020833333333334 0.0375 0.010416666666666666 0.019444444444444445
0 0.896875 0.033796296296296297 0.009375 0.019444444444444445
0 0.77578125 0.26435185185185184 0.025520833333333333 0.049074074074074076
0 0.3403645833333333 0.7138888888888889 0.04635416666666667 0.10185185185185186
0 0.40520833333333334 0.07824074074074075 0.011458333333333333 0.025
0 0.95703125 0.050462962962962966 0.008854166666666666 0.019444444444444445
0 0.20026041666666666 0.7810185185185186 0.0453125 0.08796296296296297
0 0.5252604166666667 0.06018518518518519 0.0109375 0.02592592592592593
0 0.5622395833333333 0.16018518518518518 0.011979166666666666 0.02962962962962963
0 0.7388020833333333 0.07777777777777778 0.0140625 0.024074074074074074
0 0.6541666666666667 0.11666666666666667 0.011458333333333333 0.02592592592592593
0 0.32838541666666665 0.14212962962962963 0.013020833333333334 0.026851851851851852
0 0.46588541666666666 0.10555555555555556 0.013020833333333334 0.02962962962962963
0 0.6958333333333333 0.04953703703703704 0.011458333333333333 0.021296296296296296
0 0.5359375 0.11527777777777778 0.011458333333333333 0.026851851851851852
0 0.8377604166666667 0.036111111111111115 0.0109375 0.024074074074074074
0 0.5395833333333333 0.6513888888888889 0.03229166666666666 0.0787037037037037
0 0.35651041666666666 0.5532407407407408 0.033854166666666664 0.0712962962962963
0 0.20078125 0.6620370370370371 0.044270833333333336 0.08518518518518518
0 0.75625 0.22592592592592595 0.01875 0.03333333333333333
0 0.9171874999999999 0.17685185185185187 0.015625 0.02777777777777778
0 0.6442708333333333 0.04490740740740741 0.009375 0.017592592592592594
0 0.7739583333333333 0.0462962962962963 0.010416666666666666 0.022222222222222223
0 0.9872395833333333 0.05740740740740741 0.009895833333333333 0.020370370370370372
0 0.55234375 0.08101851851851852 0.008854166666666666 0.02314814814814815
0 0.2622395833333333 0.5925925925925926 0.034895833333333334 0.0925925925925926
0 0.6174479166666667 0.036111111111111115 0.008854166666666666 0.022222222222222223
0 0.62421875 0.2564814814814815 0.019270833333333334 0.04814814814814815
0 0.36015625 0.06944444444444445 0.0140625 0.02962962962962963
0 0.3484375 0.06018518518518519 0.010416666666666666 0.020370370370370372
0 0.6208333333333333 0.061111111111111116 0.011458333333333333 0.02592592592592593
0 0.9255208333333333 0.05 0.008333333333333333 0.016666666666666666
0 0.4203125 0.15 0.0125 0.02592592592592593
0 0.7106770833333333 0.037037037037037035 0.009895833333333333 0.018518518518518517
0 0.6377604166666666 0.13935185185185187 0.0140625 0.032407407407407406
0 0.7041666666666666 0.05324074074074074 0.010416666666666666 0.019444444444444445
0 0.44895833333333335 0.537962962962963 0.03333333333333333 0.061111111111111116
0 0.26848958333333334 0.062037037037037036 0.009895833333333333 0.018518518518518517
0 0.27734375 0.07083333333333333 0.015104166666666667 0.026851851851851852
