0 0.08697916666666666 0.5750000000000001 0.0375 0.07407407407407407
0 0.2559895833333333 0.06805555555555556 0.015104166666666667 0.028703703703703703
0 0.48411458333333335 0.0912037037037037 0.013020833333333334 0.026851851851851852
0 0.6489583333333333 0.5782407407407407 0.030208333333333334 0.06574074074074074
0 0.6049479166666667 0.4652777777777778 0.03177083333333333 0.0712962962962963
0 0.8427083333333333 0.674537037037037 0.041666666666666664 0.08425925925925926
0 0.29583333333333334 0.0837962962962963 0.011458333333333333 0.025
0 0.35703125 0.09583333333333334 0.011979166666666666 0.030555555555555558
0 0.5104166666666666 0.4342592592592593 0.03125 0.07407407407407407
0 0.7513020833333334 0.1824074074074074 0.0171875 0.037037037037037035
0 0.0875 0.42962962962962964 0.03333333333333333 0.05925925925925926
0 0.27708333333333335 0.7601851851851852 0.042708333333333334 0.0925925925925926
0 0.37135416666666665 0.0625 0.011458333333333333 0.025
0 0.9835937499999999 0.6356481481481482 0.0296875 0.06944444444444445
0 0.4328125 0.10740740740740741 0.011458333333333333 0.02962962962962963
0 0.24140625 0.6615740740740741 0.03802083333333333 0.0712962962962963
0 0.5807291666666666 0.05740740740740741 0.010416666666666666 0.022222222222222223
0 0.5544270833333333 0.04861111111111111 0.009895833333333333 0.02314814814814815
0 0.584375 0.4287037037037037 0.028125 0.06481481481481481
0 0.3723958333333333 0.6157407407407408 0.03854166666666667 0.08518518518518518
0 0.4192708333333333 0.14351851851851852 0.015625 0.03333333333333333
0 0.9783854166666667 0.051388888888888894 0.008854166666666666 0.019444444444444445
0 0.6736979166666667 0.05555555555555556 0.009895833333333333 0.020370370370370372
0 0.6333333333333333 0.1388888888888889 0.013541666666666667 0.02962962962962963
0 0.796875 0.028240740740740743 0.009375 0.021296296296296296
0 0.93984375 0.03194444444444445 0.008854166666666666 0.017592592592592594
0 0.3658854166666667 0.5527777777777778 0.027604166666666666 0.05185185185185186
0 0.8677083333333333 0.03935185185185185 0.010416666666666666 0.021296296296296296
0 0.9286458333333333 0.03657407407407408 0.009375 0.017592592592592594
0 0.9549479166666667 0.14212962962962963 0.01614583333333333 0.026851851851851852
0 0.8890625 0.033796296296296297 0.009375 0.019444444444444445
0 0.8908854166666667 0.014351851851851852 0.008854166666666666 0.019444444444444445
0 0.7705729166666666 0.07222222222222223 0.0140625 0.024074074074074074
0 0.7846354166666667 0.20740740740740743 0.018229166666666668 0.03333333333333333
0 0.4809895833333333 0.05277777777777778 0.011979166666666666 0.02592592592592593
0 0.9338541666666667 0.300462962962963 0.019791666666666666 0.03425925925925926
0 0.3052083333333333 0.19074074074074074 0.0125 0.02777777777777778
0 0.475 0.14120370370370372 0.016666666666666666 0.036111111111111115
0 0.58828125 0.16898148148148148 0.018229166666666668 0.03425925925925926
0 0.5041666666666667 0.061111111111111116 0.010416666666666666 0.02777777777777778
0 0.55859375 0.5546296296296297 0.034895833333333334 0.07222222222222223
