0 0.6096354166666667 0.4638888888888889 0.030729166666666665 0.06851851851851852
0 0.35494791666666664 0.0962962962962963 0.011979166666666666 0.031481481481481485
0 0.28020833333333334 0.09074074074074075 0.013541666666666667 0.02592592592592593
0 0.6411458333333333 0.5782407407407407 0.029166666666666667 0.06574074074074074
0 0.2591145833333333 0.7495370370370371 0.043229166666666666 0.09537037037037037
0 0.58125 0.42638888888888893 0.026041666666666668 0.06018518518518519
0 0.81015625 0.03333333333333333 0.009895833333333333 0.020370370370370372
0 0.09322916666666667 0.5685185185185185 0.035416666666666666 0.07037037037037037
0 0.50859375 0.4342592592592593 0.030729166666666665 0.07037037037037037
0 0.24375 0.6527777777777778 0.0375 0.07222222222222223
0 0.9825520833333333 0.6282407407407408 0.030729166666666665 0.06759259259259259
0 0.08151041666666667 0.425462962962963 0.0328125 0.062037037037037036
0 0.8666666666666667 0.6800925925925926 0.03958333333333333 0.08796296296296297
0 0.75234375 0.18101851851851852 0.0171875 0.03425925925925926
0 0.2739583333333333 0.07083333333333333 0.013541666666666667 0.026851851851851852
0 0.30052083333333335 0.18333333333333335 0.015625 0.02777777777777778
0 0.9802083333333333 0.051388888888888894 0.008333333333333333 0.019444444444444445
0 0.4328125 0.10740740740740741 0.011458333333333333 0.02962962962962963
0 0.5908854166666666 0.05092592592592593 0.0109375 0.022222222222222223
0 0.3927083333333333 0.06620370370370371 0.011458333333333333 0.025
0 0.4197916666666667 0.14675925925925926 0.013541666666666667 0.03425925925925926
0 0.3716145833333333 0.6134259259259259 0.03697916666666667 0.08240740740740742
0 0.5645833333333333 0.0462962962962963 0.009375 0.020370370370370372
0 0.5153645833333333 0.05648148148148149 0.011979166666666666 0.022222222222222223
0 0.88046875 0.038425925925925926 0.009895833333333333 0.021296296296296296
0 0.6872395833333333 0.06064814814814815 0.009895833333333333 0.02314814814814815
0 0.484375 0.09074074074074075 0.0125 0.02777777777777778
0 0.36953125 0.5527777777777778 0.028645833333333332 0.05
0 0.49322916666666666 0.04537037037037037 0.009375 0.018518518518518517
0 0.9536458333333333 0.036111111111111115 0.010416666666666666 0.018518518518518517
0 0.7859375 0.21342592592592594 0.020833333333333332 0.03796296296296296
0 0.6286458333333333 0.1212962962962963 0.010416666666666666 0.02777777777777778
0 0.9614583333333333 0.11990740740740741 0.016666666666666666 0.026851851851851852
0 0.7752604166666667 0.075 0.015104166666666667 0.020370370370370372
0 0.9421875 0.033796296296296297 0.010416666666666666 0.019444444444444445
0 0.5770833333333333 0.15185185185185185 0.014583333333333334 0.031481481481481485
0 0.9054687499999999 0.015277777777777779 0.009895833333333333 0.012037037037037037
0 0.9020833333333333 0.031018518518518518 0.011458333333333333 0.017592592592592594
0 0.47109375 0.13611111111111113 0.0140625 0.02777777777777778
0 0.5630208333333333 0.5509259259259259 0.03854166666666667 0.07037037037037037
0 0.94375 0.30972222222222223 0.017708333333333333 0.03425925925925926
