0 0.5583333333333333 0.5337962962962963 0.03333333333333333 0.075
0 0.6177083333333333 0.6398148148148148 0.03958333333333333 0.0925925925925926
0 0.7953125 0.5648148148148149 0.035416666666666666 0.06296296296296297
0 0.30364583333333334 0.4064814814814815 0.028125 0.061111111111111116
0 0.42265625 0.13703703703703704 0.011979166666666666 0.02962962962962963
0 0.39479166666666665 0.4337962962962963 0.03125 0.07685185185185185
0 0.17291666666666666 0.775 0.04583333333333333 0.08148148148148149
0 0.83203125 0.040740740740740744 0.008854166666666666 0.020370370370370372
0 0.41953124999999997 0.0699074074074074 0.0109375 0.025
0 0.6213541666666667 0.06296296296296297 0.010416666666666666 0.020370370370370372
0 0.7510416666666666 0.04212962962962963 0.011458333333333333 0.02314814814814815
0 0.48463541666666665 0.6800925925925926 0.03697916666666667 0.09166666666666667
0 0.2609375 0.7833333333333333 0.04375 0.11296296296296297
0 0.5161458333333333 0.047685185185185185 0.010416666666666666 0.025
0 0.3302083333333333 0.1449074074074074 0.011458333333333333 0.028703703703703703
0 0.77265625 0.26805555555555555 0.024479166666666666 0.049074074074074076
0 0.303125 0.0976851851851852 0.011458333333333333 0.025
0 0.63203125 0.08101851851851852 0.008854166666666666 0.021296296296296296
0 0.6041666666666666 0.0638888888888889 0.010416666666666666 0.022222222222222223
0 0.5536458333333333 0.058333333333333334 0.009375 0.020370370370370372
0 0.6 0.04120370370370371 0.010416666666666666 0.021296296296296296
0 0.5065104166666666 0.12546296296296297 0.0140625 0.030555555555555558
0 0.7192708333333333 0.07592592592592592 0.014583333333333334 0.02962962962962963
0 0.68203125 0.05555555555555556 0.0109375 0.022222222222222223
0 0.5557291666666666 0.09722222222222222 0.010416666666666666 0.022222222222222223
0 0.7145833333333333 0.04722222222222222 0.009375 0.022222222222222223
0 0.4278645833333333 0.5578703703703703 0.0328125 0.075
0 0.6135416666666667 0.2555555555555556 0.01875 0.04814814814814815
0 0.9635416666666666 0.05462962962962963 0.009375 0.018518518518518517
0 0.9640624999999999 0.03888888888888889 0.010416666666666666 0.018518518518518517
0 0.2895833333333333 0.08472222222222223 0.013541666666666667 0.028703703703703703
0 0.6544270833333333 0.12685185185185185 0.0109375 0.02962962962962963
0 0.8822916666666667 0.14212962962962963 0.016666666666666666 0.028703703703703703
0 0.275 0.07037037037037037 0.013541666666666667 0.031481481481481485
0 0.6364583333333333 0.14907407407407408 0.013541666666666667 0.03333333333333333
0 0.23177083333333334 0.6958333333333334 0.03854166666666667 0.08981481481481482
0 0.31536458333333334 0.563425925925926 0.034895833333333334 0.058333333333333334
0 0.7966145833333333 0.21481481481481482 0.018229166666666668 0.03518518518518519
0 0.5322916666666666 0.06712962962962964 0.011458333333333333 0.025
0 0.31588541666666664 0.6078703703703704 0.03802083333333333 0.06574074074074074
0 0.19895833333333332 0.06574074074074074 0.011458333333333333 0.018518518518518517
0 0.19713541666666667 0.08148148148148149 0.015104166666666667 0.022222222222222223
0 0.4171875 0.19398148148148148 0.020833333333333332 0.032407407407407406
0 0.5776041666666667 0.12222222222222223 0.0125 0.02962962962962963
0 0.8700520833333333 0.04861111111111111 0.008854166666666666 0.015740740740740743
0 0.8651041666666667 0.06574074074074074 0.011458333333333333 0.022222222222222223
