0 0.31953125 0.4115740740740741 0.028645833333333332 0.06018518518518519
0 0.56484375 0.5236111111111111 0.033854166666666664 0.0712962962962963
0 0.7885416666666667 0.562962962962963 0.035416666666666666 0.06296296296296297
0 0.3302083333333333 0.1449074074074074 0.013541666666666667 0.028703703703703703
0 0.43906249999999997 0.062037037037037036 0.011458333333333333 0.02592592592592593
0 0.4166666666666667 0.13101851851851853 0.011458333333333333 0.028703703703703703
0 0.63515625 0.05555555555555556 0.0109375 0.020370370370370372
0 0.6158854166666666 0.6402777777777778 0.03697916666666667 0.08796296296296297
0 0.7739583333333333 0.2689814814814815 0.025 0.049074074074074076
0 0.3203125 0.0912037037037037 0.011458333333333333 0.025
0 0.17473958333333334 0.7800925925925927 0.04635416666666667 0.08240740740740742
0 0.9630208333333333 0.05324074074074074 0.010416666666666666 0.019444444444444445
0 0.765625 0.049074074074074076 0.010416666666666666 0.022222222222222223
0 0.4067708333333333 0.4310185185185185 0.03125 0.075
0 0.6971354166666667 0.05694444444444444 0.0109375 0.02314814814814815
0 0.4966145833333333 0.6703703703703704 0.0328125 0.08518518518518518
0 0.2747395833333333 0.7675925925925926 0.04635416666666667 0.10555555555555556
0 0.72890625 0.04953703703703704 0.008854166666666666 0.021296296296296296
0 0.8427083333333333 0.04351851851851852 0.009375 0.020370370370370372
0 0.61640625 0.24537037037037038 0.019270833333333334 0.0462962962962963
0 0.49895833333333334 0.12685185185185185 0.013541666666666667 0.02777777777777778
0 0.22864583333333333 0.6912037037037038 0.041666666666666664 0.08796296296296297
0 0.5328125 0.04953703703703704 0.009375 0.02314814814814815
0 0.30078125 0.07592592592592592 0.0140625 0.02777777777777778
0 0.6177083333333333 0.03564814814814815 0.011458333333333333 0.021296296296296296
0 0.28802083333333334 0.06712962962962964 0.0125 0.02314814814814815
0 0.9765625 0.033796296296296297 0.010416666666666666 0.019444444444444445
0 0.5760416666666667 0.12037037037037038 0.013541666666666667 0.02962962962962963
0 0.55390625 0.09675925925925927 0.009895833333333333 0.02314814814814815
0 0.43255208333333334 0.5555555555555556 0.0328125 0.07407407407407407
0 0.8872395833333333 0.13055555555555556 0.018229166666666668 0.02777777777777778
0 0.5682291666666667 0.06296296296296297 0.008333333333333333 0.020370370370370372
0 0.32526041666666666 0.5685185185185185 0.030729166666666665 0.07407407407407407
0 0.7846354166666667 0.22870370370370371 0.019270833333333334 0.037037037037037035
0 0.65546875 0.12407407407407407 0.011979166666666666 0.02777777777777778
0 0.5466145833333333 0.06620370370370371 0.0109375 0.025
0 0.6333333333333333 0.1476851851851852 0.015625 0.032407407407407406
0 0.3072916666666667 0.6157407407407408 0.035416666666666666 0.08333333333333334
0 0.20963541666666666 0.06064814814814815 0.015104166666666667 0.026851851851851852
0 0.20989583333333334 0.08703703703703704 0.015625 0.02777777777777778
0 0.7268229166666667 0.08703703703703704 0.0140625 0.02962962962962963
0 0.8794270833333333 0.051388888888888894 0.009895833333333333 0.017592592592592594
0 0.88828125 0.058333333333333334 0.009895833333333333 0.022222222222222223
0 0.4184895833333333 0.17592592592592593 0.0140625 0.02777777777777778
0 0.6205729166666667 0.06342592592592593 0.0078125 0.01388888888888889
0 0.61875 0.07453703703703704 0.010416666666666666 0.025
