0 0.33098958333333334 0.09722222222222222 0.013020833333333334 0.02592592592592593
0 0.22994791666666667 0.4166666666666667 0.0296875 0.061111111111111116
0 0.28411458333333334 0.5902777777777778 0.0390625 0.07314814814814816
0 0.4315104166666667 0.06342592592592593 0.0109375 0.02314814814814815
0 0.5489583333333333 0.5726851851851852 0.035416666666666666 0.0787037037037037
0 0.11927083333333333 0.7768518518518519 0.051041666666666666 0.07962962962962963
0 0.33619791666666665 0.15694444444444444 0.013020833333333334 0.028703703703703703
0 0.6354166666666666 0.6583333333333333 0.042708333333333334 0.08888888888888889
0 0.31614583333333335 0.4310185185185185 0.03125 0.06944444444444445
0 0.9718749999999999 0.06666666666666667 0.009375 0.018518518518518517
0 0.2794270833333333 0.7018518518518518 0.04010416666666666 0.08148148148148149
0 0.6125 0.07546296296296297 0.011458333333333333 0.025
0 0.821875 0.5625 0.03125 0.06018518518518519
0 0.346875 0.612037037037037 0.03854166666666667 0.08148148148148149
0 0.5265625 0.12685185185185185 0.0125 0.02777777777777778
0 0.646875 0.0625 0.009375 0.021296296296296296
0 0.21901041666666665 0.08240740740740742 0.013020833333333334 0.024074074074074074
0 0.5604166666666667 0.10833333333333334 0.010416666666666666 0.024074074074074074
0 0.5544270833333333 0.08194444444444444 0.0109375 0.021296296296296296
0 0.5283854166666666 0.08240740740740742 0.0109375 0.022222222222222223
0 0.7783854166666666 0.27083333333333337 0.022395833333333334 0.04351851851851852
0 0.9130208333333333 0.049074074074074076 0.009375 0.018518518518518517
0 0.6979166666666666 0.1287037037037037 0.013541666666666667 0.024074074074074074
0 0.68359375 0.08750000000000001 0.011979166666666666 0.02314814814814815
0 0.45625 0.6847222222222222 0.03854166666666667 0.08981481481481482
0 0.825 0.0712962962962963 0.009375 0.018518518518518517
0 0.5130208333333334 0.0638888888888889 0.009375 0.020370370370370372
0 0.40338541666666666 0.5611111111111111 0.033854166666666664 0.07592592592592592
0 0.23229166666666667 0.09444444444444444 0.015625 0.02592592592592593
0 0.47890625 0.07453703703703704 0.009895833333333333 0.021296296296296296
0 0.46588541666666666 0.11111111111111112 0.013020833333333334 0.02962962962962963
0 0.61953125 0.2662037037037037 0.0203125 0.04537037037037037
0 0.6864583333333333 0.05694444444444444 0.010416666666666666 0.02314814814814815
0 0.22239583333333332 0.11064814814814815 0.0125 0.021296296296296296
0 0.6627604166666666 0.13796296296296298 0.0140625 0.02777777777777778
0 0.18567708333333333 0.8439814814814816 0.05260416666666667 0.10833333333333334
0 0.8619791666666666 0.1638888888888889 0.016666666666666666 0.02777777777777778
0 0.58359375 0.13518518518518519 0.0109375 0.02592592592592593
0 0.8497395833333333 0.2837962962962963 0.01614583333333333 0.036111111111111115
0 0.46067708333333335 0.09074074074074075 0.0109375 0.024074074074074074
0 0.65234375 0.15694444444444444 0.015104166666666667 0.030555555555555558
0 0.14557291666666666 0.09074074074074075 0.013020833333333334 0.02777777777777778
0 0.13671875 0.09583333333333334 0.015104166666666667 0.026851851851851852
0 0.4395833333333333 0.18194444444444446 0.016666666666666666 0.032407407407407406
0 0.7747395833333334 0.05740740740740741 0.009895833333333333 0.020370370370370372
0 0.7734375 0.08009259259259259 0.0125 0.02314814814814815
