0 0.7583333333333333 0.18888888888888888 0.01875 0.037037037037037035
0 0.5705729166666667 0.5013888888888889 0.0328125 0.07314814814814816
0 0.35859375 0.5458333333333334 0.033854166666666664 0.06574074074074074
0 0.17942708333333332 0.663425925925926 0.04114583333333333 0.08796296296296297
0 0.603125 0.701388888888889 0.042708333333333334 0.09907407407407408
0 0.41692708333333334 0.41712962962962963 0.027604166666666666 0.062037037037037036
0 0.3697916666666667 0.11666666666666667 0.013541666666666667 0.031481481481481485
0 0.553125 0.6347222222222223 0.035416666666666666 0.07685185185185185
0 0.7497395833333333 0.576388888888889 0.0359375 0.06759259259259259
0 0.54765625 0.052314814814814814 0.0109375 0.025
0 0.46848958333333335 0.4365740740740741 0.03177083333333333 0.07314814814814816
0 0.42604166666666665 0.08333333333333334 0.011458333333333333 0.024074074074074074
0 0.7809895833333333 0.26435185185185184 0.0234375 0.049074074074074076
0 0.79609375 0.046759259259259264 0.0109375 0.02314814814814815
0 0.32786458333333335 0.14212962962962963 0.011979166666666666 0.028703703703703703
0 0.82109375 0.04212962962962963 0.009895833333333333 0.021296296296296296
0 0.65234375 0.11666666666666667 0.013020833333333334 0.02592592592592593
0 0.9557291666666666 0.05092592592592593 0.008333333333333333 0.018518518518518517
0 0.34375 0.7092592592592593 0.04583333333333333 0.1
0 0.66328125 0.04490740740740741 0.008854166666666666 0.019444444444444445
0 0.534375 0.07824074074074075 0.010416666666666666 0.025
0 0.4203125 0.1476851851851852 0.015625 0.030555555555555558
0 0.7325520833333333 0.027314814814814816 0.009895833333333333 0.021296296296296296
0 0.8575520833333333 0.04259259259259259 0.0109375 0.024074074074074074
0 0.2934895833333333 0.07037037037037037 0.013020833333333334 0.02592592592592593
0 0.56015625 0.1574074074074074 0.011979166666666666 0.02962962962962963
0 0.5294270833333333 0.12407407407407407 0.0109375 0.024074074074074074
0 0.9088541666666666 0.03194444444444445 0.009375 0.019444444444444445
0 0.24817708333333333 0.5902777777777778 0.034895833333333334 0.09722222222222222
0 0.21015625 0.7777777777777778 0.04010416666666666 0.0962962962962963
0 0.36484375 0.05787037037037037 0.013020833333333334 0.026851851851851852
0 0.4544270833333333 0.11712962962962964 0.0109375 0.028703703703703703
0 0.6403645833333333 0.03796296296296296 0.008854166666666666 0.018518518518518517
0 0.9408854166666667 0.044444444444444446 0.009895833333333333 0.020370370370370372
0 0.715625 0.055092592592592596 0.010416666666666666 0.021296296296296296
0 0.6385416666666667 0.13194444444444445 0.013541666666666667 0.030555555555555558
0 0.921875 0.15925925925925927 0.015625 0.02592592592592593
0 0.7234375 0.047685185185185185 0.009375 0.021296296296296296
0 0.2872395833333333 0.059722222222222225 0.013020833333333334 0.028703703703703703
0 0.7401041666666667 0.07777777777777778 0.013541666666666667 0.024074074074074074
0 0.63984375 0.062037037037037036 0.013020833333333334 0.020370370370370372
0 0.453125 0.5347222222222222 0.034375 0.06574074074074074
0 0.3802083333333333 0.07546296296296297 0.011458333333333333 0.026851851851851852
0 0.6302083333333334 0.2518518518518519 0.022916666666666665 0.040740740740740744
