0 0.6856770833333333 0.563425925925926 0.034895833333333334 0.062037037037037036
0 0.74140625 0.6361111111111112 0.04010416666666666 0.08148148148148149
0 0.16901041666666666 0.06527777777777778 0.015104166666666667 0.030555555555555558
0 0.5864583333333333 0.46620370370370373 0.030208333333333334 0.06759259259259259
0 0.32421875 0.1375 0.015104166666666667 0.028703703703703703
0 0.35885416666666664 0.09351851851851853 0.011458333333333333 0.02962962962962963
0 0.3841145833333333 0.7893518518518519 0.044270833333333336 0.10277777777777779
0 0.36953125 0.0837962962962963 0.0109375 0.026851851851851852
0 0.5190104166666667 0.42824074074074076 0.03177083333333333 0.06944444444444445
0 0.4869791666666667 0.09444444444444444 0.009375 0.02592592592592593
0 0.6065104166666666 0.05648148148148149 0.011979166666666666 0.022222222222222223
0 0.25 0.7027777777777778 0.03958333333333333 0.09444444444444444
0 0.73125 0.029166666666666667 0.010416666666666666 0.019444444444444445
0 0.9669270833333333 0.047685185185185185 0.008854166666666666 0.019444444444444445
0 0.7591145833333334 0.06851851851851852 0.013020833333333334 0.022222222222222223
0 0.37838541666666664 0.6324074074074074 0.04114583333333333 0.0925925925925926
0 0.09296875 0.5944444444444444 0.03802083333333333 0.07592592592592592
0 0.13203125 0.46944444444444444 0.0328125 0.07222222222222223
0 0.2661458333333333 0.06527777777777778 0.0125 0.025
0 0.56953125 0.4273148148148148 0.025520833333333333 0.058333333333333334
0 0.9348958333333334 0.015277777777777779 0.010416666666666666 0.025
0 0.6455729166666666 0.12592592592592594 0.0109375 0.02962962962962963
0 0.4153645833333333 0.1462962962962963 0.01614583333333333 0.037037037037037035
0 0.990625 0.04351851851851852 0.011458333333333333 0.022222222222222223
0 0.4497395833333333 0.06481481481481481 0.0109375 0.024074074074074074
0 0.9838541666666667 0.7092592592592593 0.029166666666666667 0.07777777777777778
0 0.36640625 0.5592592592592592 0.0328125 0.07407407407407407
0 0.4322916666666667 0.10694444444444445 0.0125 0.028703703703703703
0 0.525 0.5782407407407407 0.03333333333333333 0.06574074074074074
0 0.934375 0.1300925925925926 0.016666666666666666 0.028703703703703703
0 0.8109375 0.03564814814814815 0.010416666666666666 0.021296296296296296
0 0.7505208333333333 0.18333333333333335 0.01875 0.03888888888888889
0 0.5018229166666667 0.04259259259259259 0.009895833333333333 0.020370370370370372
0 0.8820312499999999 0.312962962962963 0.0203125 0.03888888888888889
0 0.51640625 0.125 0.018229166666666668 0.037037037037037035
0 0.8221354166666667 0.021296296296296296 0.008854166666666666 0.018518518518518517
0 0.8302083333333333 0.03287037037037037 0.008333333333333333 0.017592592592592594
0 0.8809895833333333 0.033796296296296297 0.009895833333333333 0.017592592592592594
0 0.8742187499999999 0.03333333333333333 0.008854166666666666 0.022222222222222223
0 0.42864583333333334 0.04953703703703704 0.015625 0.025
0 0.52734375 0.06064814814814815 0.0140625 0.026851851851851852
0 0.6153645833333333 0.18842592592592594 0.018229166666666668 0.036111111111111115
0 0.76015625 0.29444444444444445 0.019270833333333334 0.03888888888888889
