0 0.06484375 0.12175925925925926 0.013020833333333334 0.028703703703703703
0 0.2921875 0.11620370370370371 0.013541666666666667 0.028703703703703703
0 0.646875 0.45046296296296295 0.03125 0.0638888888888889
0 0.41015625 0.18055555555555555 0.011979166666666666 0.02592592592592593
0 0.08489583333333334 0.5615740740740741 0.035416666666666666 0.07314814814814816
0 0.22369791666666666 0.1564814814814815 0.0140625 0.02962962962962963
0 0.5856770833333333 0.1375 0.011979166666666666 0.025
0 0.07265625 0.6138888888888889 0.0390625 0.07777777777777778
0 0.9510416666666667 0.23981481481481481 0.022916666666666665 0.03888888888888889
0 0.03203125 0.27361111111111114 0.022395833333333334 0.04351851851851852
0 0.41380208333333335 0.4356481481481482 0.0296875 0.06574074074074074
0 0.7315104166666666 0.48750000000000004 0.028645833333333332 0.062037037037037036
0 0.8421875 0.08101851851851852 0.013541666666666667 0.025
0 0.2598958333333333 0.6583333333333333 0.035416666666666666 0.07037037037037037
0 0.3890625 0.5606481481481481 0.03229166666666666 0.0712962962962963
0 0.7408854166666666 0.19444444444444445 0.0203125 0.03518518518518519
0 0.54609375 0.06898148148148149 0.011979166666666666 0.025
0 0.7591145833333334 0.06481481481481481 0.011979166666666666 0.020370370370370372
0 0.5484375 0.5342592592592593 0.030208333333333334 0.053703703703703705
0 0.4692708333333333 0.14027777777777778 0.014583333333333334 0.028703703703703703
0 0.3966145833333333 0.6370370370370371 0.04010416666666666 0.08888888888888889
0 0.9054687499999999 0.0625 0.008854166666666666 0.017592592592592594
0 0.80859375 0.22824074074074074 0.018229166666666668 0.04166666666666667
0 0.04765625 0.11203703703703705 0.0140625 0.02592592592592593
0 0.73203125 0.052314814814814814 0.0078125 0.017592592592592594
0 0.69609375 0.0712962962962963 0.008854166666666666 0.022222222222222223
0 0.7130208333333333 0.06620370370370371 0.009375 0.026851851851851852
0 0.35572916666666665 0.13935185185185187 0.015625 0.030555555555555558
0 0.9630208333333333 0.1587962962962963 0.011458333333333333 0.021296296296296296
0 0.7848958333333333 0.662962962962963 0.04479166666666667 0.0925925925925926
0 0.6658854166666667 0.059722222222222225 0.009895833333333333 0.021296296296296296
0 0.31171875 0.23750000000000002 0.0140625 0.032407407407407406
0 0.19036458333333334 0.09074074074074075 0.009895833333333333 0.020370370370370372
0 0.4734375 0.1800925925925926 0.014583333333333334 0.036111111111111115
0 0.01015625 0.34444444444444444 0.018229166666666668 0.061111111111111116
