0 0.17760416666666667 0.1050925925925926 0.0125 0.028703703703703703
0 0.38515625 0.07222222222222223 0.0140625 0.02777777777777778
0 0.49557291666666664 0.42453703703703705 0.028645833333333332 0.06574074074074074
0 0.17005208333333333 0.7032407407407407 0.04635416666666667 0.08981481481481482
0 0.7549479166666666 0.19351851851851853 0.018229166666666668 0.03888888888888889
0 0.6078125 0.44953703703703707 0.03125 0.062037037037037036
0 0.47213541666666664 0.10138888888888889 0.013020833333333334 0.028703703703703703
0 0.0375 0.3962962962962963 0.03333333333333333 0.06666666666666667
0 0.09609375 0.5509259259259259 0.03697916666666667 0.06666666666666667
0 0.89296875 0.033796296296296297 0.009895833333333333 0.019444444444444445
0 0.23802083333333332 0.625 0.036458333333333336 0.07962962962962963
0 0.6065104166666666 0.5967592592592593 0.0265625 0.06944444444444445
0 0.5270833333333333 0.06666666666666667 0.010416666666666666 0.024074074074074074
0 0.9393229166666667 0.2662037037037037 0.022395833333333334 0.030555555555555558
0 0.6622395833333333 0.0625 0.0109375 0.021296296296296296
0 0.33567708333333335 0.11805555555555557 0.011979166666666666 0.030555555555555558
0 0.058333333333333334 0.08750000000000001 0.014583333333333334 0.028703703703703703
0 0.6322916666666667 0.050462962962962966 0.009375 0.019444444444444445
0 0.9872395833333333 0.5569444444444445 0.025520833333333333 0.06574074074074074
0 0.9546875 0.04212962962962963 0.010416666666666666 0.019444444444444445
0 0.38203125 0.6268518518518519 0.0359375 0.08518518518518518
0 0.7942708333333334 0.20972222222222223 0.01875 0.03425925925925926
0 0.7755208333333333 0.06018518518518519 0.010416666666666666 0.020370370370370372
0 0.42109375 0.11898148148148148 0.011979166666666666 0.030555555555555558
0 0.6013020833333333 0.425 0.027604166666666666 0.05185185185185186
0 0.9770833333333333 0.036111111111111115 0.009375 0.016666666666666666
0 0.9950520833333333 0.06064814814814815 0.0078125 0.019444444444444445
0 0.5885416666666666 0.061111111111111116 0.011458333333333333 0.022222222222222223
0 0.56171875 0.05555555555555556 0.009895833333333333 0.024074074074074074
0 0.8020833333333334 0.07685185185185185 0.014583333333333334 0.02592592592592593
0 0.22864583333333333 0.2199074074074074 0.0125 0.025
0 0.9947916666666666 0.019444444444444445 0.009375 0.020370370370370372
0 0.5940104166666667 0.15092592592592594 0.009895833333333333 0.024074074074074074
0 0.6223958333333334 0.5666666666666667 0.028125 0.061111111111111116
0 0.37135416666666665 0.5537037037037037 0.029166666666666667 0.04259259259259259
0 0.40130208333333334 0.17592592592592593 0.015104166666666667 0.02962962962962963
0 0.4901041666666667 0.25 0.015625 0.02777777777777778
0 0.47213541666666664 0.12731481481481483 0.013020833333333334 0.026851851851851852
