0 0.35052083333333334 0.09814814814814815 0.013541666666666667 0.02962962962962963
0 0.23020833333333332 0.7180555555555556 0.040625 0.09166666666666667
0 0.24895833333333334 0.08842592592592594 0.013541666666666667 0.028703703703703703
0 0.6135416666666667 0.4601851851851852 0.03125 0.06481481481481481
0 0.48203124999999997 0.09166666666666667 0.011979166666666666 0.02592592592592593
0 0.50546875 0.4328703703703704 0.030729166666666665 0.07314814814814816
0 0.10520833333333333 0.5550925925925926 0.03854166666666667 0.06759259259259259
0 0.5802083333333333 0.42592592592592593 0.025 0.06296296296296297
0 0.28541666666666665 0.15 0.013541666666666667 0.02592592592592593
0 0.30755208333333334 0.06064814814814815 0.0140625 0.026851851851851852
0 0.7533854166666667 0.1837962962962963 0.01614583333333333 0.036111111111111115
0 0.9807291666666667 0.5981481481481482 0.03333333333333333 0.06666666666666667
0 0.4354166666666667 0.06157407407407408 0.011458333333333333 0.028703703703703703
0 0.6325520833333333 0.5685185185185185 0.030729166666666665 0.07222222222222223
0 0.9190104166666666 0.701388888888889 0.049479166666666664 0.09537037037037037
0 0.24401041666666667 0.6412037037037037 0.04010416666666666 0.0712962962962963
0 0.06875 0.41944444444444445 0.030208333333333334 0.05740740740740741
0 0.8364583333333333 0.025462962962962965 0.010416666666666666 0.019444444444444445
0 0.9013020833333333 0.033796296296296297 0.011979166666666666 0.02314814814814815
0 0.9653645833333333 0.032407407407407406 0.009895833333333333 0.018518518518518517
0 0.37265625 0.6055555555555556 0.04010416666666666 0.08703703703703704
0 0.7138020833333333 0.05 0.0109375 0.020370370370370372
0 0.6135416666666667 0.12824074074074074 0.013541666666666667 0.030555555555555558
0 0.46953125 0.12453703703703704 0.0140625 0.026851851851851852
0 0.4309895833333333 0.1087962962962963 0.0109375 0.028703703703703703
0 0.9757812499999999 0.10925925925925926 0.015104166666666667 0.02777777777777778
0 0.9848958333333333 0.05092592592592593 0.009375 0.018518518518518517
0 0.4166666666666667 0.1486111111111111 0.014583333333333334 0.03425925925925926
0 0.37473958333333335 0.5597222222222222 0.030729166666666665 0.058333333333333334
0 0.6125 0.0587962962962963 0.010416666666666666 0.021296296296296296
0 0.5846354166666666 0.04398148148148148 0.0109375 0.02314814814814815
0 0.9838541666666667 0.032407407407407406 0.009375 0.018518518518518517
0 0.790625 0.2138888888888889 0.021875 0.03518518518518519
0 0.5385416666666667 0.06481481481481481 0.010416666666666666 0.022222222222222223
0 0.9341145833333333 0.012037037037037037 0.008854166666666666 0.020370370370370372
0 0.9263020833333333 0.030555555555555558 0.009895833333333333 0.022222222222222223
0 0.7786458333333334 0.10787037037037038 0.015625 0.025
0 0.5411458333333333 0.18194444444444446 0.017708333333333333 0.036111111111111115
0 0.51171875 0.04814814814814815 0.013020833333333334 0.022222222222222223
0 0.5739583333333333 0.549537037037037 0.03333333333333333 0.06574074074074074
0 0.946875 0.30185185185185187 0.016666666666666666 0.031481481481481485
