0 0.45807291666666666 0.4305555555555556 0.030729166666666665 0.05925925925925926
0 0.09270833333333334 0.11851851851851852 0.013541666666666667 0.02962962962962963
0 0.13567708333333334 0.6550925925925927 0.04010416666666666 0.08240740740740742
0 0.08359375 0.5578703703703703 0.03802083333333333 0.06944444444444445
0 0.9546875 0.24212962962962964 0.02395833333333333 0.03796296296296296
0 0.6307291666666667 0.45601851851851855 0.03125 0.0638888888888889
0 0.24453125 0.6425925925925926 0.033854166666666664 0.061111111111111116
0 0.67890625 0.46620370370370373 0.027604166666666666 0.0638888888888889
0 0.31197916666666664 0.12592592592592594 0.0125 0.031481481481481485
0 0.37864583333333335 0.13935185185185187 0.013541666666666667 0.026851851851851852
0 0.4901041666666667 0.07175925925925926 0.0125 0.028703703703703703
0 0.73828125 0.2013888888888889 0.018229166666666668 0.03981481481481482
0 0.5690104166666666 0.5606481481481481 0.0296875 0.05462962962962963
0 0.584375 0.14027777777777778 0.0125 0.026851851851851852
0 0.8036458333333333 0.22824074074074074 0.019791666666666666 0.04537037037037037
0 0.025520833333333333 0.2791666666666667 0.020833333333333332 0.04537037037037037
0 0.43333333333333335 0.11898148148148148 0.010416666666666666 0.028703703703703703
0 0.21614583333333334 0.16527777777777777 0.015625 0.030555555555555558
0 0.3958333333333333 0.6402777777777778 0.03854166666666667 0.08240740740740742
0 0.37057291666666664 0.5527777777777778 0.0296875 0.06851851851851852
0 0.8591145833333333 0.06481481481481481 0.0109375 0.020370370370370372
0 0.646875 0.06944444444444445 0.010416666666666666 0.022222222222222223
0 0.6955729166666667 0.05787037037037037 0.009895833333333333 0.02314814814814815
0 0.9778645833333334 0.11666666666666667 0.009895833333333333 0.024074074074074074
0 0.9703125 0.03564814814814815 0.010416666666666666 0.019444444444444445
0 0.6283854166666667 0.06157407407407408 0.008854166666666666 0.019444444444444445
0 0.3453125 0.1712962962962963 0.014583333333333334 0.03518518518518519
0 0.14270833333333333 0.09444444444444444 0.0125 0.02777777777777778
0 0.6559895833333333 0.07222222222222223 0.009895833333333333 0.022222222222222223
0 0.99296875 0.49444444444444446 0.015104166666666667 0.05185185185185186
0 0.83203125 0.08472222222222223 0.013020833333333334 0.02314814814814815
0 0.008854166666666666 0.3689814814814815 0.017708333333333333 0.06018518518518519
0 0.7247395833333333 0.06944444444444445 0.0109375 0.020370370370370372
0 0.46901041666666665 0.14027777777777778 0.011979166666666666 0.026851851851851852
0 0.7072916666666667 0.6398148148148148 0.03854166666666667 0.08888888888888889
0 0.45468749999999997 0.19722222222222224 0.016666666666666666 0.03888888888888889
