0 0.4875 0.425 0.029166666666666667 0.06481481481481481
0 0.6114583333333333 0.4537037037037037 0.028125 0.05925925925925926
0 0.16302083333333334 0.687962962962963 0.042708333333333334 0.08518518518518518
0 0.41770833333333335 0.06805555555555556 0.0125 0.028703703703703703
0 0.08880208333333334 0.5527777777777778 0.0359375 0.06666666666666667
0 0.14791666666666667 0.10833333333333334 0.013541666666666667 0.02962962962962963
0 0.79921875 0.05416666666666667 0.009895833333333333 0.019444444444444445
0 0.3325520833333333 0.11666666666666667 0.013020833333333334 0.031481481481481485
0 0.3859375 0.6310185185185185 0.03958333333333333 0.08796296296296297
0 0.9455729166666667 0.2601851851851852 0.0234375 0.037037037037037035
0 0.36744791666666665 0.562962962962963 0.034895833333333334 0.06666666666666667
0 0.23567708333333334 0.625925925925926 0.03697916666666667 0.07962962962962963
0 0.6497395833333334 0.04953703703703704 0.0109375 0.02314814814814815
0 0.6802083333333333 0.0587962962962963 0.013541666666666667 0.021296296296296296
0 0.7510416666666666 0.19907407407407407 0.017708333333333333 0.03888888888888889
0 0.7953125 0.2162037037037037 0.019791666666666666 0.04351851851851852
0 0.9145833333333333 0.02962962962962963 0.009375 0.018518518518518517
0 0.8153645833333333 0.09537037037037037 0.0140625 0.031481481481481485
0 0.020833333333333332 0.3893518518518519 0.027083333333333334 0.06574074074074074
0 0.4674479166666667 0.10694444444444445 0.011979166666666666 0.026851851851851852
0 0.9950520833333333 0.06620370370370371 0.0078125 0.017592592592592594
0 0.9770833333333333 0.03981481481481482 0.011458333333333333 0.022222222222222223
0 0.5911458333333334 0.14166666666666666 0.015625 0.031481481481481485
0 0.21979166666666666 0.23194444444444445 0.014583333333333334 0.026851851851851852
0 0.5640625 0.06712962962962964 0.009375 0.025
0 0.6067708333333334 0.07083333333333333 0.0125 0.025
0 0.9895833333333334 0.5342592592592593 0.021875 0.061111111111111116
0 0.47031249999999997 0.13055555555555556 0.011458333333333333 0.02777777777777778
0 0.40989583333333335 0.1287037037037037 0.011458333333333333 0.02777777777777778
0 0.6270833333333333 0.6222222222222222 0.035416666666666666 0.08518518518518518
0 0.39453125 0.21203703703703705 0.0171875 0.037037037037037035
0 0.6244791666666667 0.43842592592592594 0.020833333333333332 0.049074074074074076
0 0.5802083333333333 0.05740740740740741 0.011458333333333333 0.02592592592592593
0 0.008333333333333333 0.2833333333333333 0.016666666666666666 0.05185185185185186
0 0.08541666666666667 0.09212962962962963 0.010416666666666666 0.021296296296296296
0 0.9971354166666666 0.030555555555555558 0.005729166666666666 0.016666666666666666
0 0.6104166666666666 0.5657407407407408 0.029166666666666667 0.053703703703703705
0 0.4752604166666667 0.20555555555555557 0.019270833333333334 0.03888888888888889
