0 0.48125 0.4277777777777778 0.030208333333333334 0.05925925925925926
0 0.0859375 0.5560185185185186 0.0375 0.06944444444444445
0 0.3260416666666667 0.10185185185185186 0.013541666666666667 0.02962962962962963
0 0.1609375 0.675 0.042708333333333334 0.08333333333333334
0 0.95078125 0.24953703703703706 0.0234375 0.03981481481481482
0 0.23411458333333332 0.6291666666666667 0.0359375 0.07685185185185185
0 0.3997395833333333 0.1388888888888889 0.0140625 0.02777777777777778
0 0.44296874999999997 0.075 0.013020833333333334 0.02592592592592593
0 0.39140625 0.6412037037037037 0.04010416666666666 0.08981481481481482
0 0.6421875 0.4398148148148148 0.028125 0.06296296296296297
0 0.60234375 0.5643518518518519 0.030729166666666665 0.06018518518518519
0 0.6138020833333333 0.4564814814814815 0.0296875 0.06296296296296297
0 0.12421875 0.11342592592592593 0.0140625 0.030555555555555558
0 0.7979166666666666 0.22083333333333335 0.020833333333333332 0.04351851851851852
0 0.6643229166666667 0.05694444444444444 0.009895833333333333 0.021296296296296296
0 0.7455729166666667 0.20185185185185187 0.019270833333333334 0.040740740740740744
0 0.46171875 0.11712962962962964 0.011979166666666666 0.026851851851851852
0 0.8182291666666667 0.06435185185185185 0.010416666666666666 0.019444444444444445
0 0.016927083333333332 0.2851851851851852 0.0234375 0.04814814814814815
0 0.365625 0.5592592592592592 0.030208333333333334 0.06666666666666667
0 0.4713541666666667 0.13564814814814816 0.014583333333333334 0.028703703703703703
0 0.6966145833333334 0.06620370370370371 0.009895833333333333 0.021296296296296296
0 0.9330729166666667 0.03657407407407408 0.009895833333333333 0.017592592592592594
0 0.21484375 0.2050925925925926 0.013020833333333334 0.026851851851851852
0 0.821875 0.11111111111111112 0.0125 0.020370370370370372
0 0.6520833333333333 0.6513888888888889 0.040625 0.10462962962962963
0 0.59140625 0.1398148148148148 0.015104166666666667 0.031481481481481485
0 0.6255208333333333 0.06666666666666667 0.010416666666666666 0.022222222222222223
0 0.10390624999999999 0.09212962962962963 0.011979166666666666 0.019444444444444445
0 0.9901041666666667 0.5268518518518519 0.022916666666666665 0.061111111111111116
0 0.38307291666666665 0.1851851851851852 0.015104166666666667 0.024074074074074074
0 0.9955729166666667 0.0462962962962963 0.008854166666666666 0.018518518518518517
0 0.9963541666666667 0.0712962962962963 0.00625 0.018518518518518517
0 0.9947916666666666 0.09537037037037037 0.010416666666666666 0.022222222222222223
0 0.46432291666666664 0.19305555555555556 0.018229166666666668 0.036111111111111115
0 0.01328125 0.3814814814814815 0.025520833333333333 0.05740740740740741
0 0.5989583333333334 0.05648148148148149 0.011458333333333333 0.022222222222222223
0 0.5942708333333333 0.06620370370370371 0.011458333333333333 0.02314814814814815
