0 0.24010416666666667 0.08564814814814815 0.014583333333333334 0.030555555555555558
0 0.4875 0.3907407407407408 0.022916666666666665 0.05555555555555556
0 0.8893229166666666 0.1287037037037037 0.0109375 0.022222222222222223
0 0.6471354166666666 0.08657407407407408 0.011979166666666666 0.02314814814814815
0 0.02395833333333333 0.5277777777777778 0.03333333333333333 0.06296296296296297
0 0.9684895833333333 0.42453703703703705 0.0296875 0.06574074074074074
0 0.8390624999999999 0.10092592592592593 0.011458333333333333 0.020370370370370372
0 0.47630208333333335 0.4967592592592593 0.03177083333333333 0.06944444444444445
0 0.8033854166666666 0.1125 0.009895833333333333 0.025
0 0.528125 0.45 0.028125 0.06851851851851852
0 0.3794270833333333 0.20462962962962963 0.019270833333333334 0.03518518518518519
0 0.31328125 0.4467592592592593 0.025520833333333333 0.06018518518518519
0 0.7067708333333333 0.4300925925925926 0.026041666666666668 0.05462962962962963
0 0.6145833333333334 0.4537037037037037 0.025 0.053703703703703705
0 0.78984375 0.4462962962962963 0.027604166666666666 0.05925925925925926
0 0.18802083333333333 0.09398148148148149 0.011458333333333333 0.02314814814814815
0 0.9072916666666666 0.28564814814814815 0.017708333333333333 0.03796296296296296
0 0.48385416666666664 0.26203703703703707 0.021875 0.044444444444444446
0 0.8317708333333333 0.27314814814814814 0.017708333333333333 0.040740740740740744
0 0.24895833333333334 0.15231481481481482 0.013541666666666667 0.026851851851851852
0 0.6247395833333333 0.08101851851851852 0.009895833333333333 0.021296296296296296
0 0.15755208333333334 0.3731481481481482 0.0296875 0.05555555555555556
0 0.98203125 0.08240740740740742 0.009895833333333333 0.022222222222222223
0 0.84453125 0.4393518518518519 0.028645833333333332 0.06018518518518519
0 0.41953124999999997 0.18425925925925926 0.013020833333333334 0.031481481481481485
0 0.67421875 0.08194444444444444 0.009895833333333333 0.025
0 0.6989583333333333 0.09212962962962963 0.011458333333333333 0.028703703703703703
0 0.8755208333333333 0.4518518518518519 0.025 0.05
0 0.6203125 0.15185185185185185 0.011458333333333333 0.02777777777777778
0 0.7161458333333334 0.07916666666666666 0.008333333333333333 0.019444444444444445
0 0.45598958333333334 0.300462962962963 0.0203125 0.04537037037037037
0 0.8067708333333333 0.16898148148148148 0.014583333333333334 0.030555555555555558
0 0.6705729166666666 0.20462962962962963 0.015104166666666667 0.02962962962962963
0 0.840625 0.9583333333333334 0.057291666666666664 0.0925925925925926
0 0.18046875 0.2851851851851852 0.0265625 0.04814814814814815
0 0.4544270833333333 0.08842592592592594 0.018229166666666668 0.026851851851851852
0 0.6989583333333333 0.21666666666666667 0.011458333333333333 0.02777777777777778
0 0.7078125 0.21157407407407408 0.011458333333333333 0.032407407407407406
