0 0.6395833333333333 0.4287037037037037 0.03125 0.06296296296296297
0 0.74453125 0.4300925925925926 0.0265625 0.05648148148148149
0 0.3776041666666667 0.4240740740740741 0.029166666666666667 0.05925925925925926
0 0.3677083333333333 0.1615740740740741 0.014583333333333334 0.028703703703703703
0 0.06197916666666667 0.35833333333333334 0.026041666666666668 0.05
0 0.8263020833333333 0.24583333333333335 0.019270833333333334 0.03981481481481482
0 0.22604166666666667 0.15185185185185185 0.0125 0.02962962962962963
0 0.9739583333333334 0.40555555555555556 0.03229166666666666 0.05925925925925926
0 0.46197916666666666 0.07824074074074075 0.011458333333333333 0.026851851851851852
0 0.42864583333333334 0.07962962962962963 0.010416666666666666 0.024074074074074074
0 0.5864583333333333 0.45972222222222225 0.029166666666666667 0.06574074074074074
0 0.9575520833333333 0.14027777777777778 0.0140625 0.026851851851851852
0 0.8947916666666667 0.1962962962962963 0.016666666666666666 0.03888888888888889
0 0.25390625 0.6282407407407408 0.03697916666666667 0.0712962962962963
0 0.38697916666666665 0.7481481481481482 0.04479166666666667 0.09814814814814815
0 0.3026041666666667 0.33981481481481485 0.025 0.05185185185185186
0 0.2674479166666667 0.2587962962962963 0.0203125 0.04722222222222222
0 0.5106770833333333 0.25 0.0203125 0.040740740740740744
0 0.8854166666666666 0.07407407407407407 0.009375 0.024074074074074074
0 0.7846354166666667 0.06944444444444445 0.008854166666666666 0.018518518518518517
0 0.8466145833333333 0.08842592592592594 0.0109375 0.021296296296296296
0 0.31484375 0.2837962962962963 0.021354166666666667 0.04722222222222222
0 0.6510416666666666 0.08009259259259259 0.011458333333333333 0.02314814814814815
0 0.8375 0.44212962962962965 0.030208333333333334 0.058333333333333334
0 0.8330729166666666 0.06157407407407408 0.009895833333333333 0.019444444444444445
0 0.64375 0.06851851851851852 0.009375 0.020370370370370372
0 0.8098958333333334 0.07268518518518519 0.009375 0.021296296296296296
0 0.6903645833333333 0.1564814814814815 0.015104166666666667 0.031481481481481485
0 0.9390625 0.4046296296296297 0.028125 0.05555555555555556
0 0.8653645833333333 0.4013888888888889 0.027604166666666666 0.058333333333333334
0 0.8208333333333333 0.10601851851851853 0.010416666666666666 0.025
0 0.8981770833333333 0.06759259259259259 0.008854166666666666 0.020370370370370372
0 0.853125 0.12407407407407407 0.010416666666666666 0.024074074074074074
0 0.615625 0.1425925925925926 0.013541666666666667 0.02592592592592593
0 0.5846354166666666 0.2888888888888889 0.0203125 0.040740740740740744
0 0.5705729166666667 0.5199074074074074 0.03697916666666667 0.075
0 0.6950520833333333 0.21203703703703705 0.0140625 0.02962962962962963
0 0.7190104166666667 0.2162037037037037 0.018229166666666668 0.036111111111111115
0 0.7903645833333334 0.1625 0.015104166666666667 0.025
