0 0.47682291666666665 0.38981481481481484 0.024479166666666666 0.053703703703703705
0 0.31484375 0.4236111111111111 0.0265625 0.05648148148148149
0 0.25729166666666664 0.09027777777777778 0.013541666666666667 0.030555555555555558
0 0.6192708333333333 0.4486111111111111 0.026041666666666668 0.062037037037037036
0 0.9690104166666667 0.4240740740740741 0.0296875 0.06481481481481481
0 0.5294270833333333 0.45231481481481484 0.027604166666666666 0.06759259259259259
0 0.03515625 0.5328703703703704 0.03802083333333333 0.0638888888888889
0 0.20677083333333332 0.08657407407407408 0.0125 0.025
0 0.7109375 0.43194444444444446 0.025 0.05277777777777778
0 0.8393229166666667 0.10046296296296296 0.0109375 0.021296296296296296
0 0.9054687499999999 0.2652777777777778 0.0171875 0.03981481481481482
0 0.8067708333333333 0.1685185185185185 0.013541666666666667 0.02962962962962963
0 0.8036458333333333 0.11111111111111112 0.010416666666666666 0.024074074074074074
0 0.8455729166666667 0.4356481481481482 0.0296875 0.062037037037037036
0 0.37734375 0.2101851851851852 0.019270833333333334 0.03518518518518519
0 0.6372395833333333 0.08009259259259259 0.009895833333333333 0.021296296296296296
0 0.6856770833333333 0.07453703703703704 0.0109375 0.025
0 0.8880208333333334 0.13425925925925927 0.009375 0.022222222222222223
0 0.4888020833333333 0.4981481481481482 0.024479166666666666 0.06296296296296297
0 0.8315104166666667 0.26851851851851855 0.0203125 0.044444444444444446
0 0.7020833333333333 0.21944444444444444 0.014583333333333334 0.037037037037037035
0 0.7916666666666666 0.4462962962962963 0.027083333333333334 0.05555555555555556
0 0.6591145833333333 0.08750000000000001 0.011979166666666666 0.02314814814814815
0 0.7125 0.0962962962962963 0.010416666666666666 0.02592592592592593
0 0.17916666666666667 0.35833333333333334 0.028125 0.053703703703703705
0 0.41692708333333334 0.18333333333333335 0.015104166666666667 0.02962962962962963
0 0.8744791666666667 0.4444444444444445 0.025 0.0462962962962963
0 0.7322916666666667 0.07453703703703704 0.009375 0.02314814814814815
0 0.6192708333333333 0.15324074074074073 0.0125 0.028703703703703703
0 0.9932291666666666 0.07777777777777778 0.011458333333333333 0.020370370370370372
0 0.48515625 0.2555555555555556 0.021354166666666667 0.03888888888888889
0 0.4575520833333333 0.2967592592592593 0.021354166666666667 0.04722222222222222
0 0.46901041666666665 0.08888888888888889 0.013020833333333334 0.02592592592592593
0 0.20703125 0.2791666666666667 0.022395833333333334 0.03796296296296296
0 0.4635416666666667 0.08518518518518518 0.010416666666666666 0.022222222222222223
0 0.24947916666666667 0.15185185185185185 0.0125 0.02962962962962963
0 0.8036458333333333 0.9435185185185185 0.052083333333333336 0.11851851851851852
0 0.675 0.20185185185185187 0.015625 0.03888888888888889
0 0.9942708333333333 0.14814814814814814 0.011458333333333333 0.02777777777777778
