0 0.64140625 0.42685185185185187 0.0296875 0.06296296296296297
0 0.4388020833333333 0.0763888888888889 0.0109375 0.02314814814814815
0 0.47161458333333334 0.07175925925925926 0.011979166666666666 0.025
0 0.3731770833333333 0.4273148148148148 0.028645833333333332 0.06018518518518519
0 0.06614583333333333 0.35694444444444445 0.026041666666666668 0.049074074074074076
0 0.8955729166666666 0.19907407407407407 0.0171875 0.03518518518518519
0 0.36614583333333334 0.1625 0.0125 0.028703703703703703
0 0.828125 0.24675925925925926 0.019791666666666666 0.03981481481481482
0 0.74765625 0.4300925925925926 0.027604166666666666 0.05277777777777778
0 0.5908854166666666 0.46296296296296297 0.0296875 0.06666666666666667
0 0.2674479166666667 0.6296296296296297 0.03802083333333333 0.07037037037037037
0 0.8463541666666666 0.08750000000000001 0.0125 0.02314814814814815
0 0.9578125 0.13657407407407407 0.015625 0.025
0 0.30625 0.3421296296296296 0.028125 0.05648148148148149
0 0.2265625 0.15092592592592594 0.0125 0.02962962962962963
0 0.7921875 0.06898148148148149 0.009375 0.019444444444444445
0 0.2578125 0.28101851851851856 0.020833333333333332 0.04537037037037037
0 0.97421875 0.40555555555555556 0.03177083333333333 0.061111111111111116
0 0.31328125 0.2800925925925926 0.021354166666666667 0.04722222222222222
0 0.36666666666666664 0.7393518518518519 0.04895833333333333 0.08796296296296297
0 0.9445312499999999 0.39722222222222225 0.025520833333333333 0.04814814814814815
0 0.8171875 0.07083333333333333 0.009375 0.021296296296296296
0 0.6518229166666667 0.07083333333333333 0.009895833333333333 0.021296296296296296
0 0.8377604166666667 0.4393518518518519 0.028645833333333332 0.06018518518518519
0 0.5127604166666666 0.2490740740740741 0.0203125 0.037037037037037035
0 0.690625 0.1574074074074074 0.014583333333333334 0.02962962962962963
0 0.66171875 0.0787037037037037 0.0109375 0.022222222222222223
0 0.896875 0.06759259259259259 0.011458333333333333 0.018518518518518517
0 0.5721354166666667 0.5143518518518518 0.0328125 0.06574074074074074
0 0.8239583333333333 0.10694444444444445 0.009375 0.021296296296296296
0 0.8403645833333333 0.06527777777777778 0.009895833333333333 0.019444444444444445
0 0.5971354166666667 0.26666666666666666 0.019270833333333334 0.04259259259259259
0 0.8484375 0.13194444444444445 0.013541666666666667 0.028703703703703703
0 0.9059895833333333 0.06666666666666667 0.009895833333333333 0.018518518518518517
0 0.6145833333333334 0.1439814814814815 0.0125 0.025
0 0.7888020833333333 0.15046296296296297 0.015104166666666667 0.032407407407407406
0 0.71875 0.21666666666666667 0.015625 0.02962962962962963
0 0.696875 0.22083333333333335 0.015625 0.02314814814814815
0 0.8664062499999999 0.3939814814814815 0.0265625 0.05648148148148149
