0 0.5075520833333333 0.38981481481481484 0.024479166666666666 0.053703703703703705
0 0.2513020833333333 0.15324074074074073 0.0140625 0.030555555555555558
0 0.6059895833333333 0.4587962962962963 0.0296875 0.0638888888888889
0 0.1484375 0.0912037037037037 0.0125 0.025
0 0.8893229166666666 0.1287037037037037 0.009895833333333333 0.022222222222222223
0 0.8375 0.10277777777777779 0.010416666666666666 0.020370370370370372
0 0.96875 0.4217592592592593 0.029166666666666667 0.06018518518518519
0 0.6994791666666667 0.42824074074074076 0.026041666666666668 0.05462962962962963
0 0.5291666666666667 0.44907407407407407 0.030208333333333334 0.06666666666666667
0 0.8036458333333333 0.11435185185185186 0.009375 0.025
0 0.6979166666666666 0.21805555555555556 0.014583333333333334 0.036111111111111115
0 0.78515625 0.44907407407407407 0.028645833333333332 0.061111111111111116
0 0.20494791666666667 0.08703703703703704 0.013020833333333334 0.02962962962962963
0 0.6643229166666667 0.10277777777777779 0.0109375 0.02777777777777778
0 0.9591145833333333 0.08055555555555556 0.011979166666666666 0.024074074074074074
0 0.6877604166666667 0.07546296296296297 0.009895833333333333 0.021296296296296296
0 0.45546875 0.4930555555555556 0.0359375 0.075
0 0.6244791666666667 0.09490740740740741 0.010416666666666666 0.02314814814814815
0 0.3065104166666667 0.47500000000000003 0.025520833333333333 0.05185185185185186
0 0.3809895833333333 0.19953703703703704 0.0203125 0.03425925925925926
0 0.6005208333333333 0.08750000000000001 0.009375 0.02314814814814815
0 0.8486979166666666 0.44537037037037036 0.027604166666666666 0.061111111111111116
0 0.65 0.08194444444444444 0.010416666666666666 0.025
0 0.42682291666666666 0.17314814814814816 0.0140625 0.03333333333333333
0 0.83203125 0.28935185185185186 0.018229166666666668 0.03981481481481482
0 0.80859375 0.17037037037037037 0.01614583333333333 0.031481481481481485
0 0.6692708333333334 0.19583333333333333 0.013541666666666667 0.03425925925925926
0 0.45677083333333335 0.29953703703703705 0.020833333333333332 0.04351851851851852
0 0.1390625 0.40231481481481485 0.026041666666666668 0.05092592592592593
0 0.8786458333333333 0.4569444444444445 0.026041666666666668 0.05092592592592593
0 0.9239583333333333 0.27546296296296297 0.019791666666666666 0.03981481481481482
0 0.14947916666666666 0.3648148148148148 0.021875 0.044444444444444446
0 0.7283854166666667 0.16944444444444445 0.01614583333333333 0.031481481481481485
0 0.005729166666666666 0.5259259259259259 0.011458333333333333 0.06296296296296297
0 0.47994791666666664 0.2814814814814815 0.018229166666666668 0.040740740740740744
0 0.4158854166666667 0.08657407407407408 0.0078125 0.02314814814814815
0 0.42291666666666666 0.09814814814814815 0.0125 0.031481481481481485
0 0.9924479166666667 0.41805555555555557 0.015104166666666667 0.04537037037037037
0 0.62421875 0.15972222222222224 0.015104166666666667 0.032407407407407406
