0 0.4236979166666667 0.4050925925925926 0.0265625 0.058333333333333334
0 0.6247395833333333 0.4328703703703704 0.028645833333333332 0.062037037037037036
0 0.9020833333333333 0.20046296296296298 0.016666666666666666 0.036111111111111115
0 0.29375 0.32962962962962966 0.026041666666666668 0.05185185185185186
0 0.5380208333333333 0.5 0.03229166666666666 0.06666666666666667
0 0.7270833333333333 0.4240740740740741 0.025 0.053703703703703705
0 0.9718749999999999 0.41250000000000003 0.03229166666666666 0.062037037037037036
0 0.5596354166666666 0.46574074074074073 0.028645833333333332 0.06666666666666667
0 0.23333333333333334 0.15185185185185185 0.013541666666666667 0.02962962962962963
0 0.14557291666666666 0.5925925925925926 0.03802083333333333 0.06851851851851852
0 0.3776041666666667 0.17916666666666667 0.015625 0.028703703703703703
0 0.71796875 0.06851851851851852 0.009895833333333333 0.018518518518518517
0 0.33229166666666665 0.08055555555555556 0.011458333333333333 0.024074074074074074
0 0.49322916666666666 0.24537037037037038 0.019791666666666666 0.040740740740740744
0 0.3723958333333333 0.07361111111111111 0.013541666666666667 0.028703703703703703
0 0.76875 0.0699074074074074 0.010416666666666666 0.02314814814814815
0 0.8276041666666667 0.25324074074074077 0.019791666666666666 0.036111111111111115
0 0.9591145833333333 0.16342592592592592 0.013020833333333334 0.025
0 0.7408854166666666 0.07453703703703704 0.009895833333333333 0.021296296296296296
0 0.8393229166666667 0.09398148148148149 0.009895833333333333 0.021296296296296296
0 0.8236979166666667 0.45092592592592595 0.027604166666666666 0.05925925925925926
0 0.011458333333333333 0.3611111111111111 0.022916666666666665 0.05925925925925926
0 0.8658854166666666 0.4185185185185185 0.027604166666666666 0.05555555555555556
0 0.6130208333333333 0.1476851851851852 0.013541666666666667 0.030555555555555558
0 0.8059895833333334 0.10324074074074074 0.0109375 0.026851851851851852
0 0.346875 0.24953703703703706 0.016666666666666666 0.032407407407407406
0 0.89453125 0.4166666666666667 0.024479166666666666 0.0462962962962963
0 0.828125 0.06851851851851852 0.009375 0.022222222222222223
0 0.8109375 0.08055555555555556 0.011458333333333333 0.02777777777777778
0 0.5622395833333333 0.8384259259259259 0.05364583333333333 0.09537037037037037
0 0.7052083333333333 0.21203703703703705 0.013541666666666667 0.03333333333333333
0 0.6846354166666666 0.22361111111111112 0.0109375 0.028703703703703703
0 0.31614583333333335 0.41064814814814815 0.02395833333333333 0.04722222222222222
0 0.5059895833333333 0.32546296296296295 0.025520833333333333 0.05462962962962963
0 0.8026041666666667 0.16527777777777777 0.017708333333333333 0.03425925925925926
0 0.8768229166666667 0.1537037037037037 0.015104166666666667 0.02962962962962963
0 0.5705729166666667 0.07916666666666666 0.013020833333333334 0.02314814814814815
0 0.6908854166666667 0.1712962962962963 0.018229166666666668 0.02962962962962963
