0 0.40078125 0.4166666666666667 0.027604166666666666 0.05925925925925926
0 0.63046875 0.4361111111111111 0.0296875 0.06296296296296297
0 0.19713541666666667 0.6013888888888889 0.04010416666666666 0.07314814814814816
0 0.22760416666666666 0.15324074074074073 0.0125 0.028703703703703703
0 0.29244791666666664 0.3314814814814815 0.0265625 0.053703703703703705
0 0.5723958333333333 0.45833333333333337 0.028125 0.06666666666666667
0 0.37864583333333335 0.08148148148148149 0.010416666666666666 0.024074074074074074
0 0.03411458333333333 0.36064814814814816 0.025520833333333333 0.05462962962962963
0 0.97265625 0.4083333333333333 0.0328125 0.061111111111111116
0 0.82265625 0.24722222222222223 0.019270833333333334 0.03888888888888889
0 0.89921875 0.1962962962962963 0.0171875 0.03888888888888889
0 0.3216145833333333 0.21296296296296297 0.021354166666666667 0.03518518518518519
0 0.41432291666666665 0.07268518518518519 0.013020833333333334 0.026851851851851852
0 0.5018229166666667 0.2476851851851852 0.021354166666666667 0.04166666666666667
0 0.5536458333333333 0.5023148148148149 0.03333333333333333 0.0712962962962963
0 0.7330729166666666 0.4226851851851852 0.025520833333333333 0.05648148148148149
0 0.8122395833333333 0.10092592592592593 0.009895833333333333 0.024074074074074074
0 0.3734375 0.16203703703703703 0.015625 0.031481481481481485
0 0.6109375 0.08148148148148149 0.011458333333333333 0.02592592592592593
0 0.8421875 0.08935185185185185 0.011458333333333333 0.02314814814814815
0 0.7479166666666667 0.07083333333333333 0.008333333333333333 0.019444444444444445
0 0.77421875 0.07175925925925926 0.009895833333333333 0.021296296296296296
0 0.7963541666666667 0.06805555555555556 0.009375 0.021296296296296296
0 0.959375 0.14166666666666666 0.014583333333333334 0.02592592592592593
0 0.8330729166666666 0.45 0.030729166666666665 0.05925925925925926
0 0.84453125 0.07453703703703704 0.0109375 0.025
0 0.9158854166666667 0.4083333333333333 0.027604166666666666 0.05555555555555556
0 0.86328125 0.40555555555555556 0.030729166666666665 0.04814814814814815
0 0.47265625 0.812962962962963 0.04739583333333333 0.09814814814814815
0 0.60234375 0.07453703703703704 0.009895833333333333 0.025
0 0.8721354166666666 0.1398148148148148 0.008854166666666666 0.022222222222222223
0 0.5341145833333333 0.39583333333333337 0.019270833333333334 0.04537037037037037
0 0.68984375 0.16527777777777777 0.0171875 0.04351851851851852
0 0.7130208333333333 0.21296296296296297 0.013541666666666667 0.03333333333333333
0 0.8645833333333334 0.07175925925925926 0.009375 0.02314814814814815
0 0.7950520833333333 0.15601851851851853 0.015104166666666667 0.03425925925925926
0 0.6901041666666666 0.20416666666666666 0.016666666666666666 0.026851851851851852
0 0.6158854166666666 0.1486111111111111 0.015104166666666667 0.025
0 0.3190104166666667 0.34490740740740744 0.024479166666666666 0.04351851851851852
