0 0.07864583333333333 0.3564814814814815 0.026041666666666668 0.04814814814814815
0 0.31953125 0.34490740740740744 0.0265625 0.05648148148148149
0 0.3611979166666667 0.44212962962962965 0.0296875 0.062037037037037036
0 0.5049479166666666 0.07453703703703704 0.011979166666666666 0.026851851851851852
0 0.36276041666666664 0.15972222222222224 0.013020833333333334 0.028703703703703703
0 0.6505208333333333 0.4240740740740741 0.030208333333333334 0.061111111111111116
0 0.22786458333333334 0.15185185185185185 0.011979166666666666 0.02592592592592593
0 0.2994791666666667 0.7296296296296296 0.046875 0.07777777777777778
0 0.3184895833333333 0.6425925925925926 0.03697916666666667 0.07407407407407407
0 0.8635416666666667 0.055092592592592596 0.010416666666666666 0.019444444444444445
0 0.7546875 0.42962962962962964 0.028125 0.05555555555555556
0 0.609375 0.47824074074074074 0.03229166666666666 0.0712962962962963
0 0.8981770833333333 0.20324074074074075 0.015104166666666667 0.030555555555555558
0 0.30859375 0.27083333333333337 0.022395833333333334 0.05092592592592593
0 0.8372395833333334 0.25 0.021354166666666667 0.03888888888888889
0 0.4752604166666667 0.08055555555555556 0.0109375 0.022222222222222223
0 0.8184895833333333 0.0638888888888889 0.009895833333333333 0.020370370370370372
0 0.6109375 0.1476851851851852 0.013541666666666667 0.030555555555555558
0 0.02109375 0.09953703703703703 0.015104166666666667 0.028703703703703703
0 0.9565104166666667 0.13564814814814816 0.015104166666666667 0.026851851851851852
0 0.8408854166666666 0.4356481481481482 0.0296875 0.062037037037037036
0 0.875 0.39675925925925926 0.028125 0.05462962962962963
0 0.03619791666666666 0.08333333333333334 0.0140625 0.02777777777777778
0 0.7895833333333333 0.15046296296296297 0.0125 0.030555555555555558
0 0.9270833333333334 0.0712962962962963 0.011458333333333333 0.024074074074074074
0 0.6953125 0.07546296296296297 0.010416666666666666 0.021296296296296296
0 0.68125 0.06481481481481481 0.009375 0.022222222222222223
0 0.66171875 0.27870370370370373 0.021354166666666667 0.044444444444444446
0 0.5252604166666667 0.27175925925925926 0.0203125 0.03796296296296296
0 0.9338541666666667 0.0625 0.010416666666666666 0.02314814814814815
0 0.5825520833333333 0.5217592592592593 0.0328125 0.0787037037037037
0 0.24114583333333334 0.3027777777777778 0.017708333333333333 0.02962962962962963
0 0.72109375 0.2175925925925926 0.018229166666666668 0.02962962962962963
0 0.9752604166666666 0.40370370370370373 0.03177083333333333 0.05740740740740741
0 0.8294270833333334 0.12314814814814816 0.009895833333333333 0.018518518518518517
0 0.8369791666666666 0.1439814814814815 0.011458333333333333 0.02314814814814815
0 0.8429687499999999 0.075 0.015104166666666667 0.022222222222222223
0 0.8479166666666667 0.09027777777777778 0.0125 0.026851851851851852
0 0.6890625 0.16435185185185186 0.017708333333333333 0.03425925925925926
