0 0.6252604166666667 0.4328703703703704 0.028645833333333332 0.06018518518518519
0 0.13177083333333334 0.5902777777777778 0.03958333333333333 0.0712962962962963
0 0.2955729166666667 0.33240740740740743 0.025520833333333333 0.053703703703703705
0 0.4296875 0.40324074074074073 0.028125 0.058333333333333334
0 0.5549479166666667 0.4689814814814815 0.028645833333333332 0.06574074074074074
0 0.23489583333333333 0.15231481481481482 0.0125 0.030555555555555558
0 0.3609375 0.07268518518518519 0.0125 0.026851851851851852
0 0.9713541666666666 0.41250000000000003 0.03229166666666666 0.062037037037037036
0 0.5333333333333333 0.5018518518518519 0.03229166666666666 0.07037037037037037
0 0.7614583333333333 0.07592592592592592 0.011458333333333333 0.022222222222222223
0 0.7255208333333333 0.425462962962963 0.027083333333333334 0.05462962962962963
0 0.9588541666666667 0.17453703703703705 0.013541666666666667 0.025
0 0.903125 0.19907407407407407 0.017708333333333333 0.037037037037037035
0 0.49192708333333335 0.24537037037037038 0.021354166666666667 0.04259259259259259
0 0.8390624999999999 0.09444444444444444 0.009375 0.020370370370370372
0 0.8283854166666667 0.2550925925925926 0.019270833333333334 0.03796296296296296
0 0.8213541666666666 0.45046296296296295 0.029166666666666667 0.05648148148148149
0 0.32057291666666665 0.08472222222222223 0.0109375 0.02314814814814815
0 0.865625 0.42083333333333334 0.02395833333333333 0.05277777777777778
0 0.71015625 0.07407407407407407 0.009895833333333333 0.020370370370370372
0 0.38125 0.18333333333333335 0.016666666666666666 0.02962962962962963
0 0.7333333333333333 0.07361111111111111 0.010416666666666666 0.021296296296296296
0 0.6127604166666667 0.14814814814814814 0.013020833333333334 0.02962962962962963
0 0.8013020833333333 0.07731481481481482 0.0109375 0.02314814814814815
0 0.8046875 0.1050925925925926 0.010416666666666666 0.02314814814814815
0 0.00859375 0.3652777777777778 0.0171875 0.0638888888888889
0 0.80234375 0.16296296296296298 0.015104166666666667 0.02777777777777778
0 0.5846354166666666 0.8574074074074074 0.05260416666666667 0.10740740740740741
0 0.8177083333333334 0.0712962962962963 0.009375 0.020370370370370372
0 0.7057291666666666 0.21296296296296297 0.014583333333333334 0.03518518518518519
0 0.8916666666666666 0.41712962962962963 0.02395833333333333 0.04537037037037037
0 0.49713541666666666 0.3125 0.0203125 0.05092592592592593
0 0.2752604166666667 0.3699074074074074 0.019270833333333334 0.03981481481481482
0 0.3494791666666667 0.23935185185185187 0.016666666666666666 0.04351851851851852
0 0.6947916666666667 0.17592592592592593 0.02395833333333333 0.037037037037037035
0 0.6864583333333333 0.225 0.017708333333333333 0.031481481481481485
0 0.87890625 0.1476851851851852 0.0140625 0.026851851851851852
0 0.5611979166666666 0.08101851851851852 0.013020833333333334 0.025
