0 0.6268229166666667 0.4351851851851852 0.0296875 0.06481481481481481
0 0.021354166666666667 0.3611111111111111 0.027083333333333334 0.05925925925925926
0 0.7309895833333333 0.4203703703703704 0.0265625 0.05555555555555556
0 0.4125 0.41064814814814815 0.028125 0.058333333333333334
0 0.5661458333333333 0.4620370370370371 0.029166666666666667 0.06666666666666667
0 0.2916666666666667 0.32962962962962966 0.026041666666666668 0.053703703703703705
0 0.35651041666666666 0.08657407407407408 0.0109375 0.02314814814814815
0 0.9723958333333333 0.40972222222222227 0.03125 0.062037037037037036
0 0.8239583333333333 0.25 0.017708333333333333 0.037037037037037035
0 0.17213541666666665 0.5958333333333333 0.0390625 0.0712962962962963
0 0.4979166666666667 0.24583333333333335 0.020833333333333332 0.03981481481481482
0 0.9010416666666666 0.1962962962962963 0.016666666666666666 0.037037037037037035
0 0.7333333333333333 0.0699074074074074 0.009375 0.019444444444444445
0 0.23046875 0.1537037037037037 0.013020833333333334 0.031481481481481485
0 0.7825520833333334 0.062037037037037036 0.0109375 0.024074074074074074
0 0.39348958333333334 0.08148148148148149 0.013020833333333334 0.02777777777777778
0 0.8088541666666667 0.10185185185185186 0.010416666666666666 0.024074074074074074
0 0.33932291666666664 0.2449074074074074 0.019270833333333334 0.036111111111111115
0 0.5447916666666667 0.500925925925926 0.03333333333333333 0.07037037037037037
0 0.9588541666666667 0.1476851851851852 0.0125 0.025
0 0.7565104166666666 0.0787037037037037 0.009895833333333333 0.020370370370370372
0 0.8283854166666667 0.08425925925925926 0.009895833333333333 0.02592592592592593
0 0.61328125 0.14675925925925926 0.013020833333333334 0.030555555555555558
0 0.5916666666666667 0.08055555555555556 0.011458333333333333 0.024074074074074074
0 0.8395833333333333 0.08935185185185185 0.010416666666666666 0.025
0 0.8658854166666666 0.4175925925925926 0.0265625 0.05925925925925926
0 0.8286458333333333 0.4532407407407408 0.029166666666666667 0.06574074074074074
0 0.70703125 0.20972222222222223 0.015104166666666667 0.036111111111111115
0 0.37395833333333334 0.1675925925925926 0.014583333333333334 0.02777777777777778
0 0.8723958333333334 0.1550925925925926 0.010416666666666666 0.021296296296296296
0 0.9065104166666667 0.4101851851851852 0.025520833333333333 0.0462962962962963
0 0.5197916666666667 0.8273148148148148 0.05625 0.10648148148148148
0 0.584375 0.06898148148148149 0.009375 0.021296296296296296
0 0.51953125 0.3689814814814815 0.0203125 0.04722222222222222
0 0.8473958333333333 0.06851851851851852 0.010416666666666666 0.022222222222222223
0 0.3190104166666667 0.38796296296296295 0.021354166666666667 0.044444444444444446
0 0.7994791666666666 0.16296296296296298 0.015625 0.02962962962962963
0 0.6864583333333333 0.2111111111111111 0.016666666666666666 0.02777777777777778
0 0.68984375 0.16342592592592592 0.019270833333333334 0.036111111111111115
