0 0.2747395833333333 0.5601851851851852 0.0359375 0.07592592592592592
0 0.9739583333333334 0.41712962962962963 0.029166666666666667 0.062037037037037036
0 0.03828125 0.4990740740740741 0.0390625 0.07407407407407407
0 0.71875 0.06851851851851852 0.0125 0.024074074074074074
0 0.23697916666666666 0.15185185185185185 0.013541666666666667 0.02777777777777778
0 0.9291666666666667 0.1337962962962963 0.013541666666666667 0.025
0 0.97734375 0.18888888888888888 0.0171875 0.03518518518518519
0 0.68046875 0.23981481481481481 0.018229166666666668 0.040740740740740744
0 0.88515625 0.10555555555555556 0.0109375 0.024074074074074074
0 0.11536458333333333 0.2611111111111111 0.021354166666666667 0.03888888888888889
0 0.9111979166666666 0.07361111111111111 0.0109375 0.019444444444444445
0 0.7872395833333333 0.10231481481481482 0.0109375 0.021296296296296296
0 0.7223958333333333 0.4152777777777778 0.030208333333333334 0.05648148148148149
0 0.6682291666666667 0.7027777777777778 0.041666666666666664 0.08333333333333334
0 0.3221354166666667 0.2050925925925926 0.015104166666666667 0.030555555555555558
0 0.8770833333333333 0.44583333333333336 0.029166666666666667 0.0638888888888889
0 0.8489583333333334 0.12175925925925926 0.010416666666666666 0.02314814814814815
0 0.8268229166666666 0.21203703703703705 0.018229166666666668 0.040740740740740744
0 0.81796875 0.4277777777777778 0.027604166666666666 0.05740740740740741
0 0.7596354166666667 0.17777777777777778 0.011979166666666666 0.02777777777777778
0 0.7729166666666667 0.15231481481481482 0.014583333333333334 0.028703703703703703
0 0.22682291666666665 0.2388888888888889 0.021354166666666667 0.037037037037037035
0 0.5036458333333333 0.1675925925925926 0.015625 0.02962962962962963
0 0.8950520833333333 0.06527777777777778 0.009895833333333333 0.019444444444444445
0 0.23046875 0.4027777777777778 0.025520833333333333 0.05555555555555556
0 0.6028645833333334 0.48842592592592593 0.03177083333333333 0.0712962962962963
0 0.9973958333333334 0.06620370370370371 0.005208333333333333 0.021296296296296296
0 0.86171875 0.3763888888888889 0.018229166666666668 0.036111111111111115
0 0.8067708333333333 0.2 0.016666666666666666 0.031481481481481485
0 0.50625 0.3231481481481482 0.019791666666666666 0.02777777777777778
0 0.36614583333333334 0.07777777777777778 0.011458333333333333 0.020370370370370372
0 0.371875 0.09537037037037037 0.0125 0.022222222222222223
0 0.7794270833333333 0.25277777777777777 0.019270833333333334 0.040740740740740744
0 0.728125 0.4930555555555556 0.03229166666666666 0.06759259259259259
0 0.5125 0.35555555555555557 0.021875 0.03888888888888889
0 0.6583333333333333 0.18842592592592594 0.015625 0.032407407407407406
