0 0.30182291666666666 0.5046296296296297 0.0328125 0.07037037037037037
0 0.15260416666666665 0.362962962962963 0.025 0.05740740740740741
0 0.06796875 0.24953703703703706 0.0203125 0.04351851851851852
0 0.83046875 0.07037037037037037 0.0109375 0.020370370370370372
0 0.6794270833333333 0.4810185185185185 0.03177083333333333 0.0712962962962963
0 0.09635416666666667 0.5902777777777778 0.04375 0.08055555555555556
0 0.9690104166666667 0.19768518518518519 0.015104166666666667 0.032407407407407406
0 0.7 0.4444444444444445 0.03229166666666666 0.06666666666666667
0 0.6432291666666666 0.06342592592592593 0.010416666666666666 0.021296296296296296
0 0.23828125 0.2101851851851852 0.0203125 0.03518518518518519
0 0.8809895833333333 0.15972222222222224 0.0109375 0.025
0 0.23541666666666666 0.15555555555555556 0.011458333333333333 0.022222222222222223
0 0.84609375 0.12268518518518519 0.009895833333333333 0.02314814814814815
0 0.9705729166666667 0.4138888888888889 0.03177083333333333 0.061111111111111116
0 0.62734375 0.075 0.009895833333333333 0.020370370370370372
0 0.58828125 0.5083333333333333 0.030729166666666665 0.07592592592592592
0 0.46380208333333334 0.3712962962962963 0.0203125 0.03888888888888889
0 0.803125 0.4351851851851852 0.029166666666666667 0.061111111111111116
0 0.24973958333333332 0.0837962962962963 0.011979166666666666 0.025
0 0.98671875 0.06064814814814815 0.009895833333333333 0.019444444444444445
0 0.8781249999999999 0.4412037037037037 0.027083333333333334 0.05648148148148149
0 0.76484375 0.25 0.021354166666666667 0.0462962962962963
0 0.5372395833333333 0.6958333333333334 0.04010416666666666 0.075
0 0.3841145833333333 0.23750000000000002 0.0203125 0.03796296296296296
0 0.9333333333333333 0.06342592592592593 0.009375 0.021296296296296296
0 0.8528645833333334 0.23750000000000002 0.021354166666666667 0.03796296296296296
0 0.4010416666666667 0.3666666666666667 0.026041666666666668 0.05555555555555556
0 0.8135416666666666 0.06759259259259259 0.009375 0.022222222222222223
0 0.7791666666666667 0.1550925925925926 0.015625 0.030555555555555558
0 0.7635416666666667 0.18981481481481483 0.016666666666666666 0.03518518518518519
0 0.9596354166666666 0.07916666666666666 0.009895833333333333 0.019444444444444445
0 0.33932291666666664 0.23981481481481481 0.01614583333333333 0.02777777777777778
0 0.9578125 0.38657407407407407 0.026041666666666668 0.05277777777777778
0 0.6809895833333334 0.17546296296296296 0.01614583333333333 0.036111111111111115
0 0.24479166666666666 0.1 0.011458333333333333 0.022222222222222223
0 0.5528645833333333 0.17037037037037037 0.022395833333333334 0.02962962962962963
0 0.9455729166666667 0.13611111111111113 0.0109375 0.02592592592592593
0 0.6416666666666666 0.26851851851851855 0.016666666666666666 0.031481481481481485
0 0.7981770833333334 0.24722222222222223 0.015104166666666667 0.031481481481481485
0 0.8195312499999999 0.11157407407407408 0.013020833333333334 0.02314814814814815
