0 0.9729166666666667 0.41620370370370374 0.029166666666666667 0.062037037037037036
0 0.2578125 0.5810185185185185 0.036458333333333336 0.0787037037037037
0 0.8481770833333333 0.1212962962962963 0.0109375 0.02592592592592593
0 0.23697916666666666 0.1513888888888889 0.0125 0.028703703703703703
0 0.024739583333333332 0.4638888888888889 0.0390625 0.07037037037037037
0 0.9770833333333333 0.18888888888888888 0.015625 0.031481481481481485
0 0.7828125 0.09722222222222222 0.010416666666666666 0.020370370370370372
0 0.7333333333333333 0.41574074074074074 0.030208333333333334 0.053703703703703705
0 0.82109375 0.43194444444444446 0.0265625 0.05462962962962963
0 0.6854166666666667 0.23611111111111113 0.019791666666666666 0.044444444444444446
0 0.6122395833333333 0.47824074074074074 0.030729166666666665 0.06944444444444445
0 0.8854166666666666 0.1050925925925926 0.011458333333333333 0.025
0 0.7458333333333333 0.0625 0.011458333333333333 0.02314814814814815
0 0.3182291666666667 0.24814814814814815 0.013541666666666667 0.02777777777777778
0 0.8770833333333333 0.4412037037037037 0.028125 0.058333333333333334
0 0.4046875 0.07314814814814816 0.010416666666666666 0.022222222222222223
0 0.8190104166666666 0.20601851851851852 0.018229166666666668 0.03981481481481482
0 0.14010416666666667 0.29444444444444445 0.020833333333333332 0.03888888888888889
0 0.7622395833333333 0.17777777777777778 0.0140625 0.02777777777777778
0 0.9229166666666666 0.06435185185185185 0.010416666666666666 0.021296296296296296
0 0.9361979166666666 0.07407407407407407 0.0109375 0.018518518518518517
0 0.49296875 0.16666666666666669 0.015104166666666667 0.03333333333333333
0 0.9260416666666667 0.13472222222222222 0.014583333333333334 0.025
0 0.4114583333333333 0.08981481481481482 0.011458333333333333 0.024074074074074074
0 0.7080729166666666 0.6893518518518519 0.0390625 0.08240740740740742
0 0.775 0.1537037037037037 0.013541666666666667 0.02592592592592593
0 0.5135416666666667 0.32685185185185184 0.021875 0.044444444444444446
0 0.2546875 0.4277777777777778 0.02395833333333333 0.053703703703703705
0 0.6442708333333333 0.16805555555555557 0.015625 0.028703703703703703
0 0.21380208333333334 0.2199074074074074 0.021354166666666667 0.036111111111111115
0 0.8015625 0.1953703703703704 0.013541666666666667 0.024074074074074074
0 0.8765625 0.3263888888888889 0.01875 0.036111111111111115
0 0.565625 0.3740740740740741 0.020833333333333332 0.053703703703703705
0 0.49322916666666666 0.3087962962962963 0.021875 0.04537037037037037
0 0.7401041666666667 0.48379629629629634 0.03333333333333333 0.06759259259259259
0 0.7791666666666667 0.25277777777777777 0.020833333333333332 0.040740740740740744
