0 0.24088541666666666 0.5958333333333333 0.03802083333333333 0.08240740740740742
0 0.23723958333333334 0.1513888888888889 0.013020833333333334 0.028703703703703703
0 0.9723958333333333 0.4166666666666667 0.028125 0.06666666666666667
0 0.9755208333333333 0.1875 0.015625 0.030555555555555558
0 0.921875 0.13657407407407407 0.013541666666666667 0.025
0 0.7489583333333333 0.4726851851851852 0.03333333333333333 0.06759259259259259
0 0.48463541666666665 0.15555555555555556 0.015104166666666667 0.02962962962962963
0 0.7432291666666666 0.4185185185185185 0.03125 0.05740740740740741
0 0.49244791666666665 0.24814814814814815 0.018229166666666668 0.04259259259259259
0 0.690625 0.23194444444444445 0.019791666666666666 0.03981481481481482
0 0.15989583333333332 0.2523148148148148 0.021875 0.04351851851851852
0 0.77734375 0.25277777777777777 0.021354166666666667 0.0462962962962963
0 0.84609375 0.11944444444444445 0.0109375 0.024074074074074074
0 0.01484375 0.44953703703703707 0.030729166666666665 0.0712962962962963
0 0.8763020833333334 0.4416666666666667 0.028645833333333332 0.061111111111111116
0 0.6174479166666667 0.47175925925925927 0.030729166666666665 0.06574074074074074
0 0.8848958333333333 0.10416666666666667 0.009375 0.02314814814814815
0 0.2856770833333333 0.3351851851851852 0.021354166666666667 0.044444444444444446
0 0.7778645833333333 0.1564814814814815 0.0140625 0.02962962962962963
0 0.6015625 0.4222222222222222 0.019791666666666666 0.04814814814814815
0 0.5270833333333333 0.3231481481481482 0.019791666666666666 0.03888888888888889
0 0.8244791666666667 0.4393518518518519 0.027083333333333334 0.06018518518518519
0 0.9661458333333334 0.06666666666666667 0.010416666666666666 0.020370370370370372
0 0.31015625 0.23796296296296296 0.013020833333333334 0.02592592592592593
0 0.6184895833333334 0.21296296296296297 0.0171875 0.037037037037037035
0 0.7622395833333333 0.17962962962962964 0.011979166666666666 0.02592592592592593
0 0.20390624999999998 0.25833333333333336 0.0265625 0.037037037037037035
0 0.9484374999999999 0.06805555555555556 0.009375 0.019444444444444445
0 0.9908854166666666 0.5342592592592593 0.0171875 0.05
0 0.9135416666666667 0.23148148148148148 0.016666666666666666 0.02777777777777778
0 0.44088541666666664 0.07546296296296297 0.009895833333333333 0.026851851851851852
0 0.453125 0.08750000000000001 0.011458333333333333 0.025
0 0.73828125 0.6800925925925926 0.04114583333333333 0.07314814814814816
0 0.7986979166666667 0.1962962962962963 0.009895833333333333 0.02777777777777778
0 0.80859375 0.20694444444444446 0.018229166666666668 0.036111111111111115
0 0.7796875 0.07314814814814816 0.011458333333333333 0.022222222222222223
0 0.7690104166666667 0.0587962962962963 0.008854166666666666 0.02314814814814815
0 0.77890625 0.10046296296296296 0.009895833333333333 0.02314814814814815
