0 0.9744791666666667 0.41712962962962963 0.028125 0.062037037037037036
0 0.27682291666666664 0.5564814814814815 0.033854166666666664 0.07592592592592592
0 0.23671875 0.15185185185185185 0.0140625 0.02777777777777778
0 0.040364583333333336 0.5055555555555555 0.0390625 0.07592592592592592
0 0.7213541666666666 0.4166666666666667 0.030208333333333334 0.05925925925925926
0 0.7877604166666666 0.10601851851851853 0.0109375 0.021296296296296296
0 0.9296875 0.1337962962962963 0.013541666666666667 0.025
0 0.8486979166666666 0.12222222222222223 0.0109375 0.024074074074074074
0 0.9768229166666667 0.18842592592592594 0.01614583333333333 0.03425925925925926
0 0.3247395833333333 0.2013888888888889 0.01614583333333333 0.030555555555555558
0 0.11067708333333333 0.25833333333333336 0.021354166666666667 0.040740740740740744
0 0.6635416666666667 0.7046296296296296 0.041666666666666664 0.08518518518518518
0 0.8200520833333333 0.4236111111111111 0.0328125 0.0638888888888889
0 0.8776041666666666 0.4444444444444445 0.026041666666666668 0.061111111111111116
0 0.6013020833333333 0.48750000000000004 0.0296875 0.06944444444444445
0 0.22890625 0.24074074074074076 0.022395833333333334 0.03888888888888889
0 0.7606770833333333 0.1787037037037037 0.011979166666666666 0.02777777777777778
0 0.9953124999999999 0.06666666666666667 0.008333333333333333 0.018518518518518517
0 0.7216145833333333 0.48935185185185187 0.03802083333333333 0.06944444444444445
0 0.77265625 0.15231481481481482 0.0140625 0.030555555555555558
0 0.8278645833333333 0.21157407407407408 0.019270833333333334 0.04166666666666667
0 0.6786458333333333 0.24166666666666667 0.019791666666666666 0.044444444444444446
0 0.8072916666666666 0.19953703703703704 0.014583333333333334 0.026851851851851852
0 0.5059895833333333 0.1685185185185185 0.015104166666666667 0.02777777777777778
0 0.90703125 0.07731481481481482 0.008854166666666666 0.017592592592592594
0 0.88515625 0.10740740740740741 0.008854166666666666 0.022222222222222223
0 0.6606770833333333 0.20601851851851852 0.0171875 0.049074074074074076
0 0.8908854166666667 0.06481481481481481 0.008854166666666666 0.018518518518518517
0 0.22526041666666666 0.39305555555555555 0.0265625 0.049074074074074076
0 0.36041666666666666 0.0763888888888889 0.010416666666666666 0.017592592592592594
0 0.36484375 0.09537037037037037 0.0140625 0.022222222222222223
0 0.5052083333333334 0.32685185185185184 0.020833333333333332 0.03888888888888889
0 0.5026041666666666 0.35879629629629634 0.028125 0.04351851851851852
0 0.8630208333333333 0.37453703703703706 0.015625 0.03425925925925926
0 0.7791666666666667 0.25092592592592594 0.020833333333333332 0.03888888888888889
0 0.7140625 0.06805555555555556 0.011458333333333333 0.026851851851851852
