0 0.30572916666666666 0.4962962962962963 0.03125 0.07037037037037037
0 0.14296875 0.36064814814814816 0.025520833333333333 0.05648148148148149
0 0.11354166666666667 0.5967592592592593 0.042708333333333334 0.07685185185185185
0 0.6971354166666667 0.44074074074074077 0.0296875 0.06481481481481481
0 0.23880208333333333 0.2101851851851852 0.022395833333333334 0.03518518518518519
0 0.96953125 0.2064814814814815 0.015104166666666667 0.03333333333333333
0 0.06458333333333333 0.25092592592592594 0.021875 0.044444444444444446
0 0.5140625 0.6865740740740741 0.0375 0.075
0 0.6708333333333333 0.4759259259259259 0.03125 0.07037037037037037
0 0.97265625 0.06620370370370371 0.009895833333333333 0.019444444444444445
0 0.62890625 0.0712962962962963 0.009895833333333333 0.022222222222222223
0 0.3872395833333333 0.35555555555555557 0.025520833333333333 0.061111111111111116
0 0.6130208333333333 0.08009259259259259 0.010416666666666666 0.021296296296296296
0 0.8195312499999999 0.07453703703703704 0.0109375 0.021296296296296296
0 0.84453125 0.12453703703703704 0.009895833333333333 0.025
0 0.9697916666666666 0.41620370370370374 0.03229166666666666 0.06574074074074074
0 0.5895833333333333 0.5083333333333333 0.03125 0.06851851851851852
0 0.95 0.07916666666666666 0.010416666666666666 0.021296296296296296
0 0.7979166666666666 0.43472222222222223 0.026041666666666668 0.05277777777777778
0 0.3645833333333333 0.2657407407407408 0.020833333333333332 0.04814814814814815
0 0.22395833333333334 0.0925925925925926 0.0125 0.024074074074074074
0 0.8755208333333333 0.44212962962962965 0.026041666666666668 0.06018518518518519
0 0.9216145833333333 0.06666666666666667 0.009895833333333333 0.020370370370370372
0 0.23489583333333333 0.15601851851851853 0.011458333333333333 0.019444444444444445
0 0.8505208333333333 0.23703703703703705 0.020833333333333332 0.040740740740740744
0 0.23020833333333332 0.08101851851851852 0.011458333333333333 0.02314814814814815
0 0.9463541666666666 0.38842592592592595 0.027083333333333334 0.062037037037037036
0 0.7598958333333333 0.24583333333333335 0.019791666666666666 0.03981481481481482
0 0.44557291666666665 0.3476851851851852 0.0203125 0.03796296296296296
0 0.6815104166666667 0.1712962962962963 0.01614583333333333 0.031481481481481485
0 0.8807291666666667 0.16481481481481483 0.013541666666666667 0.02777777777777778
0 0.80078125 0.06712962962962964 0.008854166666666666 0.019444444444444445
0 0.7609375 0.19351851851851853 0.015625 0.03333333333333333
0 0.9427083333333334 0.13842592592592592 0.010416666666666666 0.02314814814814815
0 0.33958333333333335 0.22314814814814815 0.015625 0.031481481481481485
0 0.821875 0.12407407407407407 0.010416666666666666 0.020370370370370372
0 0.7817708333333333 0.1550925925925926 0.015625 0.032407407407407406
0 0.7901041666666666 0.22546296296296298 0.0125 0.026851851851851852
0 0.5643229166666667 0.16111111111111112 0.019270833333333334 0.02777777777777778
0 0.6278645833333333 0.25462962962962965 0.013020833333333334 0.02777777777777778
