0 0.7690104166666667 0.4430555555555556 0.0328125 0.07314814814814816
0 0.23255208333333333 0.34953703703703703 0.025520833333333333 0.04722222222222222
0 0.59609375 0.06064814814814815 0.008854166666666666 0.02314814814814815
0 0.09973958333333333 0.14537037037037037 0.0171875 0.03518518518518519
0 0.6890625 0.11111111111111112 0.013541666666666667 0.02962962962962963
0 0.325 0.08981481481481482 0.011458333333333333 0.024074074074074074
0 0.2734375 0.33981481481481485 0.019791666666666666 0.04259259259259259
0 0.7872395833333333 0.09953703703703703 0.013020833333333334 0.028703703703703703
0 0.2708333333333333 0.027314814814814816 0.008333333333333333 0.017592592592592594
0 0.88125 0.047685185185185185 0.016666666666666666 0.028703703703703703
0 0.17682291666666666 0.022222222222222223 0.0067708333333333336 0.014814814814814815
0 0.5002604166666667 0.0712962962962963 0.009895833333333333 0.024074074074074074
0 0.190625 0.125 0.0125 0.024074074074074074
0 0.20494791666666667 0.09212962962962963 0.008854166666666666 0.019444444444444445
0 0.08463541666666667 0.0763888888888889 0.009895833333333333 0.019444444444444445
0 0.565625 0.02962962962962963 0.008333333333333333 0.022222222222222223
0 0.121875 0.8277777777777778 0.03958333333333333 0.08333333333333334
0 0.4875 0.19490740740740742 0.015625 0.03981481481481482
0 0.2916666666666667 0.02638888888888889 0.008333333333333333 0.017592592592592594
0 0.37005208333333334 0.022685185185185187 0.008854166666666666 0.017592592592592594
0 0.8033854166666666 0.0375 0.009895833333333333 0.021296296296296296
0 0.11744791666666667 0.027314814814814816 0.0078125 0.01388888888888889
0 0.08046875 0.2189814814814815 0.018229166666666668 0.03796296296296296
0 0.103125 0.022222222222222223 0.008333333333333333 0.016666666666666666
0 0.72421875 0.04490740740740741 0.009895833333333333 0.021296296296296296
0 0.8111979166666666 0.5504629629629629 0.030729166666666665 0.06944444444444445
0 0.65859375 0.031018518518518518 0.008854166666666666 0.019444444444444445
0 0.24505208333333334 0.022222222222222223 0.009895833333333333 0.018518518518518517
0 0.22994791666666667 0.020833333333333336 0.0078125 0.015740740740740743
0 0.1453125 0.662962962962963 0.03125 0.06851851851851852
0 0.203125 0.019444444444444445 0.007291666666666667 0.014814814814814815
0 0.06484375 0.075 0.009895833333333333 0.016666666666666666
0 0.4497395833333333 0.2476851851851852 0.019270833333333334 0.036111111111111115
0 0.00546875 0.2800925925925926 0.0109375 0.04351851851851852
0 0.3846354166666667 0.12916666666666668 0.0140625 0.026851851851851852
0 0.0609375 0.02361111111111111 0.011458333333333333 0.015740740740740743
0 0.23098958333333333 0.13472222222222222 0.0140625 0.02314814814814815
0 0.328125 0.12314814814814816 0.0125 0.022222222222222223
0 0.9950520833333333 0.09953703703703703 0.0078125 0.03425925925925926
