0 0.4966145833333333 0.21481481481481482 0.0171875 0.04259259259259259
0 0.08411458333333333 0.1564814814814815 0.0203125 0.03333333333333333
0 0.8846354166666667 0.4412037037037037 0.03802083333333333 0.0712962962962963
0 0.18984375 0.34675925925925927 0.0265625 0.04537037037037037
0 0.24557291666666667 0.3300925925925926 0.0203125 0.04166666666666667
0 0.51640625 0.03333333333333333 0.008854166666666666 0.020370370370370372
0 0.803125 0.04166666666666667 0.0125 0.02592592592592593
0 0.8127604166666667 0.5444444444444445 0.0328125 0.061111111111111116
0 0.07369791666666667 0.07731481481481482 0.009895833333333333 0.021296296296296296
0 0.04791666666666666 0.07777777777777778 0.009375 0.018518518518518517
0 0.32369791666666664 0.09398148148148149 0.0109375 0.02314814814814815
0 0.7403645833333333 0.038425925925925926 0.008854166666666666 0.019444444444444445
0 0.6645833333333333 0.03888888888888889 0.010416666666666666 0.022222222222222223
0 0.06458333333333333 0.22916666666666669 0.019791666666666666 0.036111111111111115
0 0.6044270833333333 0.028240740740740743 0.008854166666666666 0.021296296296296296
0 0.1984375 0.1 0.009375 0.022222222222222223
0 0.2565104166666667 0.025462962962962965 0.008854166666666666 0.019444444444444445
0 0.19375 0.020833333333333336 0.008333333333333333 0.015740740740740743
0 0.5546875 0.06666666666666667 0.010416666666666666 0.022222222222222223
0 0.14895833333333333 0.01990740740740741 0.007291666666666667 0.01388888888888889
0 0.23541666666666666 0.025 0.008333333333333333 0.016666666666666666
0 0.5395833333333333 0.28194444444444444 0.01875 0.036111111111111115
0 0.7854166666666667 0.11712962962962964 0.014583333333333334 0.032407407407407406
0 0.07604166666666666 0.020370370370370372 0.007291666666666667 0.014814814814814815
0 0.6697916666666667 0.1328703703703704 0.013541666666666667 0.028703703703703703
0 0.21276041666666667 0.01990740740740741 0.008854166666666666 0.017592592592592594
0 0.5036458333333333 0.07685185185185185 0.011458333333333333 0.02592592592592593
0 0.1890625 0.8851851851851852 0.03958333333333333 0.08888888888888889
0 0.08828125 0.030555555555555558 0.0067708333333333336 0.014814814814814815
0 0.17265625 0.018518518518518517 0.0078125 0.014814814814814815
0 0.35104166666666664 0.08981481481481482 0.017708333333333333 0.031481481481481485
0 0.00625 0.28194444444444444 0.0125 0.04166666666666667
0 0.20026041666666666 0.7106481481481481 0.03802083333333333 0.0712962962962963
0 0.35390625 0.11712962962962964 0.009895833333333333 0.025
0 0.3328125 0.025462962962962965 0.007291666666666667 0.017592592592592594
0 0.228125 0.1337962962962963 0.014583333333333334 0.025
0 0.03567708333333333 0.016203703703703703 0.009895833333333333 0.01388888888888889
0 0.03802083333333333 0.02638888888888889 0.011458333333333333 0.015740740740740743
0 0.19635416666666666 0.13425925925925927 0.011458333333333333 0.022222222222222223
0 0.8195312499999999 0.04583333333333334 0.015104166666666667 0.026851851851851852
0 0.9966145833333333 0.09675925925925927 0.0067708333333333336 0.04351851851851852
