0 0.7598958333333333 0.437962962962963 0.03333333333333333 0.06851851851851852
0 0.23515624999999998 0.3513888888888889 0.024479166666666666 0.049074074074074076
0 0.2752604166666667 0.3402777777777778 0.018229166666666668 0.04351851851851852
0 0.2953125 0.028240740740740743 0.008333333333333333 0.019444444444444445
0 0.59921875 0.062037037037037036 0.008854166666666666 0.022222222222222223
0 0.7880208333333333 0.0976851851851852 0.013541666666666667 0.030555555555555558
0 0.32526041666666666 0.09074074074074075 0.0109375 0.02592592592592593
0 0.8864583333333333 0.047685185185185185 0.016666666666666666 0.026851851851851852
0 0.27421875 0.028703703703703703 0.008854166666666666 0.016666666666666666
0 0.17942708333333332 0.022685185185185187 0.0067708333333333336 0.01388888888888889
0 0.8080729166666667 0.04027777777777778 0.009895833333333333 0.021296296296296296
0 0.8127604166666667 0.5532407407407408 0.030729166666666665 0.0712962962962963
0 0.69296875 0.11018518518518519 0.0140625 0.02962962962962963
0 0.20494791666666667 0.019444444444444445 0.0067708333333333336 0.014814814814814815
0 0.10130208333333333 0.1439814814814815 0.015104166666666667 0.03425925925925926
0 0.08619791666666667 0.07592592592592592 0.009895833333333333 0.020370370370370372
0 0.190625 0.12453703703703704 0.0125 0.02314814814814815
0 0.20572916666666666 0.08703703703703704 0.009375 0.020370370370370372
0 0.56953125 0.030092592592592594 0.008854166666666666 0.021296296296296296
0 0.49973958333333335 0.07083333333333333 0.008854166666666666 0.02314814814814815
0 0.4895833333333333 0.19583333333333333 0.015625 0.036111111111111115
0 0.24791666666666667 0.020370370370370372 0.007291666666666667 0.014814814814814815
0 0.11953124999999999 0.02777777777777778 0.008854166666666666 0.014814814814814815
0 0.10546875 0.022222222222222223 0.0078125 0.014814814814814815
0 0.3731770833333333 0.02314814814814815 0.0078125 0.016666666666666666
0 0.72890625 0.0462962962962963 0.009895833333333333 0.02592592592592593
0 0.06640625 0.075 0.009895833333333333 0.016666666666666666
0 0.08229166666666667 0.21574074074074076 0.016666666666666666 0.037037037037037035
0 0.11744791666666667 0.8240740740740741 0.0390625 0.08148148148148149
0 0.6627604166666666 0.03194444444444445 0.009895833333333333 0.02314814814814815
0 0.23203125 0.022222222222222223 0.0078125 0.014814814814814815
0 0.14166666666666666 0.663425925925926 0.03229166666666666 0.06759259259259259
0 0.4432291666666667 0.2564814814814815 0.016666666666666666 0.03518518518518519
0 0.9955729166666667 0.0976851851851852 0.008854166666666666 0.03425925925925926
0 0.00546875 0.2800925925925926 0.0109375 0.04537037037037037
0 0.38697916666666665 0.11388888888888889 0.007291666666666667 0.011111111111111112
0 0.06484375 0.024074074074074074 0.009895833333333333 0.020370370370370372
0 0.32838541666666665 0.13333333333333333 0.015104166666666667 0.020370370370370372
0 0.22916666666666666 0.13703703703703704 0.010416666666666666 0.020370370370370372
