0 0.77734375 0.10462962962962963 0.0140625 0.02962962962962963
0 0.44609375 0.41203703703703703 0.021354166666666667 0.053703703703703705
0 0.353125 0.3851851851851852 0.027083333333333334 0.05555555555555556
0 0.3809895833333333 0.1875 0.018229166666666668 0.04166666666666667
0 0.4075520833333333 0.40555555555555556 0.0265625 0.05925925925925926
0 0.8088541666666667 0.5462962962962963 0.03229166666666666 0.05925925925925926
0 0.8098958333333334 0.07314814814814816 0.013541666666666667 0.022222222222222223
0 0.15182291666666667 0.06851851851851852 0.009895833333333333 0.020370370370370372
0 0.25494791666666666 0.02592592592592593 0.0067708333333333336 0.014814814814814815
0 0.65390625 0.2662037037037037 0.021354166666666667 0.04537037037037037
0 0.3265625 0.02175925925925926 0.007291666666666667 0.015740740740740743
0 0.14088541666666665 0.06944444444444445 0.0109375 0.020370370370370372
0 0.22734374999999998 0.08657407407407408 0.0109375 0.019444444444444445
0 0.23385416666666667 0.019444444444444445 0.007291666666666667 0.014814814814814815
0 0.4705729166666667 0.02777777777777778 0.008854166666666666 0.020370370370370372
0 0.39609375 0.08333333333333334 0.011979166666666666 0.02592592592592593
0 0.4036458333333333 0.024537037037037038 0.009375 0.019444444444444445
0 0.83046875 0.0462962962962963 0.011979166666666666 0.024074074074074074
0 0.41041666666666665 0.1337962962962963 0.011458333333333333 0.030555555555555558
0 0.4513020833333333 0.03194444444444445 0.0078125 0.019444444444444445
0 0.41328125 0.02361111111111111 0.0078125 0.017592592592592594
0 0.36015625 0.019444444444444445 0.0078125 0.016666666666666666
0 0.06979166666666667 0.11481481481481481 0.016666666666666666 0.03333333333333333
0 0.9377604166666667 0.03796296296296296 0.011979166666666666 0.024074074074074074
0 0.18958333333333333 0.025 0.008333333333333333 0.016666666666666666
0 0.18333333333333332 0.016666666666666666 0.008333333333333333 0.018518518518518517
0 0.030729166666666665 0.01388888888888889 0.00625 0.012962962962962964
0 0.0828125 0.014814814814814815 0.007291666666666667 0.012962962962962964
0 0.56015625 0.027314814814814816 0.008854166666666666 0.019444444444444445
0 0.52734375 0.11435185185185186 0.013020833333333334 0.02314814814814815
0 0.23333333333333334 0.1087962962962963 0.011458333333333333 0.02314814814814815
0 0.1484375 0.09351851851851853 0.010416666666666666 0.022222222222222223
0 0.08828125 0.17222222222222222 0.015104166666666667 0.02962962962962963
0 0.005989583333333333 0.27546296296296297 0.009895833333333333 0.036111111111111115
0 0.8572916666666667 0.15601851851851853 0.015625 0.03425925925925926
