0 0.23333333333333334 0.09907407407407408 0.010416666666666666 0.020370370370370372
0 0.3455729166666667 0.38703703703703707 0.024479166666666666 0.053703703703703705
0 0.3921875 0.3819444444444445 0.022916666666666665 0.049074074074074076
0 0.8098958333333334 0.5467592592592593 0.030208333333333334 0.06018518518518519
0 0.13255208333333332 0.06898148148148149 0.0109375 0.021296296296296296
0 0.39375 0.025 0.009375 0.018518518518518517
0 0.09661458333333334 0.17962962962962964 0.01614583333333333 0.031481481481481485
0 0.50859375 0.07361111111111111 0.009895833333333333 0.02314814814814815
0 0.19348958333333333 0.01898148148148148 0.0078125 0.015740740740740743
0 0.16354166666666667 0.10185185185185186 0.011458333333333333 0.02592592592592593
0 0.46380208333333334 0.39351851851851855 0.028645833333333332 0.05925925925925926
0 0.27734375 0.016666666666666666 0.0078125 0.014814814814814815
0 0.12057291666666667 0.0699074074074074 0.009895833333333333 0.019444444444444445
0 0.009114583333333334 0.274537037037037 0.019270833333333334 0.04537037037037037
0 0.7880208333333333 0.09351851851851853 0.0125 0.02962962962962963
0 0.4127604166666667 0.024537037037037038 0.0078125 0.017592592592592594
0 0.3859375 0.19074074074074074 0.017708333333333333 0.040740740740740744
0 0.09739583333333333 0.11666666666666667 0.017708333333333333 0.02962962962962963
0 0.740625 0.06666666666666667 0.0125 0.024074074074074074
0 0.7447916666666666 0.036111111111111115 0.010416666666666666 0.024074074074074074
0 0.9278645833333333 0.047685185185185185 0.011979166666666666 0.025
0 0.37786458333333334 0.10694444444444445 0.011979166666666666 0.026851851851851852
0 0.8421875 0.034722222222222224 0.011458333333333333 0.02314814814814815
0 0.8109375 0.14444444444444446 0.014583333333333334 0.03518518518518519
0 0.21067708333333332 0.02592592592592593 0.0078125 0.016666666666666666
0 0.015625 0.5699074074074074 0.03125 0.07314814814814816
0 0.3104166666666667 0.020370370370370372 0.007291666666666667 0.016666666666666666
0 0.4973958333333333 0.031018518518518518 0.009375 0.021296296296296296
0 0.6138020833333333 0.29444444444444445 0.0203125 0.04259259259259259
0 0.34739583333333335 0.019444444444444445 0.008333333333333333 0.018518518518518517
0 0.04895833333333333 0.015277777777777779 0.007291666666666667 0.01388888888888889
0 0.35885416666666664 0.013425925925925926 0.008333333333333333 0.017592592592592594
0 0.39609375 0.0837962962962963 0.0140625 0.026851851851851852
0 0.8822916666666667 0.1439814814814815 0.015625 0.03425925925925926
0 0.26510416666666664 0.14583333333333334 0.016666666666666666 0.02314814814814815
0 0.14375 0.015277777777777779 0.004166666666666667 0.012037037037037037
0 0.14765625 0.022685185185185187 0.008854166666666666 0.017592592592592594
