0 0.8044270833333333 0.4365740740740741 0.034895833333333334 0.06759259259259259
0 0.22057291666666667 0.3462962962962963 0.025520833333333333 0.0462962962962963
0 0.85546875 0.04212962962962963 0.0140625 0.028703703703703703
0 0.26588541666666665 0.33796296296296297 0.019270833333333334 0.04259259259259259
0 0.09505208333333333 0.1513888888888889 0.019270833333333334 0.036111111111111115
0 0.08125 0.07777777777777778 0.009375 0.020370370370370372
0 0.32317708333333334 0.09166666666666667 0.0109375 0.02592592592592593
0 0.8117187499999999 0.5472222222222223 0.033854166666666664 0.07222222222222223
0 0.58359375 0.06296296296296297 0.009895833333333333 0.022222222222222223
0 0.7859375 0.10324074074074074 0.013541666666666667 0.03425925925925926
0 0.19322916666666667 0.1277777777777778 0.011458333333333333 0.024074074074074074
0 0.5489583333333333 0.03564814814814815 0.009375 0.019444444444444445
0 0.7833333333333333 0.04120370370370371 0.009375 0.021296296296296296
0 0.7052083333333333 0.040740740740740744 0.010416666666666666 0.022222222222222223
0 0.6783854166666666 0.13240740740740742 0.011979166666666666 0.02962962962962963
0 0.16822916666666665 0.01990740740740741 0.007291666666666667 0.01388888888888889
0 0.5010416666666666 0.075 0.010416666666666666 0.02777777777777778
0 0.4875 0.19583333333333333 0.016666666666666666 0.03981481481481482
0 0.26067708333333334 0.025 0.0078125 0.016666666666666666
0 0.05911458333333333 0.07361111111111111 0.008854166666666666 0.015740740740740743
0 0.21822916666666667 0.02175925925925926 0.007291666666666667 0.015740740740740743
0 0.19296875 0.017592592592592594 0.0067708333333333336 0.014814814814814815
0 0.28020833333333334 0.025 0.008333333333333333 0.016666666666666666
0 0.2046875 0.10972222222222222 0.008333333333333333 0.017592592592592594
0 0.36015625 0.028240740740740743 0.0067708333333333336 0.017592592592592594
0 0.23411458333333332 0.016203703703703703 0.0078125 0.015740740740740743
0 0.10859375 0.029166666666666667 0.0067708333333333336 0.01388888888888889
0 0.14583333333333334 0.8365740740740741 0.03854166666666667 0.08425925925925926
0 0.09453125 0.01990740740740741 0.0078125 0.01388888888888889
0 0.37838541666666664 0.12546296296296297 0.0140625 0.02314814814814815
0 0.33489583333333334 0.10046296296296296 0.011458333333333333 0.025
0 0.6419270833333334 0.028240740740740743 0.008854166666666666 0.02314814814814815
0 0.00546875 0.28194444444444444 0.0109375 0.04537037037037037
0 0.15833333333333333 0.6777777777777778 0.034375 0.07037037037037037
0 0.47578125 0.22083333333333335 0.019270833333333334 0.03981481481481482
0 0.99765625 0.09444444444444444 0.0067708333333333336 0.03518518518518519
0 0.052083333333333336 0.014351851851851852 0.00625 0.01388888888888889
0 0.053385416666666664 0.028240740740740743 0.0067708333333333336 0.012037037037037037
0 0.22760416666666666 0.13564814814814816 0.0125 0.025
0 0.07552083333333333 0.22361111111111112 0.022916666666666665 0.03425925925925926
0 0.8645833333333334 0.05601851851851852 0.010416666666666666 0.026851851851851852
