0 0.6471354166666666 0.23101851851851854 0.0203125 0.04537037037037037
0 0.9143229166666667 0.04212962962962963 0.013020833333333334 0.026851851851851852
0 0.49765624999999997 0.4569444444444445 0.022395833333333334 0.05648148148148149
0 0.43385416666666665 0.4310185185185185 0.025 0.06018518518518519
0 0.27291666666666664 0.36712962962962964 0.027083333333333334 0.05092592592592593
0 0.38177083333333334 0.1902777777777778 0.01875 0.03981481481481482
0 0.7721354166666666 0.10601851851851853 0.013020833333333334 0.030555555555555558
0 0.8096354166666666 0.5504629629629629 0.033854166666666664 0.06574074074074074
0 0.14739583333333334 0.08981481481481482 0.013541666666666667 0.02592592592592593
0 0.4588541666666667 0.025462962962962965 0.010416666666666666 0.019444444444444445
0 0.5674479166666666 0.07962962962962963 0.0109375 0.024074074074074074
0 0.23203125 0.09166666666666667 0.008854166666666666 0.018518518518518517
0 0.9223958333333333 0.15601851851851853 0.016666666666666666 0.03425925925925926
0 0.5083333333333333 0.03518518518518519 0.008333333333333333 0.020370370370370372
0 0.6216145833333333 0.03564814814814815 0.009895833333333333 0.025
0 0.41015625 0.019444444444444445 0.0078125 0.016666666666666666
0 0.23229166666666667 0.030555555555555558 0.008333333333333333 0.018518518518518517
0 0.03619791666666666 0.11805555555555557 0.015104166666666667 0.03796296296296296
0 0.08567708333333333 0.16527777777777777 0.0140625 0.028703703703703703
0 0.11744791666666667 0.020370370370370372 0.0067708333333333336 0.012962962962962964
0 0.5234375 0.032407407407407406 0.009375 0.020370370370370372
0 0.2989583333333333 0.03333333333333333 0.007291666666666667 0.014814814814814815
0 0.37578125 0.025 0.0067708333333333336 0.016666666666666666
0 0.165625 0.0699074074074074 0.010416666666666666 0.02314814814814815
0 0.27291666666666664 0.02314814814814815 0.007291666666666667 0.014814814814814815
0 0.16041666666666665 0.07268518518518519 0.010416666666666666 0.02314814814814815
0 0.221875 0.020370370370370372 0.00625 0.014814814814814815
0 0.20859375 0.1087962962962963 0.009895833333333333 0.021296296296296296
0 0.4630208333333333 0.018055555555555557 0.009375 0.019444444444444445
0 0.025 0.008333333333333333 0.009375 0.012962962962962964
0 0.004427083333333333 0.2796296296296296 0.008854166666666666 0.0462962962962963
0 0.06276041666666667 0.012037037037037037 0.0078125 0.014814814814814815
0 0.0015625 0.0125 0.005208333333333333 0.01388888888888889
0 0.4015625 0.08425925925925926 0.010416666666666666 0.02777777777777778
0 0.4088541666666667 0.10972222222222222 0.0125 0.025
0 0.871875 0.08333333333333334 0.0125 0.02962962962962963
