0 0.5052083333333334 0.5402777777777777 0.025 0.0638888888888889
0 0.20833333333333334 0.33472222222222225 0.027083333333333334 0.05092592592592593
0 0.9497395833333333 0.0763888888888889 0.013020833333333334 0.025
0 0.44635416666666666 0.48750000000000004 0.02395833333333333 0.05462962962962963
0 0.81015625 0.5518518518518519 0.033854166666666664 0.07037037037037037
0 0.375 0.19953703703703704 0.016666666666666666 0.036111111111111115
0 0.43359375 0.022685185185185187 0.008854166666666666 0.017592592592592594
0 0.6453125 0.24861111111111112 0.019791666666666666 0.04351851851851852
0 0.17682291666666666 0.07083333333333333 0.009895833333333333 0.021296296296296296
0 0.4106770833333333 0.09537037037037037 0.011979166666666666 0.02592592592592593
0 0.7697916666666667 0.12037037037037038 0.0125 0.02962962962962963
0 0.58046875 0.03333333333333333 0.009895833333333333 0.020370370370370372
0 0.34609375 0.033796296296296297 0.0078125 0.019444444444444445
0 0.284375 0.028703703703703703 0.007291666666666667 0.016666666666666666
0 0.69765625 0.033796296296296297 0.0109375 0.021296296296296296
0 0.19583333333333333 0.06898148148148149 0.009375 0.02314814814814815
0 0.14739583333333334 0.08194444444444444 0.009375 0.021296296296296296
0 0.2453125 0.08935185185185185 0.008333333333333333 0.021296296296296296
0 0.39791666666666664 0.08101851851851852 0.011458333333333333 0.028703703703703703
0 0.47031249999999997 0.01990740740740741 0.008333333333333333 0.017592592592592594
0 0.9825520833333333 0.15462962962962964 0.0171875 0.03518518518518519
0 0.2708333333333333 0.021296296296296296 0.007291666666666667 0.014814814814814815
0 0.5880208333333333 0.07916666666666666 0.0125 0.025
0 0.5901041666666667 0.030555555555555558 0.009375 0.020370370370370372
0 0.10859375 0.0125 0.0067708333333333336 0.01388888888888889
0 0.8791666666666667 0.08240740740740742 0.013541666666666667 0.02777777777777778
0 0.005729166666666666 0.11296296296296297 0.011458333333333333 0.03333333333333333
0 0.0390625 0.014814814814814815 0.007291666666666667 0.012962962962962964
0 0.08567708333333333 0.15462962962962964 0.013020833333333334 0.02777777777777778
0 0.3223958333333333 0.02592592592592593 0.007291666666666667 0.016666666666666666
0 0.16067708333333333 0.016666666666666666 0.005729166666666666 0.014814814814814815
0 0.0046875 0.27546296296296297 0.010416666666666666 0.04722222222222222
0 0.06276041666666667 0.0060185185185185185 0.0078125 0.012037037037037037
0 0.009895833333333333 0.007870370370370371 0.007291666666666667 0.01388888888888889
0 0.178125 0.1486111111111111 0.011458333333333333 0.025
0 0.5255208333333333 0.026851851851851852 0.010416666666666666 0.022222222222222223
