0 0.18411458333333333 0.06620370370370371 0.009895833333333333 0.017592592592592594
0 0.496875 0.5888888888888889 0.027083333333333334 0.06296296296296297
0 0.18723958333333332 0.3074074074074074 0.025520833333333333 0.04814814814814815
0 0.6372395833333333 0.23564814814814816 0.019270833333333334 0.04351851851851852
0 0.42890625 0.5222222222222223 0.030729166666666665 0.06851851851851852
0 0.6190104166666667 0.03194444444444445 0.0109375 0.021296296296296296
0 0.8104166666666667 0.5472222222222223 0.03125 0.05740740740740741
0 0.5950520833333334 0.07175925925925926 0.009895833333333333 0.025
0 0.4106770833333333 0.10138888888888889 0.0109375 0.025
0 0.9874999999999999 0.07916666666666666 0.013541666666666667 0.025
0 0.46458333333333335 0.02361111111111111 0.007291666666666667 0.017592592592592594
0 0.2635416666666667 0.08657407407407408 0.010416666666666666 0.021296296296296296
0 0.15052083333333333 0.07731481481481482 0.009375 0.021296296296296296
0 0.56171875 0.026851851851851852 0.008854166666666666 0.020370370370370372
0 0.37083333333333335 0.02962962962962963 0.007291666666666667 0.016666666666666666
0 0.3963541666666667 0.0787037037037037 0.011458333333333333 0.02777777777777778
0 0.5028645833333333 0.01990740740740741 0.0078125 0.019444444444444445
0 0.34921875 0.024074074074074074 0.008854166666666666 0.016666666666666666
0 0.13255208333333332 0.011574074074074075 0.0078125 0.01388888888888889
0 0.6268229166666667 0.030555555555555558 0.008854166666666666 0.018518518518518517
0 0.73671875 0.02962962962962963 0.0109375 0.020370370370370372
0 0.3138020833333333 0.02638888888888889 0.0078125 0.017592592592592594
0 0.20963541666666666 0.06435185185185185 0.008854166666666666 0.019444444444444445
0 0.08333333333333333 0.14444444444444446 0.013541666666666667 0.02777777777777778
0 0.00625 0.27314814814814814 0.013541666666666667 0.05185185185185186
0 0.16380208333333332 0.10601851851851853 0.009895833333333333 0.02314814814814815
0 0.05963541666666666 0.015277777777777779 0.0078125 0.01388888888888889
0 0.29583333333333334 0.019444444444444445 0.008333333333333333 0.018518518518518517
0 0.8799479166666666 0.07777777777777778 0.0109375 0.018518518518518517
0 0.1828125 0.01388888888888889 0.007291666666666667 0.012962962962962964
0 0.00625 0.013425925925925926 0.007291666666666667 0.01388888888888889
0 0.7606770833333333 0.13333333333333333 0.0140625 0.02962962962962963
0 0.3614583333333333 0.25416666666666665 0.016666666666666666 0.03425925925925926
0 0.08411458333333333 0.0060185185185185185 0.0078125 0.012037037037037037
0 0.027083333333333334 0.007870370370370371 0.010416666666666666 0.015740740740740743
