0 0.375 0.6513888888888889 0.034375 0.08981481481481482
0 0.125 0.2833333333333333 0.022916666666666665 0.04814814814814815
0 0.44479166666666664 0.7759259259259259 0.035416666666666666 0.07592592592592592
0 0.41119791666666666 0.09722222222222222 0.011979166666666666 0.02777777777777778
0 0.5520833333333334 0.027314814814814816 0.010416666666666666 0.019444444444444445
0 0.8080729166666667 0.5523148148148148 0.0328125 0.0638888888888889
0 0.8536458333333333 0.04212962962962963 0.010416666666666666 0.021296296296296296
0 0.65078125 0.275 0.019270833333333334 0.0462962962962963
0 0.15598958333333332 0.07314814814814816 0.009895833333333333 0.020370370370370372
0 0.19427083333333334 0.08009259259259259 0.009375 0.019444444444444445
0 0.19557291666666665 0.01388888888888889 0.0078125 0.014814814814814815
0 0.39427083333333335 0.031018518518518518 0.008333333333333333 0.017592592592592594
0 0.24140625 0.020833333333333336 0.0078125 0.01388888888888889
0 0.27291666666666664 0.08888888888888889 0.010416666666666666 0.020370370370370372
0 0.5971354166666667 0.029166666666666667 0.008854166666666666 0.019444444444444445
0 0.36822916666666666 0.025 0.007291666666666667 0.020370370370370372
0 0.42890625 0.02592592592592593 0.008854166666666666 0.018518518518518517
0 0.8742187499999999 0.0837962962962963 0.011979166666666666 0.025
0 0.11666666666666667 0.015277777777777779 0.008333333333333333 0.015740740740740743
0 0.44817708333333334 0.038425925925925926 0.0078125 0.017592592592592594
0 0.084375 0.13425925925925927 0.0125 0.02777777777777778
0 0.08203125 0.007407407407407408 0.0078125 0.012962962962962964
0 0.23385416666666667 0.07824074074074075 0.011458333333333333 0.021296296296296296
0 0.6359375 0.07777777777777778 0.010416666666666666 0.024074074074074074
0 0.14479166666666665 0.009259259259259259 0.007291666666666667 0.014814814814814815
0 0.6903645833333333 0.14907407407407408 0.011979166666666666 0.02777777777777778
0 0.0046875 0.27083333333333337 0.010416666666666666 0.04537037037037037
0 0.6596354166666667 0.025 0.009895833333333333 0.018518518518518517
0 0.6671875 0.037037037037037035 0.0125 0.020370370370370372
0 0.7361979166666667 0.04259259259259259 0.009895833333333333 0.022222222222222223
0 0.72890625 0.04722222222222222 0.009895833333333333 0.020370370370370372
0 0.21901041666666665 0.15601851851851853 0.008854166666666666 0.026851851851851852
0 0.25729166666666664 0.22361111111111112 0.017708333333333333 0.032407407407407406
0 0.13255208333333332 0.1287037037037037 0.009895833333333333 0.022222222222222223
0 0.062239583333333334 0.016203703703703703 0.009895833333333333 0.017592592592592594
