0 0.13046875 0.2847222222222222 0.0234375 0.049074074074074076
0 0.3796875 0.6393518518518518 0.034375 0.08796296296296297
0 0.6455729166666666 0.2564814814814815 0.018229166666666668 0.044444444444444446
0 0.27317708333333335 0.08657407407407408 0.009895833333333333 0.019444444444444445
0 0.3880208333333333 0.03287037037037037 0.008333333333333333 0.017592592592592594
0 0.15572916666666667 0.07175925925925926 0.009375 0.021296296296296296
0 0.5453125 0.025462962962962965 0.009375 0.019444444444444445
0 0.7203125 0.04120370370370371 0.011458333333333333 0.02314814814814815
0 0.44921875 0.762962962962963 0.0390625 0.08703703703703704
0 0.4114583333333333 0.09490740740740741 0.011458333333333333 0.026851851851851852
0 0.5901041666666667 0.02638888888888889 0.009375 0.019444444444444445
0 0.809375 0.5523148148148148 0.03333333333333333 0.06574074074074074
0 0.1921875 0.07592592592592592 0.010416666666666666 0.024074074074074074
0 0.8453125 0.03657407407407408 0.011458333333333333 0.021296296296296296
0 0.8760416666666666 0.08287037037037037 0.015625 0.028703703703703703
0 0.23151041666666666 0.07361111111111111 0.0109375 0.025
0 0.1125 0.01388888888888889 0.008333333333333333 0.014814814814814815
0 0.44296874999999997 0.0375 0.0078125 0.015740740740740743
0 0.13932291666666666 0.0060185185185185185 0.0078125 0.012037037037037037
0 0.23723958333333334 0.017592592592592594 0.0067708333333333336 0.016666666666666666
0 0.19088541666666667 0.011111111111111112 0.0078125 0.014814814814814815
0 0.13697916666666665 0.13657407407407407 0.010416666666666666 0.021296296296296296
0 0.36276041666666664 0.024537037037037038 0.0067708333333333336 0.017592592592592594
0 0.4223958333333333 0.027314814814814816 0.007291666666666667 0.017592592592592594
0 0.07890625 0.0060185185185185185 0.0078125 0.012037037037037037
0 0.72734375 0.038425925925925926 0.008854166666666666 0.021296296296296296
0 0.0049479166666666664 0.27037037037037037 0.0109375 0.044444444444444446
0 0.084375 0.13425925925925927 0.011458333333333333 0.02592592592592593
0 0.6580729166666667 0.03194444444444445 0.0140625 0.026851851851851852
0 0.6307291666666667 0.08703703703703704 0.010416666666666666 0.020370370370370372
0 0.4010416666666667 0.09583333333333334 0.0125 0.02314814814814815
0 0.265625 0.2064814814814815 0.011458333333333333 0.031481481481481485
0 0.05677083333333333 0.01388888888888889 0.011458333333333333 0.018518518518518517
0 0.69609375 0.13611111111111113 0.0140625 0.02777777777777778
0 0.22135416666666666 0.16620370370370371 0.0125 0.026851851851851852
