0 0.13645833333333332 0.2847222222222222 0.02395833333333333 0.049074074074074076
0 0.64296875 0.2351851851851852 0.019270833333333334 0.044444444444444446
0 0.27317708333333335 0.08611111111111111 0.009895833333333333 0.020370370370370372
0 0.3859375 0.625925925925926 0.03229166666666666 0.07407407407407407
0 0.7119791666666666 0.0375 0.011458333333333333 0.021296296296296296
0 0.45078124999999997 0.7439814814814815 0.0359375 0.08425925925925926
0 0.41119791666666666 0.09351851851851853 0.011979166666666666 0.02592592592592593
0 0.15572916666666667 0.0712962962962963 0.009375 0.020370370370370372
0 0.22864583333333333 0.07037037037037037 0.009375 0.024074074074074074
0 0.8768229166666667 0.0837962962962963 0.01614583333333333 0.032407407407407406
0 0.5401041666666666 0.025 0.009375 0.018518518518518517
0 0.5828125 0.022222222222222223 0.009375 0.018518518518518517
0 0.8096354166666666 0.549074074074074 0.0328125 0.061111111111111116
0 0.6489583333333333 0.028703703703703703 0.011458333333333333 0.022222222222222223
0 0.190625 0.07083333333333333 0.009375 0.02314814814814815
0 0.13984375 0.13796296296296298 0.0109375 0.020370370370370372
0 0.10807291666666667 0.016203703703703703 0.0078125 0.015740740740740743
0 0.38203125 0.03333333333333333 0.008854166666666666 0.020370370370370372
0 0.8359375 0.03518518518518519 0.011458333333333333 0.022222222222222223
0 0.084375 0.13240740740740742 0.013541666666666667 0.02777777777777778
0 0.18645833333333334 0.010185185185185186 0.007291666666666667 0.014814814814814815
0 0.43723958333333335 0.03564814814814815 0.008854166666666666 0.015740740740740743
0 0.23385416666666667 0.016666666666666666 0.007291666666666667 0.016666666666666666
0 0.2752604166666667 0.1953703703703704 0.015104166666666667 0.03518518518518519
0 0.4166666666666667 0.028240740740740743 0.008333333333333333 0.017592592592592594
0 0.00546875 0.26990740740740743 0.0109375 0.04722222222222222
0 0.3578125 0.02361111111111111 0.008333333333333333 0.017592592592592594
0 0.7192708333333333 0.034722222222222224 0.009375 0.021296296296296296
0 0.3997395833333333 0.0912037037037037 0.011979166666666666 0.026851851851851852
0 0.13567708333333334 0.006944444444444445 0.0067708333333333336 0.012037037037037037
0 0.7044270833333334 0.12546296296296297 0.015104166666666667 0.026851851851851852
0 0.6278645833333333 0.10416666666666667 0.013020833333333334 0.02314814814814815
0 0.05130208333333333 0.016203703703703703 0.0078125 0.017592592592592594
0 0.07552083333333333 0.006944444444444445 0.010416666666666666 0.01388888888888889
