0 0.4161458333333333 0.5393518518518519 0.03125 0.06574074074074074
0 0.1796875 0.30648148148148147 0.02395833333333333 0.04814814814814815
0 0.8109375 0.5458333333333334 0.03125 0.058333333333333334
0 0.48854166666666665 0.6046296296296296 0.025 0.061111111111111116
0 0.6338541666666666 0.2162037037037037 0.019791666666666666 0.04351851851851852
0 0.4106770833333333 0.09166666666666667 0.0109375 0.02592592592592593
0 0.21536458333333333 0.06481481481481481 0.009895833333333333 0.024074074074074074
0 0.63515625 0.037037037037037035 0.0109375 0.020370370370370372
0 0.51796875 0.01898148148148148 0.008854166666666666 0.019444444444444445
0 0.18541666666666667 0.06481481481481481 0.010416666666666666 0.020370370370370372
0 0.3268229166666667 0.027314814814814816 0.008854166666666666 0.017592592592592594
0 0.6002604166666666 0.07453703703703704 0.0109375 0.026851851851851852
0 0.4783854166666667 0.020370370370370372 0.008854166666666666 0.016666666666666666
0 0.14192708333333334 0.009259259259259259 0.0067708333333333336 0.012962962962962964
0 0.6434895833333333 0.032407407407407406 0.009895833333333333 0.020370370370370372
0 0.0828125 0.14074074074074075 0.013541666666666667 0.02777777777777778
0 0.3619791666666667 0.02175925925925926 0.007291666666666667 0.017592592592592594
0 0.19244791666666666 0.018055555555555557 0.0067708333333333336 0.01388888888888889
0 0.2739583333333333 0.11018518518518519 0.009375 0.020370370370370372
0 0.38229166666666664 0.03287037037037037 0.007291666666666667 0.017592592592592594
0 0.015885416666666666 0.007407407407407408 0.008854166666666666 0.014814814814814815
0 0.7549479166666666 0.036111111111111115 0.0109375 0.022222222222222223
0 0.3072916666666667 0.019444444444444445 0.007291666666666667 0.018518518518518517
0 0.09557291666666666 0.006481481481481482 0.008854166666666666 0.011111111111111112
0 0.0067708333333333336 0.27222222222222225 0.011458333333333333 0.04814814814814815
0 0.0359375 0.004629629629629629 0.005208333333333333 0.009259259259259259
0 0.06744791666666666 0.010648148148148148 0.0067708333333333336 0.017592592592592594
0 0.15182291666666667 0.07685185185185185 0.009895833333333333 0.018518518518518517
0 0.16015625 0.07685185185185185 0.008854166666666666 0.018518518518518517
0 0.35651041666666666 0.26944444444444443 0.015104166666666667 0.02962962962962963
0 0.39557291666666666 0.08009259259259259 0.0140625 0.02314814814814815
0 0.7578125 0.1513888888888889 0.016666666666666666 0.03425925925925926
0 0.8796875 0.08101851851851852 0.015625 0.03425925925925926
0 0.578125 0.027314814814814816 0.010416666666666666 0.02314814814814815
