0 0.44557291666666665 0.4847222222222222 0.025520833333333333 0.06018518518518519
0 0.6453125 0.24305555555555555 0.019791666666666666 0.04351851851851852
0 0.21119791666666665 0.3351851851851852 0.025520833333333333 0.04814814814814815
0 0.3768229166666667 0.19722222222222224 0.0171875 0.040740740740740744
0 0.8096354166666666 0.549537037037037 0.033854166666666664 0.06574074074074074
0 0.50625 0.5337962962962963 0.022916666666666665 0.062037037037037036
0 0.9445312499999999 0.07824074074074075 0.013020833333333334 0.025
0 0.7716145833333333 0.12083333333333333 0.013020833333333334 0.030555555555555558
0 0.17526041666666667 0.07083333333333333 0.009895833333333333 0.021296296296296296
0 0.4671875 0.020370370370370372 0.008333333333333333 0.016666666666666666
0 0.4106770833333333 0.09490740740740741 0.0109375 0.025
0 0.57578125 0.03333333333333333 0.009895833333333333 0.020370370370370372
0 0.6924479166666666 0.03287037037037037 0.0109375 0.021296296296296296
0 0.28098958333333335 0.02777777777777778 0.0078125 0.014814814814814815
0 0.42942708333333335 0.024074074074074074 0.0078125 0.018518518518518517
0 0.10546875 0.013425925925925926 0.0067708333333333336 0.01388888888888889
0 0.005989583333333333 0.1125 0.0140625 0.03425925925925926
0 0.24453125 0.09444444444444444 0.008854166666666666 0.018518518518518517
0 0.19479166666666667 0.06805555555555556 0.009375 0.019444444444444445
0 0.14609375 0.08194444444444444 0.009895833333333333 0.021296296296296296
0 0.31927083333333334 0.024074074074074074 0.008333333333333333 0.018518518518518517
0 0.8791666666666667 0.08101851851851852 0.0125 0.025
0 0.9783854166666667 0.16203703703703703 0.0171875 0.03518518518518519
0 0.396875 0.07916666666666666 0.011458333333333333 0.026851851851851852
0 0.2674479166666667 0.01990740740740741 0.0078125 0.015740740740740743
0 0.5864583333333333 0.03194444444444445 0.009375 0.019444444444444445
0 0.34270833333333334 0.032407407407407406 0.007291666666666667 0.016666666666666666
0 0.037760416666666664 0.016666666666666666 0.0078125 0.012962962962962964
0 0.004427083333333333 0.2763888888888889 0.009895833333333333 0.04722222222222222
0 0.06067708333333333 0.006481481481481482 0.008854166666666666 0.011111111111111112
0 0.15651041666666665 0.012962962962962964 0.0046875 0.011111111111111112
0 0.08619791666666667 0.15601851851851853 0.013020833333333334 0.026851851851851852
0 0.5864583333333333 0.08009259259259259 0.011458333333333333 0.025
0 0.5216145833333333 0.02638888888888889 0.015104166666666667 0.025
0 0.17838541666666666 0.14444444444444446 0.0140625 0.02962962962962963
0 0.005989583333333333 0.008796296296296297 0.0067708333333333336 0.01388888888888889
