0 0.3859375 0.6245370370370371 0.03229166666666666 0.08055555555555556
0 0.13958333333333334 0.2851851851851852 0.022916666666666665 0.04814814814814815
0 0.27421875 0.08611111111111111 0.009895833333333333 0.022222222222222223
0 0.6411458333333333 0.22916666666666669 0.01875 0.04537037037037037
0 0.8096354166666666 0.5486111111111112 0.0328125 0.06018518518518519
0 0.15625 0.0712962962962963 0.009375 0.020370370370370372
0 0.45286458333333335 0.7337962962962963 0.034895833333333334 0.08611111111111111
0 0.8312499999999999 0.036111111111111115 0.011458333333333333 0.022222222222222223
0 0.7083333333333334 0.037037037037037035 0.0125 0.022222222222222223
0 0.4328125 0.034722222222222224 0.008333333333333333 0.015740740740740743
0 0.8776041666666666 0.08333333333333334 0.015625 0.031481481481481485
0 0.5791666666666666 0.02175925925925926 0.009375 0.019444444444444445
0 0.3796875 0.031481481481481485 0.008333333333333333 0.018518518518518517
0 0.084375 0.13194444444444445 0.013541666666666667 0.026851851851851852
0 0.41380208333333335 0.027314814814814816 0.0078125 0.017592592592592594
0 0.41171874999999997 0.09212962962962963 0.0109375 0.026851851851851852
0 0.5369791666666667 0.026851851851851852 0.009375 0.018518518518518517
0 0.10598958333333333 0.017592592592592594 0.0067708333333333336 0.014814814814814815
0 0.18411458333333333 0.011111111111111112 0.0067708333333333336 0.014814814814814815
0 0.6453125 0.02962962962962963 0.010416666666666666 0.022222222222222223
0 0.3541666666666667 0.022222222222222223 0.008333333333333333 0.018518518518518517
0 0.3989583333333333 0.09074074074074075 0.0125 0.02962962962962963
0 0.22890625 0.06944444444444445 0.0109375 0.024074074074074074
0 0.19036458333333334 0.07037037037037037 0.0078125 0.022222222222222223
0 0.23072916666666665 0.01388888888888889 0.00625 0.012962962962962964
0 0.051041666666666666 0.015740740740740743 0.007291666666666667 0.016666666666666666
0 0.6255208333333333 0.10787037037037038 0.010416666666666666 0.025
0 0.14140625 0.13657407407407407 0.009895833333333333 0.017592592592592594
0 0.71484375 0.03657407407407408 0.009895833333333333 0.021296296296296296
0 0.0049479166666666664 0.2689814814814815 0.0109375 0.04537037037037037
0 0.07369791666666667 0.007407407407407408 0.0078125 0.012962962962962964
0 0.2825520833333333 0.1925925925925926 0.015104166666666667 0.03333333333333333
0 0.13307291666666665 0.007407407407407408 0.008854166666666666 0.012962962962962964
0 0.7075520833333333 0.11990740740740741 0.0140625 0.025
