0 0.44140625 0.4449074074074074 0.025520833333333333 0.06018518518518519
0 0.6424479166666667 0.22037037037037038 0.0203125 0.04814814814814815
0 0.2453125 0.34814814814814815 0.026041666666666668 0.05185185185185186
0 0.8096354166666666 0.549074074074074 0.033854166666666664 0.06481481481481481
0 0.9026041666666667 0.0763888888888889 0.0125 0.02314814814814815
0 0.5072916666666667 0.487962962962963 0.021875 0.05925925925925926
0 0.31588541666666664 0.030555555555555558 0.008854166666666666 0.016666666666666666
0 0.7752604166666667 0.09675925925925927 0.015104166666666667 0.030555555555555558
0 0.9546875 0.044444444444444446 0.0125 0.02777777777777778
0 0.14505208333333333 0.08888888888888889 0.009895833333333333 0.020370370370370372
0 0.2375 0.09953703703703703 0.010416666666666666 0.019444444444444445
0 0.3963541666666667 0.02361111111111111 0.009375 0.017592592592592594
0 0.38359375 0.18888888888888888 0.0171875 0.03888888888888889
0 0.16510416666666666 0.07222222222222223 0.011458333333333333 0.024074074074074074
0 0.5356770833333333 0.03287037037037037 0.009895833333333333 0.021296296296296296
0 0.024739583333333332 0.11898148148148148 0.015104166666666667 0.036111111111111115
0 0.4328125 0.021296296296296296 0.008333333333333333 0.018518518518518517
0 0.54921875 0.030092592592592594 0.008854166666666666 0.019444444444444445
0 0.08671875 0.15787037037037038 0.011979166666666666 0.026851851851851852
0 0.4088541666666667 0.09722222222222222 0.010416666666666666 0.024074074074074074
0 0.5828125 0.10462962962962963 0.009375 0.02592592592592593
0 0.2526041666666667 0.02777777777777778 0.008333333333333333 0.016666666666666666
0 0.290625 0.02592592592592593 0.008333333333333333 0.018518518518518517
0 0.17864583333333334 0.07175925925925926 0.010416666666666666 0.02314814814814815
0 0.23958333333333334 0.021296296296296296 0.007291666666666667 0.014814814814814815
0 0.13151041666666666 0.019444444444444445 0.0067708333333333336 0.014814814814814815
0 0.8752604166666667 0.08518518518518518 0.013020833333333334 0.024074074074074074
0 0.08098958333333334 0.015277777777777779 0.0078125 0.01388888888888889
0 0.3966145833333333 0.08148148148148149 0.0140625 0.02777777777777778
0 0.014583333333333334 0.01712962962962963 0.007291666666666667 0.012037037037037037
0 0.0049479166666666664 0.27824074074074073 0.0109375 0.04722222222222222
0 0.040625 0.006944444444444445 0.010416666666666666 0.01388888888888889
0 0.4888020833333333 0.020833333333333336 0.008854166666666666 0.017592592592592594
0 0.48411458333333335 0.02777777777777778 0.009895833333333333 0.020370370370370372
0 0.9536458333333333 0.14953703703703705 0.016666666666666666 0.036111111111111115
0 0.6520833333333333 0.03425925925925926 0.0125 0.018518518518518517
0 0.19401041666666666 0.08796296296296297 0.009895833333333333 0.020370370370370372
