0 0.3692708333333333 0.6703703703703704 0.036458333333333336 0.08703703703703704
0 0.12083333333333333 0.2800925925925926 0.022916666666666665 0.049074074074074076
0 0.4393229166666667 0.7893518518518519 0.03802083333333333 0.08240740740740742
0 0.4106770833333333 0.0962962962962963 0.011979166666666666 0.02777777777777778
0 0.8078124999999999 0.5527777777777778 0.03229166666666666 0.06296296296296297
0 0.15546875 0.075 0.008854166666666666 0.018518518518518517
0 0.3997395833333333 0.031481481481481485 0.009895833333333333 0.018518518518518517
0 0.271875 0.08796296296296297 0.010416666666666666 0.018518518518518517
0 0.6744791666666666 0.03935185185185185 0.010416666666666666 0.02314814814814815
0 0.559375 0.033796296296296297 0.008333333333333333 0.017592592592592594
0 0.8721354166666666 0.08888888888888889 0.0140625 0.03333333333333333
0 0.6046875 0.028240740740740743 0.008333333333333333 0.019444444444444445
0 0.20078125 0.01898148148148148 0.0078125 0.015740740740740743
0 0.8624999999999999 0.04583333333333334 0.0125 0.025
0 0.4356770833333333 0.026851851851851852 0.0078125 0.018518518518518517
0 0.24609375 0.02314814814814815 0.0067708333333333336 0.016666666666666666
0 0.19557291666666665 0.08564814814814815 0.009895833333333333 0.025
0 0.12057291666666667 0.017592592592592594 0.008854166666666666 0.014814814814814815
0 0.14973958333333334 0.010648148148148148 0.0078125 0.012037037037037037
0 0.6401041666666667 0.06759259259259259 0.010416666666666666 0.022222222222222223
0 0.08489583333333334 0.13472222222222222 0.0125 0.026851851851851852
0 0.3736979166666667 0.022685185185185187 0.0078125 0.019444444444444445
0 0.6567708333333333 0.2935185185185185 0.020833333333333332 0.044444444444444446
0 0.25364583333333335 0.23935185185185187 0.016666666666666666 0.030555555555555558
0 0.08671875 0.009722222222222222 0.008854166666666666 0.01388888888888889
0 0.66953125 0.02777777777777778 0.009895833333333333 0.022222222222222223
0 0.004427083333333333 0.274537037037037 0.009895833333333333 0.04351851851851852
0 0.74609375 0.047685185185185185 0.008854166666666666 0.026851851851851852
0 0.73671875 0.04583333333333334 0.013020833333333334 0.026851851851851852
0 0.6859375 0.15 0.011458333333333333 0.022222222222222223
0 0.45546875 0.03657407407407408 0.008854166666666666 0.017592592592592594
0 0.23541666666666666 0.08796296296296297 0.010416666666666666 0.022222222222222223
0 0.21770833333333334 0.14953703703703705 0.010416666666666666 0.03425925925925926
0 0.13177083333333334 0.11666666666666667 0.010416666666666666 0.018518518518518517
0 0.06510416666666667 0.015277777777777779 0.010416666666666666 0.015740740740740743
