0 0.8213541666666666 0.31712962962962965 0.025 0.049074074074074076
0 0.11041666666666666 0.1574074074074074 0.0125 0.02592592592592593
0 0.36614583333333334 0.2587962962962963 0.017708333333333333 0.036111111111111115
0 0.30026041666666664 0.23703703703703705 0.01614583333333333 0.037037037037037035
0 0.39479166666666665 0.28564814814814815 0.016666666666666666 0.036111111111111115
0 0.8864583333333333 0.3768518518518519 0.02395833333333333 0.04814814814814815
0 0.42265625 0.300462962962963 0.019270833333333334 0.03796296296296296
0 0.7473958333333334 0.3162037037037037 0.022916666666666665 0.04722222222222222
0 0.9653645833333333 0.36388888888888893 0.025520833333333333 0.04814814814814815
0 0.6489583333333333 0.34120370370370373 0.019791666666666666 0.04166666666666667
0 0.40859375 0.23101851851851854 0.01614583333333333 0.03425925925925926
0 0.41562499999999997 0.43472222222222223 0.026041666666666668 0.05092592592592593
0 0.2583333333333333 0.22546296296296298 0.017708333333333333 0.03425925925925926
0 0.19192708333333333 0.22361111111111112 0.01614583333333333 0.030555555555555558
0 0.9328124999999999 0.4537037037037037 0.026041666666666668 0.053703703703703705
0 0.32916666666666666 0.25277777777777777 0.015625 0.03333333333333333
0 0.41510416666666666 0.525462962962963 0.027083333333333334 0.058333333333333334
0 0.11848958333333333 0.19490740740740742 0.01614583333333333 0.028703703703703703
0 0.5166666666666666 0.2814814814814815 0.020833333333333332 0.0462962962962963
0 0.8403645833333333 0.3550925925925926 0.025520833333333333 0.058333333333333334
0 0.31796875 0.3 0.0140625 0.03333333333333333
0 0.4510416666666667 0.3189814814814815 0.01875 0.036111111111111115
0 0.16067708333333333 0.18333333333333335 0.015104166666666667 0.02777777777777778
0 0.21536458333333333 0.2240740740740741 0.018229166666666668 0.03518518518518519
0 0.19244791666666666 0.17453703703703705 0.015104166666666667 0.03425925925925926
0 0.26588541666666665 0.2513888888888889 0.01614583333333333 0.032407407407407406
0 0.20208333333333334 0.1953703703703704 0.015625 0.03333333333333333
0 0.571875 0.31157407407407406 0.019791666666666666 0.03981481481481482
0 0.20989583333333334 0.19305555555555556 0.014583333333333334 0.030555555555555558
0 0.17005208333333333 0.30462962962962964 0.019270833333333334 0.03333333333333333
