0 0.2994791666666667 0.24120370370370373 0.015625 0.03796296296296296
0 0.3890625 0.28611111111111115 0.016666666666666666 0.03518518518518519
0 0.42343749999999997 0.3027777777777778 0.01875 0.040740740740740744
0 0.44765625 0.31666666666666665 0.021354166666666667 0.03888888888888889
0 0.6411458333333333 0.33796296296296297 0.019791666666666666 0.040740740740740744
0 0.36276041666666664 0.2574074074074074 0.0171875 0.037037037037037035
0 0.32916666666666666 0.25324074074074077 0.016666666666666666 0.03425925925925926
0 0.3677083333333333 0.4236111111111111 0.027083333333333334 0.05277777777777778
0 0.4067708333333333 0.23055555555555557 0.015625 0.03518518518518519
0 0.31796875 0.2949074074074074 0.01614583333333333 0.03425925925925926
0 0.10963541666666667 0.1564814814814815 0.011979166666666666 0.02592592592592593
0 0.7403645833333333 0.31527777777777777 0.0203125 0.04166666666666667
0 0.19270833333333334 0.1726851851851852 0.014583333333333334 0.030555555555555558
0 0.4161458333333333 0.524537037037037 0.026041666666666668 0.058333333333333334
0 0.8161458333333333 0.3143518518518519 0.02395833333333333 0.049074074074074076
0 0.96640625 0.3666666666666667 0.0265625 0.05185185185185186
0 0.8296875 0.35370370370370374 0.02395833333333333 0.05555555555555556
0 0.5135416666666667 0.27870370370370373 0.020833333333333332 0.0462962962962963
0 0.15833333333333333 0.18101851851851852 0.014583333333333334 0.026851851851851852
0 0.19427083333333334 0.22083333333333335 0.015625 0.030555555555555558
0 0.11432291666666666 0.18703703703703706 0.0171875 0.02777777777777778
0 0.88359375 0.3763888888888889 0.0234375 0.04722222222222222
0 0.20442708333333334 0.19490740740740742 0.015104166666666667 0.030555555555555558
0 0.2544270833333333 0.22685185185185186 0.0171875 0.03518518518518519
0 0.5692708333333333 0.3111111111111111 0.02395833333333333 0.044444444444444446
0 0.26276041666666666 0.2537037037037037 0.01614583333333333 0.03518518518518519
0 0.9713541666666666 0.44953703703703707 0.027083333333333334 0.05648148148148149
0 0.21796875 0.2212962962962963 0.019270833333333334 0.03333333333333333
0 0.27109375 0.23055555555555557 0.013020833333333334 0.02962962962962963
0 0.16614583333333333 0.1851851851851852 0.013541666666666667 0.02777777777777778
0 0.9877604166666667 0.41574074074074074 0.025520833333333333 0.05555555555555556
0 0.20989583333333334 0.19398148148148148 0.013541666666666667 0.028703703703703703
0 0.17916666666666667 0.32083333333333336 0.020833333333333332 0.036111111111111115
