0 0.7364583333333333 0.3425925925925926 0.02395833333333333 0.053703703703703705
0 0.6541666666666667 0.30694444444444446 0.021875 0.04351851851851852
0 0.3015625 0.22546296296296298 0.014583333333333334 0.036111111111111115
0 0.46249999999999997 0.27361111111111114 0.021875 0.04722222222222222
0 0.7653645833333333 0.30324074074074076 0.0234375 0.04537037037037037
0 0.3145833333333333 0.3 0.015625 0.03518518518518519
0 0.96875 0.3648148148148148 0.026041666666666668 0.05
0 0.5989583333333334 0.32037037037037036 0.01875 0.03888888888888889
0 0.428125 0.5259259259259259 0.027083333333333334 0.061111111111111116
0 0.033854166666666664 0.12916666666666668 0.011458333333333333 0.02314814814814815
0 0.3734375 0.2902777777777778 0.017708333333333333 0.03796296296296296
0 0.81015625 0.36388888888888893 0.0234375 0.04259259259259259
0 0.3971354166666667 0.22870370370370371 0.0140625 0.037037037037037035
0 0.031510416666666666 0.3856481481481482 0.0265625 0.04722222222222222
0 0.2682291666666667 0.2212962962962963 0.0125 0.02592592592592593
0 0.4244791666666667 0.30694444444444446 0.01875 0.036111111111111115
0 0.8976562499999999 0.3597222222222222 0.022395833333333334 0.05092592592592593
0 0.030989583333333334 0.15185185185185185 0.015104166666666667 0.02592592592592593
0 0.20546875 0.2087962962962963 0.01614583333333333 0.03425925925925926
0 0.5252604166666667 0.29814814814814816 0.021354166666666667 0.03888888888888889
0 0.3638020833333333 0.2740740740740741 0.01614583333333333 0.037037037037037035
0 0.1046875 0.16342592592592592 0.010416666666666666 0.025
0 0.20989583333333334 0.16990740740740742 0.013541666666666667 0.032407407407407406
0 0.34401041666666665 0.24675925925925926 0.01614583333333333 0.036111111111111115
0 0.17239583333333333 0.1712962962962963 0.011458333333333333 0.022222222222222223
0 0.2700520833333333 0.24444444444444446 0.01614583333333333 0.03333333333333333
0 0.17213541666666665 0.1837962962962963 0.011979166666666666 0.02314814814814815
0 0.3372395833333333 0.2518518518518519 0.011979166666666666 0.03333333333333333
0 0.22708333333333333 0.1814814814814815 0.008333333333333333 0.020370370370370372
0 0.21848958333333332 0.18333333333333335 0.011979166666666666 0.02592592592592593
0 0.22265625 0.2138888888888889 0.01614583333333333 0.02777777777777778
0 0.23723958333333334 0.22037037037037038 0.0203125 0.037037037037037035
0 0.29973958333333334 0.4046296296296297 0.019270833333333334 0.037037037037037035
