0 0.65234375 0.30462962962962964 0.021354166666666667 0.0462962962962963
0 0.45260416666666664 0.27222222222222225 0.021875 0.0462962962962963
0 0.76328125 0.30185185185185187 0.0234375 0.0462962962962963
0 0.3140625 0.29444444444444445 0.014583333333333334 0.03333333333333333
0 0.5919270833333333 0.3194444444444445 0.019270833333333334 0.03888888888888889
0 0.396875 0.22962962962962963 0.014583333333333334 0.03888888888888889
0 0.72421875 0.34120370370370373 0.0234375 0.05092592592592593
0 0.3028645833333333 0.22314814814814815 0.015104166666666667 0.03518518518518519
0 0.9697916666666666 0.36435185185185187 0.027083333333333334 0.05092592592592593
0 0.7994791666666666 0.36203703703703705 0.025 0.040740740740740744
0 0.42135416666666664 0.3050925925925926 0.01875 0.036111111111111115
0 0.34739583333333335 0.24537037037037038 0.017708333333333333 0.03888888888888889
0 0.9739583333333334 0.44027777777777777 0.028125 0.05462962962962963
0 0.20781249999999998 0.16574074074074074 0.013541666666666667 0.02777777777777778
0 0.8940104166666667 0.3601851851851852 0.022395833333333334 0.05555555555555556
0 0.3684895833333333 0.2898148148148148 0.018229166666666668 0.037037037037037035
0 0.43203125 0.5259259259259259 0.028645833333333332 0.06296296296296297
0 0.09765625 0.1615740740740741 0.0109375 0.025
0 0.5208333333333334 0.2967592592592593 0.022916666666666665 0.04166666666666667
0 0.26458333333333334 0.2476851851851852 0.017708333333333333 0.03425925925925926
0 0.22265625 0.2125 0.0171875 0.032407407407407406
0 0.24322916666666666 0.22037037037037038 0.015625 0.031481481481481485
0 0.019270833333333334 0.1513888888888889 0.014583333333333334 0.02314814814814815
0 0.2635416666666667 0.22268518518518518 0.0125 0.026851851851851852
0 0.20598958333333334 0.20833333333333334 0.0171875 0.03518518518518519
0 0.020833333333333332 0.13055555555555556 0.011458333333333333 0.022222222222222223
0 0.17578125 0.18287037037037038 0.0140625 0.028703703703703703
0 0.16979166666666667 0.17222222222222222 0.013541666666666667 0.02962962962962963
0 0.010416666666666666 0.37453703703703706 0.020833333333333332 0.04722222222222222
0 0.36354166666666665 0.27314814814814814 0.016666666666666666 0.03518518518518519
0 0.22630208333333332 0.18333333333333335 0.015104166666666667 0.02962962962962963
0 0.21848958333333332 0.18472222222222223 0.0140625 0.028703703703703703
0 0.32369791666666664 0.40740740740740744 0.0234375 0.03888888888888889
