0 0.10963541666666667 0.15694444444444444 0.011979166666666666 0.025
0 0.9669270833333333 0.36574074074074076 0.027604166666666666 0.053703703703703705
0 0.39166666666666666 0.28564814814814815 0.016666666666666666 0.036111111111111115
0 0.3848958333333333 0.42129629629629634 0.026041666666666668 0.05555555555555556
0 0.3 0.24074074074074076 0.015625 0.037037037037037035
0 0.42265625 0.3013888888888889 0.019270833333333334 0.03796296296296296
0 0.8854166666666666 0.37592592592592594 0.025 0.04814814814814815
0 0.6440104166666667 0.33981481481481485 0.0203125 0.040740740740740744
0 0.32890625 0.2537037037037037 0.01614583333333333 0.03333333333333333
0 0.8182291666666667 0.31574074074074077 0.02395833333333333 0.05
0 0.8328125 0.35462962962962963 0.02395833333333333 0.05740740740740741
0 0.4083333333333333 0.23101851851851854 0.015625 0.036111111111111115
0 0.44947916666666665 0.31666666666666665 0.01875 0.03518518518518519
0 0.3190104166666667 0.2972222222222222 0.015104166666666667 0.03333333333333333
0 0.74296875 0.3143518518518519 0.021354166666666667 0.04166666666666667
0 0.11666666666666667 0.19074074074074074 0.017708333333333333 0.02962962962962963
0 0.19375 0.2212962962962963 0.015625 0.031481481481481485
0 0.36354166666666665 0.2587962962962963 0.017708333333333333 0.03796296296296296
0 0.515625 0.2791666666666667 0.020833333333333332 0.04722222222222222
0 0.25677083333333334 0.2263888888888889 0.016666666666666666 0.03425925925925926
0 0.21640625 0.22268518518518518 0.0203125 0.03796296296296296
0 0.4145833333333333 0.525462962962963 0.027083333333333334 0.06018518518518519
0 0.19375 0.17407407407407408 0.014583333333333334 0.031481481481481485
0 0.26666666666666666 0.24722222222222223 0.016666666666666666 0.03333333333333333
0 0.5713541666666666 0.3125 0.021875 0.05092592592592593
0 0.20442708333333334 0.19490740740740742 0.01614583333333333 0.032407407407407406
0 0.16119791666666666 0.18333333333333335 0.0140625 0.02962962962962963
0 0.26979166666666665 0.23148148148148148 0.014583333333333334 0.02962962962962963
0 0.21015625 0.19212962962962965 0.013020833333333334 0.026851851851851852
0 0.9572916666666667 0.44722222222222224 0.026041666666666668 0.044444444444444446
0 0.17447916666666666 0.31574074074074077 0.021875 0.040740740740740744
