0 0.91875 0.45046296296296295 0.027083333333333334 0.05648148148148149
0 0.41328125 0.5268518518518519 0.027604166666666666 0.05740740740740741
0 0.30078125 0.23657407407407408 0.01614583333333333 0.03796296296296296
0 0.8216145833333334 0.3180555555555556 0.024479166666666666 0.05092592592592593
0 0.8861979166666667 0.3763888888888889 0.0234375 0.04722222222222222
0 0.42265625 0.300462962962963 0.019270833333333334 0.03796296296296296
0 0.36744791666666665 0.25787037037037036 0.018229166666666668 0.036111111111111115
0 0.4348958333333333 0.4356481481481482 0.026041666666666668 0.05277777777777778
0 0.7489583333333333 0.3162037037037037 0.021875 0.049074074074074076
0 0.3299479166666667 0.25277777777777777 0.01614583333333333 0.03333333333333333
0 0.9651041666666667 0.362962962962963 0.027083333333333334 0.05
0 0.4080729166666667 0.23148148148148148 0.01614583333333333 0.03518518518518519
0 0.1109375 0.15833333333333333 0.011458333333333333 0.02592592592592593
0 0.6515625 0.3439814814814815 0.020833333333333332 0.04166666666666667
0 0.39609375 0.28564814814814815 0.0171875 0.036111111111111115
0 0.8450520833333334 0.3541666666666667 0.024479166666666666 0.05462962962962963
0 0.25755208333333335 0.22685185185185186 0.0171875 0.03518518518518519
0 0.5174479166666667 0.28240740740740744 0.021354166666666667 0.0462962962962963
0 0.11875 0.1925925925925926 0.016666666666666666 0.031481481481481485
0 0.4513020833333333 0.3194444444444445 0.019270833333333334 0.037037037037037035
0 0.19010416666666666 0.22222222222222224 0.015625 0.02962962962962963
0 0.31614583333333335 0.300462962962963 0.014583333333333334 0.03425925925925926
0 0.16067708333333333 0.1837962962962963 0.015104166666666667 0.028703703703703703
0 0.26927083333333335 0.2490740740740741 0.017708333333333333 0.031481481481481485
0 0.21458333333333332 0.225 0.017708333333333333 0.037037037037037035
0 0.19036458333333334 0.17777777777777778 0.01614583333333333 0.03518518518518519
0 0.20520833333333333 0.19490740740740742 0.015625 0.032407407407407406
0 0.5744791666666667 0.3101851851851852 0.020833333333333332 0.03888888888888889
0 0.17005208333333333 0.30648148148148147 0.019270833333333334 0.03333333333333333
0 0.209375 0.1912037037037037 0.013541666666666667 0.02314814814814815
