0 0.2994791666666667 0.2388888888888889 0.016666666666666666 0.037037037037037035
0 0.6325520833333333 0.33425925925925926 0.019270833333333334 0.040740740740740744
0 0.3828125 0.28750000000000003 0.017708333333333333 0.036111111111111115
0 0.10494791666666667 0.15092592592592594 0.011979166666666666 0.024074074074074074
0 0.15651041666666665 0.17916666666666667 0.015104166666666667 0.025
0 0.31744791666666666 0.2939814814814815 0.01614583333333333 0.03425925925925926
0 0.87265625 0.375 0.0234375 0.0462962962962963
0 0.19505208333333332 0.21944444444444444 0.015104166666666667 0.02962962962962963
0 0.32734375 0.425 0.027604166666666666 0.05185185185185186
0 0.8216145833333334 0.3523148148148148 0.024479166666666666 0.05462962962962963
0 0.4015625 0.23101851851851854 0.015625 0.03425925925925926
0 0.33046875 0.25092592592592594 0.0171875 0.03333333333333333
0 0.36276041666666664 0.2555555555555556 0.0171875 0.037037037037037035
0 0.4471354166666667 0.31574074074074077 0.0203125 0.037037037037037035
0 0.7317708333333334 0.3143518518518519 0.020833333333333332 0.03981481481481482
0 0.5098958333333333 0.28055555555555556 0.020833333333333332 0.0462962962962963
0 0.96328125 0.4041666666666667 0.027604166666666666 0.05092592592592593
0 0.21927083333333333 0.2189814814814815 0.01875 0.03425925925925926
0 0.81015625 0.3125 0.0234375 0.049074074074074076
0 0.24635416666666665 0.225 0.016666666666666666 0.031481481481481485
0 0.42161458333333335 0.3060185185185185 0.019270833333333334 0.03981481481481482
0 0.4158854166666667 0.5236111111111111 0.027604166666666666 0.058333333333333334
0 0.10807291666666667 0.18611111111111112 0.0171875 0.02592592592592593
0 0.18932291666666667 0.17175925925925928 0.01614583333333333 0.032407407407407406
0 0.259375 0.2537037037037037 0.01875 0.03333333333333333
0 0.27057291666666666 0.22824074074074074 0.011979166666666666 0.028703703703703703
0 0.9666666666666667 0.3675925925925926 0.025 0.04814814814814815
0 0.5643229166666667 0.3125 0.021354166666666667 0.04166666666666667
0 0.20182291666666666 0.19444444444444445 0.01614583333333333 0.031481481481481485
0 0.16796875 0.1814814814814815 0.015104166666666667 0.02592592592592593
0 0.99296875 0.44907407407407407 0.019270833333333334 0.05
0 0.18463541666666666 0.32453703703703707 0.0203125 0.036111111111111115
0 0.21015625 0.1865740740740741 0.008854166666666666 0.030555555555555558
