0 0.07213541666666666 0.3888888888888889 0.0265625 0.05185185185185186
0 0.96953125 0.3662037037037037 0.0265625 0.05277777777777778
0 0.29921875 0.23148148148148148 0.01614583333333333 0.03888888888888889
0 0.3651041666666667 0.274537037037037 0.017708333333333333 0.036111111111111115
0 0.75625 0.34953703703703703 0.025 0.05277777777777778
0 0.3885416666666667 0.2916666666666667 0.017708333333333333 0.03888888888888889
0 0.65859375 0.31157407407407406 0.022395833333333334 0.04537037037037037
0 0.42890625 0.3101851851851852 0.018229166666666668 0.03518518518518519
0 0.6033854166666667 0.32222222222222224 0.019270833333333334 0.03888888888888889
0 0.53046875 0.29953703703703705 0.021354166666666667 0.04166666666666667
0 0.8247395833333333 0.3615740740740741 0.024479166666666666 0.04166666666666667
0 0.4744791666666667 0.2796296296296296 0.021875 0.04814814814814815
0 0.26953125 0.21574074074074076 0.011979166666666666 0.02592592592592593
0 0.2046875 0.2101851851851852 0.017708333333333333 0.03518518518518519
0 0.11822916666666666 0.16481481481481483 0.011458333333333333 0.024074074074074074
0 0.3963541666666667 0.23194444444444445 0.014583333333333334 0.03796296296296296
0 0.42421875 0.525462962962963 0.028645833333333332 0.06018518518518519
0 0.31640625 0.30648148148148147 0.01614583333333333 0.037037037037037035
0 0.77109375 0.31157407407407406 0.024479166666666666 0.04722222222222222
0 0.05026041666666667 0.13472222222222222 0.0109375 0.02314814814814815
0 0.3333333333333333 0.24814814814814815 0.017708333333333333 0.037037037037037035
0 0.23489583333333333 0.22314814814814815 0.016666666666666666 0.02962962962962963
0 0.3484375 0.2476851851851852 0.016666666666666666 0.03796296296296296
0 0.8984375 0.3662037037037037 0.021875 0.04722222222222222
0 0.045572916666666664 0.16018518518518518 0.015104166666666667 0.024074074074074074
0 0.16979166666666667 0.17500000000000002 0.013541666666666667 0.024074074074074074
0 0.2760416666666667 0.24444444444444446 0.017708333333333333 0.03333333333333333
0 0.225 0.21435185185185185 0.017708333333333333 0.03425925925925926
0 0.22057291666666667 0.18564814814814815 0.01614583333333333 0.028703703703703703
0 0.21432291666666667 0.1685185185185185 0.013020833333333334 0.024074074074074074
0 0.17161458333333332 0.18935185185185185 0.011979166666666666 0.025
0 0.26796875 0.3851851851851852 0.0203125 0.03888888888888889
