0 0.3072916666666667 0.22870370370370371 0.015625 0.03333333333333333
0 0.19765625 0.2175925925925926 0.015104166666666667 0.031481481481481485
0 0.0890625 0.14583333333333334 0.0125 0.025
0 0.14479166666666665 0.17453703703703705 0.013541666666666667 0.025
0 0.17734375 0.1726851851851852 0.0140625 0.032407407407407406
0 0.9177083333333333 0.39212962962962966 0.02395833333333333 0.05092592592592593
0 0.9653645833333333 0.3662037037037037 0.025520833333333333 0.05092592592592593
0 0.3140625 0.3055555555555556 0.014583333333333334 0.03333333333333333
0 0.3731770833333333 0.2833333333333333 0.0171875 0.037037037037037035
0 0.6078125 0.33425925925925926 0.01875 0.03888888888888889
0 0.4427083333333333 0.3148148148148148 0.01875 0.03518518518518519
0 0.8015625 0.3527777777777778 0.022916666666666665 0.053703703703703705
0 0.41484375 0.5226851851851853 0.027604166666666666 0.06018518518518519
0 0.8395833333333333 0.3680555555555556 0.022916666666666665 0.04537037037037037
0 0.3888020833333333 0.2300925925925926 0.01614583333333333 0.03425925925925926
0 0.49973958333333335 0.2837962962962963 0.022395833333333334 0.04722222222222222
0 0.2703125 0.22824074074074074 0.0125 0.030555555555555558
0 0.7036458333333333 0.31157407407407406 0.019791666666666666 0.03981481481481482
0 0.23098958333333333 0.41481481481481486 0.027604166666666666 0.053703703703703705
0 0.35520833333333335 0.2518518518518519 0.017708333333333333 0.03518518518518519
0 0.08645833333333333 0.17824074074074076 0.015625 0.025
0 0.3372395833333333 0.24675925925925926 0.018229166666666668 0.032407407407407406
0 0.259375 0.2523148148148148 0.016666666666666666 0.03425925925925926
0 0.41484375 0.3041666666666667 0.0171875 0.03796296296296296
0 0.7971354166666667 0.30972222222222223 0.022395833333333334 0.04166666666666667
0 0.553125 0.3060185185185185 0.019791666666666666 0.036111111111111115
0 0.23177083333333334 0.2300925925925926 0.017708333333333333 0.032407407407407406
0 0.20130208333333333 0.1912037037037037 0.015104166666666667 0.030555555555555558
0 0.22526041666666666 0.2138888888888889 0.018229166666666668 0.03333333333333333
0 0.20078125 0.1726851851851852 0.0140625 0.026851851851851852
0 0.21145833333333333 0.19722222222222224 0.013541666666666667 0.02962962962962963
0 0.203125 0.3351851851851852 0.01875 0.03333333333333333
