0 0.6546875 0.3074074074074074 0.021875 0.044444444444444446
0 0.7395833333333334 0.3439814814814815 0.022916666666666665 0.05277777777777778
0 0.30182291666666666 0.2263888888888889 0.015104166666666667 0.036111111111111115
0 0.46432291666666664 0.275 0.021354166666666667 0.04814814814814815
0 0.4265625 0.5236111111111111 0.028125 0.062037037037037036
0 0.9690104166666667 0.3662037037037037 0.025520833333333333 0.05092592592592593
0 0.3770833333333333 0.29120370370370374 0.01875 0.03796296296296296
0 0.6 0.32175925925925924 0.01875 0.03981481481481482
0 0.03359375 0.15231481481481482 0.0140625 0.02314814814814815
0 0.3971354166666667 0.22962962962962963 0.0140625 0.037037037037037035
0 0.31484375 0.3013888888888889 0.015104166666666667 0.03425925925925926
0 0.8130208333333333 0.3652777777777778 0.025 0.04537037037037037
0 0.26901041666666664 0.2175925925925926 0.011979166666666666 0.024074074074074074
0 0.039322916666666666 0.3861111111111111 0.025520833333333333 0.04814814814814815
0 0.7666666666666666 0.3037037037037037 0.025 0.044444444444444446
0 0.23619791666666667 0.2212962962962963 0.01614583333333333 0.031481481481481485
0 0.42473958333333334 0.30694444444444446 0.0203125 0.03796296296296296
0 0.8984375 0.3611111111111111 0.022916666666666665 0.05185185185185186
0 0.3640625 0.2740740740740741 0.016666666666666666 0.03518518518518519
0 0.20572916666666666 0.20833333333333334 0.015625 0.03518518518518519
0 0.0375 0.1300925925925926 0.011458333333333333 0.02314814814814815
0 0.3458333333333333 0.24722222222222223 0.017708333333333333 0.037037037037037035
0 0.5263020833333333 0.2990740740740741 0.022395833333333334 0.040740740740740744
0 0.21067708333333332 0.16944444444444445 0.0140625 0.031481481481481485
0 0.10703125 0.16203703703703703 0.009895833333333333 0.024074074074074074
0 0.1734375 0.1685185185185185 0.0125 0.022222222222222223
0 0.2713541666666667 0.24351851851851852 0.015625 0.03333333333333333
0 0.22421875 0.2087962962962963 0.019270833333333334 0.03796296296296296
0 0.3380208333333333 0.2476851851851852 0.015625 0.03796296296296296
0 0.22343749999999998 0.18425925925925926 0.01875 0.03333333333333333
0 0.29296875 0.40601851851851856 0.019270833333333334 0.05092592592592593
0 0.1734375 0.19212962962962965 0.017708333333333333 0.030555555555555558
