0 0.7442708333333333 0.3458333333333333 0.02395833333333333 0.05277777777777778
0 0.30104166666666665 0.22685185185185186 0.015625 0.037037037037037035
0 0.6557291666666667 0.3087962962962963 0.021875 0.04537037037037037
0 0.46640624999999997 0.27592592592592596 0.021354166666666667 0.04814814814814815
0 0.9692708333333333 0.3648148148148148 0.026041666666666668 0.05185185185185186
0 0.6015625 0.32083333333333336 0.01875 0.03981481481481482
0 0.37916666666666665 0.29074074074074074 0.01875 0.037037037037037035
0 0.42604166666666665 0.5226851851851853 0.029166666666666667 0.062037037037037036
0 0.31484375 0.3023148148148148 0.015104166666666667 0.03425925925925926
0 0.3971354166666667 0.23055555555555557 0.0140625 0.037037037037037035
0 0.4270833333333333 0.3078703703703704 0.017708333333333333 0.03425925925925926
0 0.26953125 0.2152777777777778 0.011979166666666666 0.026851851851851852
0 0.10859375 0.16111111111111112 0.009895833333333333 0.024074074074074074
0 0.7674479166666667 0.3055555555555556 0.024479166666666666 0.0462962962962963
0 0.36432291666666666 0.2740740740740741 0.0171875 0.03518518518518519
0 0.04635416666666667 0.38333333333333336 0.026041666666666668 0.05
0 0.03697916666666667 0.1527777777777778 0.015625 0.024074074074074074
0 0.17291666666666666 0.17407407407407408 0.013541666666666667 0.02592592592592593
0 0.8158854166666667 0.3648148148148148 0.024479166666666666 0.04259259259259259
0 0.8989583333333333 0.36203703703703705 0.021875 0.05185185185185186
0 0.20520833333333333 0.20833333333333334 0.015625 0.03518518518518519
0 0.33697916666666666 0.24722222222222223 0.016666666666666666 0.037037037037037035
0 0.23489583333333333 0.22268518518518518 0.016666666666666666 0.032407407407407406
0 0.34791666666666665 0.24722222222222223 0.016666666666666666 0.037037037037037035
0 0.27239583333333334 0.24305555555555555 0.015625 0.032407407407407406
0 0.5270833333333333 0.300462962962963 0.020833333333333332 0.03981481481481482
0 0.21145833333333333 0.16805555555555557 0.0125 0.026851851851851852
0 0.041666666666666664 0.13148148148148148 0.011458333333333333 0.024074074074074074
0 0.22421875 0.20972222222222223 0.018229166666666668 0.036111111111111115
0 0.22265625 0.18287037037037038 0.0171875 0.030555555555555558
0 0.17291666666666666 0.18981481481481483 0.015625 0.03333333333333333
0 0.28619791666666666 0.4013888888888889 0.024479166666666666 0.04166666666666667
