0 0.6528645833333333 0.3050925925925926 0.021354166666666667 0.04537037037037037
0 0.7638020833333333 0.3023148148148148 0.0234375 0.04537037037037037
0 0.4544270833333333 0.27314814814814814 0.022395833333333334 0.04814814814814815
0 0.3026041666666667 0.22314814814814815 0.015625 0.03518518518518519
0 0.396875 0.22962962962962963 0.014583333333333334 0.03888888888888889
0 0.5934895833333333 0.3189814814814815 0.019270833333333334 0.03981481481481482
0 0.3145833333333333 0.2953703703703704 0.014583333333333334 0.03333333333333333
0 0.96953125 0.36435185185185187 0.0265625 0.05092592592592593
0 0.7260416666666667 0.3402777777777778 0.022916666666666665 0.05092592592592593
0 0.34739583333333335 0.24537037037037038 0.017708333333333333 0.03888888888888889
0 0.8010416666666667 0.3625 0.025 0.04166666666666667
0 0.022916666666666665 0.13055555555555556 0.011458333333333333 0.022222222222222223
0 0.8942708333333333 0.36064814814814816 0.021875 0.05277777777777778
0 0.3690104166666667 0.2898148148148148 0.018229166666666668 0.037037037037037035
0 0.42213541666666665 0.3041666666666667 0.0171875 0.03425925925925926
0 0.26484375 0.24861111111111112 0.0171875 0.03425925925925926
0 0.011979166666666666 0.375462962962963 0.02395833333333333 0.049074074074074076
0 0.9791666666666666 0.44212962962962965 0.028125 0.05277777777777778
0 0.2640625 0.22175925925925927 0.0125 0.026851851851851852
0 0.09869791666666666 0.1625 0.0109375 0.025
0 0.2421875 0.2199074074074074 0.015625 0.032407407407407406
0 0.43124999999999997 0.525462962962963 0.028125 0.062037037037037036
0 0.020833333333333332 0.1513888888888889 0.015625 0.025
0 0.17083333333333334 0.17222222222222222 0.013541666666666667 0.02777777777777778
0 0.5213541666666667 0.2976851851851852 0.022916666666666665 0.03981481481481482
0 0.36328125 0.27314814814814814 0.01614583333333333 0.03333333333333333
0 0.17552083333333332 0.18333333333333335 0.014583333333333334 0.02592592592592593
0 0.22864583333333333 0.1787037037037037 0.008333333333333333 0.024074074074074074
0 0.21692708333333333 0.18472222222222223 0.011979166666666666 0.028703703703703703
0 0.20677083333333332 0.16481481481481483 0.010416666666666666 0.024074074074074074
0 0.20442708333333334 0.20972222222222223 0.011979166666666666 0.030555555555555558
0 0.22369791666666666 0.21342592592592594 0.013020833333333334 0.028703703703703703
0 0.3190104166666667 0.4046296296296297 0.0234375 0.037037037037037035
