0 0.6536458333333334 0.3050925925925926 0.020833333333333332 0.04537037037037037
0 0.42916666666666664 0.5273148148148148 0.027083333333333334 0.06018518518518519
0 0.459375 0.274537037037037 0.021875 0.049074074074074076
0 0.76484375 0.3013888888888889 0.0234375 0.04537037037037037
0 0.3145833333333333 0.2990740740740741 0.014583333333333334 0.03333333333333333
0 0.96875 0.3648148148148148 0.026041666666666668 0.05185185185185186
0 0.5981770833333333 0.32037037037037036 0.018229166666666668 0.03888888888888889
0 0.7328125 0.3416666666666667 0.02395833333333333 0.05185185185185186
0 0.42265625 0.30694444444444446 0.0203125 0.03796296296296296
0 0.8075520833333333 0.36203703703703705 0.024479166666666666 0.04259259259259259
0 0.3020833333333333 0.22453703703703703 0.014583333333333334 0.036111111111111115
0 0.37135416666666665 0.28935185185185186 0.01875 0.03796296296296296
0 0.396875 0.22824074074074074 0.014583333333333334 0.03796296296296296
0 0.26666666666666666 0.2212962962962963 0.0125 0.02592592592592593
0 0.025260416666666667 0.3856481481481482 0.027604166666666666 0.05092592592592593
0 0.030729166666666665 0.1300925925925926 0.0125 0.02314814814814815
0 0.20520833333333333 0.2087962962962963 0.016666666666666666 0.03425925925925926
0 0.8971354166666666 0.3601851851851852 0.022395833333333334 0.05
0 0.209375 0.16620370370370371 0.013541666666666667 0.028703703703703703
0 0.10260416666666666 0.1625 0.010416666666666666 0.025
0 0.028125 0.15324074074074073 0.015625 0.025
0 0.23958333333333334 0.2212962962962963 0.016666666666666666 0.031481481481481485
0 0.5234375 0.2986111111111111 0.021875 0.03796296296296296
0 0.36354166666666665 0.274537037037037 0.016666666666666666 0.03796296296296296
0 0.171875 0.16944444444444445 0.010416666666666666 0.018518518518518517
0 0.2674479166666667 0.24629629629629632 0.0171875 0.03518518518518519
0 0.17369791666666667 0.18472222222222223 0.013020833333333334 0.02314814814814815
0 0.34869791666666666 0.2449074074074074 0.011979166666666666 0.028703703703703703
0 0.3372395833333333 0.24583333333333335 0.013020833333333334 0.030555555555555558
0 0.21848958333333332 0.18194444444444446 0.008854166666666666 0.021296296296296296
0 0.22682291666666665 0.1837962962962963 0.013020833333333334 0.036111111111111115
0 0.22291666666666665 0.22222222222222224 0.013541666666666667 0.03333333333333333
0 0.3065104166666667 0.4050925925925926 0.024479166666666666 0.049074074074074076
