0 0.3138020833333333 0.24027777777777778 0.0171875 0.036111111111111115
0 0.1328125 0.1726851851851852 0.013541666666666667 0.028703703703703703
0 0.9119791666666667 0.4087962962962963 0.02395833333333333 0.05092592592592593
0 0.7666666666666666 0.3236111111111111 0.022916666666666665 0.04722222222222222
0 0.42135416666666664 0.5236111111111111 0.028125 0.06018518518518519
0 0.74453125 0.4486111111111111 0.028645833333333332 0.062037037037037036
0 0.9716145833333333 0.35694444444444445 0.027604166666666666 0.05092592592592593
0 0.3872395833333333 0.25925925925925924 0.019270833333333334 0.037037037037037035
0 0.7005208333333334 0.3490740740740741 0.021875 0.04259259259259259
0 0.4869791666666667 0.32083333333333336 0.017708333333333333 0.036111111111111115
0 0.34661458333333334 0.2949074074074074 0.01614583333333333 0.032407407407407406
0 0.55546875 0.29305555555555557 0.022395833333333334 0.04537037037037037
0 0.40520833333333334 0.2888888888888889 0.016666666666666666 0.037037037037037035
0 0.19791666666666666 0.2199074074074074 0.015625 0.032407407407407406
0 0.8669270833333333 0.34120370370370373 0.022395833333333334 0.05462962962962963
0 0.43671875 0.2337962962962963 0.015104166666666667 0.036111111111111115
0 0.22552083333333334 0.1925925925925926 0.016666666666666666 0.03333333333333333
0 0.34765625 0.26157407407407407 0.015104166666666667 0.03425925925925926
0 0.6322916666666667 0.3078703703703704 0.020833333333333332 0.04537037037037037
0 0.26848958333333334 0.22546296296296298 0.01614583333333333 0.03425925925925926
0 0.43854166666666666 0.2976851851851852 0.016666666666666666 0.03796296296296296
0 0.28046875 0.2513888888888889 0.0171875 0.03425925925925926
0 0.21822916666666667 0.17731481481481481 0.013541666666666667 0.028703703703703703
0 0.24817708333333333 0.2212962962962963 0.01614583333333333 0.03518518518518519
0 0.17291666666666666 0.18287037037037038 0.014583333333333334 0.030555555555555558
0 0.16432291666666665 0.2 0.01614583333333333 0.03518518518518519
0 0.21328125 0.2537037037037037 0.0140625 0.02962962962962963
0 0.8729166666666667 0.32175925925925924 0.01875 0.04351851851851852
0 0.6963541666666666 0.4337962962962963 0.022916666666666665 0.04537037037037037
0 0.16848958333333333 0.28611111111111115 0.019270833333333334 0.031481481481481485
