0 0.12317708333333333 0.1763888888888889 0.0140625 0.028703703703703703
0 0.30755208333333334 0.23935185185185187 0.0171875 0.036111111111111115
0 0.6765625 0.4412037037037037 0.029166666666666667 0.05648148148148149
0 0.3338541666666667 0.2990740740740741 0.016666666666666666 0.03333333333333333
0 0.19166666666666665 0.22268518518518518 0.015625 0.030555555555555558
0 0.4 0.2884259259259259 0.016666666666666666 0.036111111111111115
0 0.7583333333333333 0.3231481481481482 0.022916666666666665 0.04814814814814815
0 0.421875 0.23796296296296296 0.016666666666666666 0.03518518518518519
0 0.2700520833333333 0.25277777777777777 0.0171875 0.03333333333333333
0 0.9658854166666666 0.35879629629629634 0.0265625 0.05092592592592593
0 0.5388020833333333 0.2916666666666667 0.022395833333333334 0.0462962962962963
0 0.3776041666666667 0.26296296296296295 0.01875 0.03518518518518519
0 0.42916666666666664 0.3 0.017708333333333333 0.040740740740740744
0 0.85625 0.33796296296296297 0.022916666666666665 0.053703703703703705
0 0.4747395833333333 0.3226851851851852 0.019270833333333334 0.03796296296296296
0 0.8979166666666667 0.3976851851851852 0.022916666666666665 0.05092592592592593
0 0.69296875 0.35000000000000003 0.0203125 0.04259259259259259
0 0.3463541666666667 0.25972222222222224 0.015625 0.03425925925925926
0 0.2598958333333333 0.22731481481481483 0.016666666666666666 0.03425925925925926
0 0.2203125 0.19675925925925927 0.015625 0.03425925925925926
0 0.4158854166666667 0.5273148148148148 0.0296875 0.062037037037037036
0 0.73125 0.44074074074074077 0.025 0.05185185185185186
0 0.24036458333333333 0.2212962962962963 0.01614583333333333 0.03518518518518519
0 0.16822916666666665 0.1837962962962963 0.015625 0.026851851851851852
0 0.6221354166666666 0.3023148148148148 0.021354166666666667 0.03981481481481482
0 0.21197916666666666 0.1800925925925926 0.0125 0.026851851851851852
0 0.15546875 0.21064814814814817 0.019270833333333334 0.036111111111111115
0 0.16119791666666666 0.287962962962963 0.0171875 0.031481481481481485
