0 0.13098958333333333 0.1726851851851852 0.0140625 0.028703703703703703
0 0.3125 0.23981481481481481 0.016666666666666666 0.03518518518518519
0 0.7645833333333333 0.3236111111111111 0.022916666666666665 0.04722222222222222
0 0.3854166666666667 0.2601851851851852 0.019791666666666666 0.037037037037037035
0 0.7299479166666667 0.45 0.028645833333333332 0.06296296296296297
0 0.19635416666666666 0.22037037037037038 0.015625 0.031481481481481485
0 0.9705729166666667 0.3574074074074074 0.027604166666666666 0.053703703703703705
0 0.34401041666666665 0.2939814814814815 0.0171875 0.03425925925925926
0 0.69921875 0.350462962962963 0.0203125 0.04351851851851852
0 0.27708333333333335 0.2513888888888889 0.017708333333333333 0.03425925925925926
0 0.41875 0.5263888888888889 0.028125 0.06018518518518519
0 0.4830729166666667 0.32175925925925924 0.021354166666666667 0.03796296296296296
0 0.43333333333333335 0.23425925925925928 0.015625 0.03518518518518519
0 0.9080729166666667 0.40555555555555556 0.0234375 0.05185185185185186
0 0.8635416666666667 0.3402777777777778 0.022916666666666665 0.05092592592592593
0 0.5520833333333334 0.29305555555555557 0.022916666666666665 0.049074074074074076
0 0.34713541666666664 0.2606481481481482 0.01614583333333333 0.036111111111111115
0 0.4046875 0.28935185185185186 0.017708333333333333 0.03796296296296296
0 0.6302083333333334 0.30972222222222223 0.019791666666666666 0.04722222222222222
0 0.4356770833333333 0.29814814814814816 0.0171875 0.03888888888888889
0 0.22421875 0.1953703703703704 0.0171875 0.03518518518518519
0 0.26640625 0.2263888888888889 0.0171875 0.036111111111111115
0 0.21666666666666667 0.1787037037037037 0.013541666666666667 0.02777777777777778
0 0.24713541666666666 0.22083333333333335 0.01614583333333333 0.036111111111111115
0 0.17265625 0.18425925925925926 0.0140625 0.02777777777777778
0 0.8666666666666667 0.31342592592592594 0.021875 0.04166666666666667
0 0.21588541666666666 0.2537037037037037 0.0140625 0.02962962962962963
0 0.16302083333333334 0.20740740740740743 0.013541666666666667 0.03333333333333333
0 0.16432291666666665 0.2865740740740741 0.01614583333333333 0.030555555555555558
0 0.7028645833333333 0.437962962962963 0.021354166666666667 0.0462962962962963
