0 0.1265625 0.17546296296296296 0.013541666666666667 0.028703703703703703
0 0.309375 0.23935185185185187 0.016666666666666666 0.036111111111111115
0 0.33880208333333334 0.29814814814814816 0.01614583333333333 0.03333333333333333
0 0.7614583333333333 0.32407407407407407 0.022916666666666665 0.04814814814814815
0 0.9677083333333333 0.3574074074074074 0.026041666666666668 0.05
0 0.4015625 0.2902777777777778 0.016666666666666666 0.03796296296296296
0 0.9020833333333333 0.3995370370370371 0.022916666666666665 0.05277777777777778
0 0.4263020833333333 0.23657407407407408 0.01614583333333333 0.03425925925925926
0 0.38177083333333334 0.2625 0.019791666666666666 0.03796296296296296
0 0.34661458333333334 0.2611111111111111 0.01614583333333333 0.03518518518518519
0 0.4171875 0.5273148148148148 0.028125 0.058333333333333334
0 0.6955729166666667 0.34953703703703703 0.0203125 0.04166666666666667
0 0.54453125 0.29212962962962963 0.022395833333333334 0.04722222222222222
0 0.19322916666666667 0.22175925925925927 0.015625 0.032407407407407406
0 0.4786458333333333 0.3212962962962963 0.01875 0.03888888888888889
0 0.8588541666666667 0.34120370370370373 0.025 0.05277777777777778
0 0.43203125 0.2986111111111111 0.018229166666666668 0.03981481481481482
0 0.6252604166666667 0.3078703703703704 0.0203125 0.05092592592592593
0 0.21458333333333332 0.18055555555555555 0.013541666666666667 0.02962962962962963
0 0.22239583333333332 0.19675925925925927 0.016666666666666666 0.03425925925925926
0 0.6997395833333333 0.44722222222222224 0.028645833333333332 0.05925925925925926
0 0.27239583333333334 0.2537037037037037 0.016666666666666666 0.031481481481481485
0 0.2630208333333333 0.22731481481481483 0.016666666666666666 0.03425925925925926
0 0.17005208333333333 0.18333333333333335 0.015104166666666667 0.02777777777777778
0 0.24322916666666666 0.22314814814814815 0.015625 0.031481481481481485
0 0.16119791666666666 0.20231481481481484 0.018229166666666668 0.03796296296296296
0 0.71796875 0.44583333333333336 0.0265625 0.05648148148148149
0 0.8614583333333333 0.3138888888888889 0.022916666666666665 0.040740740740740744
0 0.16015625 0.287962962962963 0.019270833333333334 0.03333333333333333
