0 0.49322916666666666 0.4337962962962963 0.025 0.05462962962962963
0 0.6643229166666667 0.3476851851851852 0.022395833333333334 0.04166666666666667
0 0.7486979166666666 0.3162037037037037 0.021354166666666667 0.049074074074074076
0 0.11640625 0.16527777777777777 0.011979166666666666 0.026851851851851852
0 0.33932291666666664 0.2518518518518519 0.01614583333333333 0.03333333333333333
0 0.42083333333333334 0.3023148148148148 0.01875 0.03796296296296296
0 0.18515625 0.225 0.015104166666666667 0.02962962962962963
0 0.40729166666666666 0.23703703703703705 0.015625 0.03518518518518519
0 0.9606770833333333 0.36435185185185187 0.0265625 0.04722222222222222
0 0.29609375 0.24305555555555555 0.015104166666666667 0.03796296296296296
0 0.41015625 0.5263888888888889 0.028645833333333332 0.06018518518518519
0 0.39557291666666666 0.28611111111111115 0.0171875 0.03518518518518519
0 0.36953125 0.26342592592592595 0.0171875 0.036111111111111115
0 0.8497395833333333 0.3560185185185185 0.025520833333333333 0.05277777777777778
0 0.12447916666666667 0.19953703703703704 0.017708333333333333 0.032407407407407406
0 0.5158854166666667 0.2865740740740741 0.0203125 0.04537037037037037
0 0.8263020833333333 0.32407407407407407 0.0265625 0.05185185185185186
0 0.45078124999999997 0.32222222222222224 0.019270833333333334 0.037037037037037035
0 0.86328125 0.45462962962962966 0.0265625 0.05185185185185186
0 0.8830729166666667 0.3768518518518519 0.024479166666666666 0.0462962962962963
0 0.3091145833333333 0.30648148148148147 0.0140625 0.03333333333333333
0 0.2544270833333333 0.22777777777777777 0.0171875 0.03518518518518519
0 0.2716145833333333 0.25 0.015104166666666667 0.031481481481481485
0 0.5828125 0.30833333333333335 0.019791666666666666 0.040740740740740744
0 0.21380208333333334 0.22916666666666669 0.01614583333333333 0.03425925925925926
0 0.18151041666666667 0.17777777777777778 0.01614583333333333 0.03518518518518519
0 0.20729166666666665 0.19444444444444445 0.017708333333333333 0.03333333333333333
0 0.16223958333333333 0.18425925925925926 0.011979166666666666 0.02777777777777778
0 0.15598958333333332 0.18101851851851852 0.009895833333333333 0.025
0 0.24244791666666665 0.23425925925925928 0.011979166666666666 0.02777777777777778
0 0.16588541666666667 0.2990740740740741 0.0203125 0.037037037037037035
