0 0.128125 0.1736111111111111 0.013541666666666667 0.028703703703703703
0 0.19453125 0.22222222222222224 0.01614583333333333 0.031481481481481485
0 0.34140625 0.2939814814814815 0.0171875 0.032407407407407406
0 0.9046875 0.40092592592592596 0.02395833333333333 0.05185185185185186
0 0.7625 0.3231481481481482 0.022916666666666665 0.04814814814814815
0 0.9697916666666666 0.3564814814814815 0.026041666666666668 0.05185185185185186
0 0.696875 0.3509259259259259 0.020833333333333332 0.04259259259259259
0 0.275 0.2518518518518519 0.017708333333333333 0.031481481481481485
0 0.71484375 0.44907407407407407 0.028645833333333332 0.06481481481481481
0 0.3109375 0.24027777777777778 0.016666666666666666 0.036111111111111115
0 0.41901041666666666 0.5273148148148148 0.027604166666666666 0.058333333333333334
0 0.48151041666666666 0.32083333333333336 0.019270833333333334 0.03796296296296296
0 0.4296875 0.23472222222222222 0.015625 0.036111111111111115
0 0.3463541666666667 0.2606481481481482 0.015625 0.03425925925925926
0 0.2643229166666667 0.2263888888888889 0.01614583333333333 0.03425925925925926
0 0.3833333333333333 0.26203703703703707 0.019791666666666666 0.037037037037037035
0 0.22265625 0.19490740740740742 0.0171875 0.03425925925925926
0 0.403125 0.2902777777777778 0.017708333333333333 0.03981481481481482
0 0.5481770833333334 0.29212962962962963 0.022395833333333334 0.04722222222222222
0 0.24479166666666666 0.22175925925925927 0.015625 0.03425925925925926
0 0.6283854166666667 0.30694444444444446 0.0203125 0.049074074074074076
0 0.8609375 0.33935185185185185 0.02395833333333333 0.05277777777777778
0 0.21536458333333333 0.17962962962962964 0.0140625 0.02962962962962963
0 0.43385416666666665 0.29814814814814816 0.017708333333333333 0.040740740740740744
0 0.17057291666666666 0.1824074074074074 0.015104166666666667 0.02592592592592593
0 0.16171875 0.20231481481481484 0.0171875 0.032407407407407406
0 0.21979166666666666 0.2518518518518519 0.011458333333333333 0.02592592592592593
0 0.86328125 0.3138888888888889 0.022395833333333334 0.040740740740740744
0 0.16380208333333332 0.2865740740740741 0.019270833333333334 0.030555555555555558
