0 0.7065104166666667 0.34675925925925927 0.022395833333333334 0.04351851851851852
0 0.13958333333333334 0.1675925925925926 0.013541666666666667 0.02777777777777778
0 0.31979166666666664 0.23935185185185187 0.01875 0.036111111111111115
0 0.7731770833333333 0.3226851851851852 0.022395833333333334 0.04722222222222222
0 0.6716145833333333 0.44212962962962965 0.025520833333333333 0.062037037037037036
0 0.40859375 0.28564814814814815 0.0171875 0.036111111111111115
0 0.44505208333333335 0.23055555555555557 0.015104166666666667 0.037037037037037035
0 0.35104166666666664 0.29120370370370374 0.016666666666666666 0.03425925925925926
0 0.9268229166666666 0.41435185185185186 0.0234375 0.05092592592592593
0 0.9770833333333333 0.3541666666666667 0.026041666666666668 0.05092592592592593
0 0.4947916666666667 0.3194444444444445 0.019791666666666666 0.03888888888888889
0 0.39140625 0.2564814814814815 0.019270833333333334 0.03888888888888889
0 0.2734375 0.2212962962962963 0.017708333333333333 0.03518518518518519
0 0.20208333333333334 0.21712962962962964 0.015625 0.032407407407407406
0 0.5653645833333333 0.29305555555555557 0.0234375 0.04537037037037037
0 0.4239583333333333 0.5212962962962964 0.027083333333333334 0.05740740740740741
0 0.78359375 0.4356481481481482 0.027604166666666666 0.0638888888888889
0 0.2890625 0.24675925925925926 0.017708333333333333 0.03425925925925926
0 0.8776041666666666 0.33981481481481485 0.02395833333333333 0.05185185185185186
0 0.6411458333333333 0.30694444444444446 0.021875 0.04537037037037037
0 0.23072916666666665 0.19212962962962965 0.015625 0.03425925925925926
0 0.35234375 0.25833333333333336 0.01614583333333333 0.037037037037037035
0 0.44505208333333335 0.2939814814814815 0.018229166666666668 0.04166666666666667
0 0.25078125 0.21712962962962964 0.01614583333333333 0.03425925925925926
0 0.22213541666666667 0.17500000000000002 0.0140625 0.02962962962962963
0 0.1703125 0.21203703703703705 0.019791666666666666 0.02962962962962963
0 0.20677083333333332 0.25 0.013541666666666667 0.031481481481481485
0 0.88359375 0.3092592592592593 0.024479166666666666 0.040740740740740744
0 0.17864583333333334 0.18055555555555555 0.015625 0.02777777777777778
0 0.17057291666666666 0.2847222222222222 0.0203125 0.036111111111111115
