0 0.14166666666666666 0.16666666666666669 0.013541666666666667 0.02777777777777778
0 0.32109375 0.23750000000000002 0.018229166666666668 0.036111111111111115
0 0.7963541666666667 0.43333333333333335 0.029166666666666667 0.061111111111111116
0 0.6643229166666667 0.437962962962963 0.0234375 0.05185185185185186
0 0.77578125 0.32222222222222224 0.022395833333333334 0.04814814814814815
0 0.9778645833333334 0.3541666666666667 0.0265625 0.05277777777777778
0 0.49765624999999997 0.3180555555555556 0.021354166666666667 0.03796296296296296
0 0.353125 0.29074074074074074 0.016666666666666666 0.03518518518518519
0 0.8820312499999999 0.33842592592592596 0.0234375 0.05462962962962963
0 0.9315104166666667 0.41481481481481486 0.0234375 0.05185185185185186
0 0.3921875 0.2564814814814815 0.01875 0.03888888888888889
0 0.40963541666666664 0.2851851851851852 0.0171875 0.037037037037037035
0 0.2921875 0.2439814814814815 0.016666666666666666 0.032407407407407406
0 0.2747395833333333 0.22083333333333335 0.0171875 0.036111111111111115
0 0.7088541666666667 0.3458333333333333 0.020833333333333332 0.04351851851851852
0 0.42578125 0.5194444444444445 0.0265625 0.05555555555555556
0 0.4471354166666667 0.2300925925925926 0.015104166666666667 0.03796296296296296
0 0.4479166666666667 0.2935185185185185 0.01875 0.040740740740740744
0 0.23177083333333334 0.19074074074074074 0.015625 0.03333333333333333
0 0.5684895833333333 0.29305555555555557 0.0234375 0.04722222222222222
0 0.35390625 0.25833333333333336 0.01614583333333333 0.037037037037037035
0 0.6442708333333333 0.30324074074074076 0.021875 0.04537037037037037
0 0.20572916666666666 0.25 0.013541666666666667 0.031481481481481485
0 0.25078125 0.21666666666666667 0.0171875 0.03333333333333333
0 0.20390624999999998 0.2162037037037037 0.015104166666666667 0.032407407407407406
0 0.22317708333333333 0.17546296296296296 0.0140625 0.030555555555555558
0 0.18098958333333334 0.17916666666666667 0.01614583333333333 0.030555555555555558
0 0.8872395833333333 0.3106481481481482 0.022395833333333334 0.04537037037037037
0 0.17213541666666665 0.20416666666666666 0.01614583333333333 0.03796296296296296
0 0.17421875 0.28194444444444444 0.0171875 0.03425925925925926
