0 0.5044270833333333 0.45 0.025520833333333333 0.05925925925925926
0 0.5125 0.39861111111111114 0.022916666666666665 0.05648148148148149
0 0.36796875 0.14305555555555557 0.011979166666666666 0.025
0 0.6752604166666667 0.16342592592592592 0.015104166666666667 0.028703703703703703
0 0.49609375 0.14074074074074075 0.013020833333333334 0.03518518518518519
0 0.89140625 0.16712962962962963 0.01614583333333333 0.030555555555555558
0 0.5861979166666667 0.13472222222222222 0.0109375 0.02314814814814815
0 0.37838541666666664 0.13518518518518519 0.0109375 0.02777777777777778
0 0.7552083333333334 0.16527777777777777 0.014583333333333334 0.028703703703703703
0 0.7231770833333333 0.14953703703703705 0.013020833333333334 0.025
0 0.62734375 0.14212962962962963 0.013020833333333334 0.025
0 0.42604166666666665 0.15046296296296297 0.013541666666666667 0.030555555555555558
0 0.46041666666666664 0.1486111111111111 0.014583333333333334 0.028703703703703703
0 0.5640625 0.14907407407407408 0.013541666666666667 0.02777777777777778
0 0.4453125 0.14074074074074075 0.011458333333333333 0.02592592592592593
0 0.7372395833333333 0.1449074074074074 0.009895833333333333 0.019444444444444445
0 0.7135416666666666 0.13657407407407407 0.011458333333333333 0.025
0 0.5125 0.1287037037037037 0.009375 0.02777777777777778
0 0.6565104166666667 0.10787037037037038 0.0109375 0.021296296296296296
0 0.6072916666666667 0.15416666666666667 0.013541666666666667 0.025
0 0.43645833333333334 0.14351851851851852 0.011458333333333333 0.02592592592592593
0 0.6135416666666667 0.12546296296296297 0.011458333333333333 0.021296296296296296
0 0.3578125 0.13935185185185187 0.008333333333333333 0.017592592592592594
0 0.5526041666666667 0.13472222222222222 0.010416666666666666 0.021296296296296296
0 0.6671875 0.12407407407407407 0.016666666666666666 0.020370370370370372
0 0.6580729166666667 0.1587962962962963 0.0109375 0.02314814814814815
0 0.690625 0.1375 0.011458333333333333 0.02314814814814815
0 0.77734375 0.1625 0.0109375 0.02314814814814815
0 0.6744791666666666 0.21481481481481482 0.011458333333333333 0.02777777777777778
0 0.5354166666666667 0.12361111111111112 0.009375 0.02314814814814815
0 0.5388020833333333 0.17222222222222222 0.0109375 0.024074074074074074
0 0.5252604166666667 0.15046296296296297 0.0109375 0.021296296296296296
0 0.5153645833333333 0.16064814814814815 0.0078125 0.019444444444444445
