0 0.6434895833333333 0.3907407407407408 0.025520833333333333 0.053703703703703705
0 0.65390625 0.34351851851851856 0.022395833333333334 0.04814814814814815
0 0.36328125 0.15231481481481482 0.011979166666666666 0.028703703703703703
0 0.6927083333333334 0.1513888888888889 0.011458333333333333 0.025
0 0.4671875 0.11805555555555557 0.011458333333333333 0.025
0 0.67734375 0.15694444444444444 0.0140625 0.030555555555555558
0 0.92578125 0.17407407407407408 0.0171875 0.031481481481481485
0 0.56171875 0.17962962962962964 0.0140625 0.031481481481481485
0 0.5958333333333333 0.13518518518518519 0.0125 0.02592592592592593
0 0.73046875 0.16064814814814815 0.011979166666666666 0.028703703703703703
0 0.41875 0.13518518518518519 0.015625 0.031481481481481485
0 0.4575520833333333 0.14722222222222223 0.013020833333333334 0.02777777777777778
0 0.6578125 0.1685185185185185 0.016666666666666666 0.037037037037037035
0 0.61328125 0.11296296296296297 0.011979166666666666 0.024074074074074074
0 0.5104166666666666 0.1625 0.011458333333333333 0.028703703703703703
0 0.6125 0.1527777777777778 0.0125 0.02592592592592593
0 0.6611979166666666 0.15092592592592594 0.0171875 0.03518518518518519
0 0.6263020833333334 0.1574074074074074 0.0140625 0.02962962962962963
0 0.4778645833333333 0.14953703703703705 0.011979166666666666 0.026851851851851852
0 0.53515625 0.13657407407407407 0.0140625 0.028703703703703703
0 0.5544270833333333 0.14351851851851852 0.013020833333333334 0.03518518518518519
0 0.5057291666666667 0.12638888888888888 0.011458333333333333 0.028703703703703703
0 0.5645833333333333 0.12546296296296297 0.011458333333333333 0.028703703703703703
0 0.5174479166666667 0.12592592592592594 0.013020833333333334 0.02962962962962963
0 0.65 0.13472222222222222 0.010416666666666666 0.025
0 0.7234375 0.24675925925925926 0.013541666666666667 0.030555555555555558
0 0.35442708333333334 0.1476851851851852 0.011979166666666666 0.017592592592592594
0 0.3716145833333333 0.13333333333333333 0.0109375 0.022222222222222223
0 0.42161458333333335 0.15416666666666667 0.009895833333333333 0.02314814814814815
0 0.6276041666666666 0.12268518518518519 0.010416666666666666 0.019444444444444445
0 0.6427083333333333 0.12361111111111112 0.010416666666666666 0.02314814814814815
0 0.5578125 0.1212962962962963 0.013541666666666667 0.02777777777777778
0 0.49583333333333335 0.12685185185185185 0.008333333333333333 0.018518518518518517
0 0.48828125 0.13657407407407407 0.0109375 0.02314814814814815
