0 0.8572916666666667 0.32962962962962966 0.02395833333333333 0.04814814814814815
0 0.6802083333333333 0.15555555555555556 0.0125 0.02592592592592593
0 0.6635416666666667 0.16111111111111112 0.014583333333333334 0.02777777777777778
0 0.90234375 0.32546296296296295 0.022395833333333334 0.04537037037037037
0 0.6403645833333333 0.21157407407407408 0.0140625 0.036111111111111115
0 0.5455729166666666 0.14953703703703705 0.013020833333333334 0.026851851851851852
0 0.35182291666666665 0.14722222222222223 0.013020833333333334 0.02777777777777778
0 0.8463541666666666 0.27361111111111114 0.021875 0.04351851851851852
0 0.6455729166666666 0.1486111111111111 0.011979166666666666 0.026851851851851852
0 0.6138020833333333 0.1625 0.013020833333333334 0.028703703703703703
0 0.5880208333333333 0.14212962962962963 0.009375 0.02314814814814815
0 0.5682291666666667 0.1375 0.010416666666666666 0.02314814814814815
0 0.47369791666666666 0.16203703703703703 0.0140625 0.031481481481481485
0 0.49765624999999997 0.15833333333333333 0.011979166666666666 0.02962962962962963
0 0.5466145833333333 0.12546296296296297 0.011979166666666666 0.026851851851851852
0 0.625 0.1685185185185185 0.013541666666666667 0.03333333333333333
0 0.7151041666666667 0.16296296296296298 0.010416666666666666 0.020370370370370372
0 0.540625 0.1875 0.0125 0.032407407407407406
0 0.4513020833333333 0.1625 0.0140625 0.032407407407407406
0 0.44140625 0.17962962962962964 0.0140625 0.02962962962962963
0 0.4666666666666667 0.13055555555555556 0.0125 0.018518518518518517
0 0.4828125 0.1300925925925926 0.009375 0.021296296296296296
0 0.5174479166666667 0.1337962962962963 0.011979166666666666 0.02314814814814815
0 0.52734375 0.15092592592592594 0.011979166666666666 0.020370370370370372
0 0.49453125 0.13055555555555556 0.0078125 0.012962962962962964
0 0.4890625 0.14583333333333334 0.009375 0.017592592592592594
0 0.4083333333333333 0.1398148148148148 0.010416666666666666 0.024074074074074074
0 0.4161458333333333 0.14537037037037037 0.011458333333333333 0.020370370370370372
0 0.37526041666666665 0.13611111111111113 0.011979166666666666 0.020370370370370372
0 0.3796875 0.1513888888888889 0.011458333333333333 0.02314814814814815
0 0.61484375 0.12222222222222223 0.011979166666666666 0.024074074074074074
0 0.6 0.12592592592592594 0.009375 0.020370370370370372
0 0.5567708333333333 0.12685185185185185 0.00625 0.018518518518518517
0 0.6 0.1550925925925926 0.009375 0.02314814814814815
