0 0.6364583333333333 0.39351851851851855 0.027083333333333334 0.05555555555555556
0 0.6489583333333333 0.34351851851851856 0.022916666666666665 0.05
0 0.9239583333333333 0.1736111111111111 0.017708333333333333 0.032407407407407406
0 0.5606770833333333 0.1800925925925926 0.0140625 0.030555555555555558
0 0.6924479166666666 0.15324074074074073 0.011979166666666666 0.026851851851851852
0 0.6778645833333333 0.1574074074074074 0.0140625 0.02962962962962963
0 0.73125 0.16064814814814815 0.013541666666666667 0.028703703703703703
0 0.6604166666666667 0.17407407407407408 0.013541666666666667 0.031481481481481485
0 0.41901041666666666 0.13564814814814816 0.015104166666666667 0.032407407407407406
0 0.4674479166666667 0.11805555555555557 0.0109375 0.025
0 0.596875 0.13657407407407407 0.010416666666666666 0.025
0 0.5328125 0.1375 0.015625 0.030555555555555558
0 0.45677083333333335 0.14537037037037037 0.013541666666666667 0.02777777777777778
0 0.6270833333333333 0.15972222222222224 0.013541666666666667 0.028703703703703703
0 0.64921875 0.13333333333333333 0.0109375 0.02592592592592593
0 0.51796875 0.12638888888888888 0.0140625 0.030555555555555558
0 0.6127604166666667 0.15324074074074073 0.011979166666666666 0.025
0 0.6630208333333333 0.14583333333333334 0.013541666666666667 0.026851851851851852
0 0.6138020833333333 0.11342592592592593 0.011979166666666666 0.025
0 0.7208333333333333 0.24629629629629632 0.017708333333333333 0.037037037037037035
0 0.5658854166666667 0.12453703703703704 0.009895833333333333 0.025
0 0.5096354166666667 0.16018518518518518 0.013020833333333334 0.02962962962962963
0 0.36692708333333335 0.1439814814814815 0.011979166666666666 0.02314814814814815
0 0.3703125 0.12685185185185185 0.010416666666666666 0.018518518518518517
0 0.35494791666666664 0.14537037037037037 0.009895833333333333 0.016666666666666666
0 0.4203125 0.1513888888888889 0.011458333333333333 0.026851851851851852
0 0.47578125 0.1486111111111111 0.011979166666666666 0.02314814814814815
0 0.4888020833333333 0.13657407407407407 0.008854166666666666 0.019444444444444445
0 0.5049479166666666 0.12407407407407407 0.009895833333333333 0.018518518518518517
0 0.5567708333333333 0.12361111111111112 0.008333333333333333 0.017592592592592594
0 0.5541666666666667 0.14351851851851852 0.011458333333333333 0.020370370370370372
0 0.6296875 0.12453703703703704 0.010416666666666666 0.02314814814814815
0 0.6411458333333333 0.12361111111111112 0.009375 0.021296296296296296
0 0.4966145833333333 0.12731481481481483 0.0078125 0.017592592592592594
