0 0.6731770833333334 0.37222222222222223 0.024479166666666666 0.053703703703703705
0 0.67265625 0.1564814814814815 0.0140625 0.02962962962962963
0 0.62109375 0.1564814814814815 0.0140625 0.031481481481481485
0 0.9354166666666667 0.17731481481481481 0.015625 0.028703703703703703
0 0.36276041666666664 0.1486111111111111 0.013020833333333334 0.028703703703703703
0 0.68984375 0.15092592592592594 0.011979166666666666 0.02592592592592593
0 0.571875 0.1902777777777778 0.013541666666666667 0.03425925925925926
0 0.5934895833333333 0.1337962962962963 0.0140625 0.028703703703703703
0 0.6442708333333333 0.16805555555555557 0.014583333333333334 0.032407407407407406
0 0.6880208333333333 0.34120370370370373 0.020833333333333332 0.04537037037037037
0 0.7270833333333333 0.1587962962962963 0.0125 0.026851851851851852
0 0.4661458333333333 0.11805555555555557 0.011458333333333333 0.025
0 0.4583333333333333 0.14814814814814814 0.013541666666666667 0.03333333333333333
0 0.55859375 0.12407407407407407 0.011979166666666666 0.02592592592592593
0 0.6572916666666666 0.14444444444444446 0.013541666666666667 0.02777777777777778
0 0.7440104166666667 0.24212962962962964 0.018229166666666668 0.03425925925925926
0 0.5283854166666666 0.1375 0.01614583333333333 0.030555555555555558
0 0.4200520833333333 0.1388888888888889 0.013020833333333334 0.02592592592592593
0 0.47578125 0.15092592592592594 0.0140625 0.02962962962962963
0 0.5502604166666667 0.14212962962962963 0.011979166666666666 0.028703703703703703
0 0.6075520833333333 0.15046296296296297 0.011979166666666666 0.026851851851851852
0 0.5138020833333333 0.16296296296296298 0.013020833333333334 0.02962962962962963
0 0.51484375 0.12638888888888888 0.013020833333333334 0.030555555555555558
0 0.35625 0.14814814814814814 0.014583333333333334 0.02592592592592593
0 0.3723958333333333 0.13101851851851853 0.010416666666666666 0.021296296296296296
0 0.42473958333333334 0.15925925925925927 0.0109375 0.018518518518518517
0 0.6114583333333333 0.11296296296296297 0.011458333333333333 0.022222222222222223
0 0.621875 0.12222222222222223 0.010416666666666666 0.016666666666666666
0 0.6372395833333333 0.11898148148148148 0.0078125 0.021296296296296296
0 0.6450520833333333 0.1300925925925926 0.013020833333333334 0.015740740740740743
0 0.5041666666666667 0.125 0.00625 0.018518518518518517
0 0.48984374999999997 0.13703703703703704 0.009895833333333333 0.020370370370370372
