0 0.9221354166666667 0.32453703703703707 0.0265625 0.05092592592592593
0 0.6815104166666667 0.15787037037037038 0.013020833333333334 0.025
0 0.6677083333333333 0.21342592592592594 0.016666666666666666 0.036111111111111115
0 0.6627604166666666 0.1625 0.0140625 0.026851851851851852
0 0.5489583333333333 0.1287037037037037 0.0125 0.02592592592592593
0 0.87890625 0.287962962962963 0.021354166666666667 0.040740740740740744
0 0.64609375 0.14953703703703705 0.011979166666666666 0.026851851851851852
0 0.9674479166666666 0.32407407407407407 0.0203125 0.044444444444444446
0 0.6010416666666667 0.1574074074074074 0.013541666666666667 0.02777777777777778
0 0.47942708333333334 0.1625 0.013020833333333334 0.030555555555555558
0 0.5463541666666667 0.15185185185185185 0.013541666666666667 0.02777777777777778
0 0.62421875 0.17037037037037037 0.013020833333333334 0.02962962962962963
0 0.5888020833333333 0.14212962962962963 0.011979166666666666 0.026851851851851852
0 0.4473958333333333 0.18981481481481483 0.0125 0.02592592592592593
0 0.4158854166666667 0.14675925925925926 0.011979166666666666 0.030555555555555558
0 0.40703125 0.14444444444444446 0.011979166666666666 0.02777777777777778
0 0.5065104166666666 0.1615740740740741 0.011979166666666666 0.028703703703703703
0 0.44557291666666665 0.16296296296296298 0.011979166666666666 0.02592592592592593
0 0.56953125 0.1388888888888889 0.0109375 0.024074074074074074
0 0.55625 0.1925925925925926 0.013541666666666667 0.031481481481481485
0 0.35 0.14537037037037037 0.014583333333333334 0.02592592592592593
0 0.4927083333333333 0.1462962962962963 0.011458333333333333 0.031481481481481485
0 0.48020833333333335 0.13564814814814816 0.011458333333333333 0.026851851851851852
0 0.6145833333333334 0.1625 0.0125 0.028703703703703703
0 0.5268229166666667 0.14675925925925926 0.011979166666666666 0.026851851851851852
0 0.7203125 0.16527777777777777 0.008333333333333333 0.017592592592592594
0 0.5171875 0.14212962962962963 0.013541666666666667 0.03425925925925926
0 0.37526041666666665 0.14027777777777778 0.011979166666666666 0.02314814814814815
0 0.3809895833333333 0.1527777777777778 0.013020833333333334 0.018518518518518517
0 0.46822916666666664 0.13101851851851853 0.009375 0.019444444444444445
0 0.55859375 0.13240740740740742 0.0078125 0.014814814814814815
0 0.6143229166666666 0.1277777777777778 0.013020833333333334 0.022222222222222223
0 0.63203125 0.1439814814814815 0.011979166666666666 0.021296296296296296
0 0.46328125 0.1550925925925926 0.013020833333333334 0.025
