0 0.6528645833333333 0.15046296296296297 0.0140625 0.026851851851851852
0 0.675 0.14444444444444446 0.0125 0.02592592592592593
0 0.7669270833333334 0.2162037037037037 0.019270833333333334 0.03796296296296296
0 0.36302083333333335 0.1287037037037037 0.0125 0.02592592592592593
0 0.4653645833333333 0.11944444444444445 0.013020833333333334 0.02592592592592593
0 0.3341145833333333 0.13935185185185187 0.013020833333333334 0.026851851851851852
0 0.61171875 0.1925925925925926 0.015104166666666667 0.03333333333333333
0 0.39739583333333334 0.12962962962962962 0.011458333333333333 0.022222222222222223
0 0.4583333333333333 0.19768518518518519 0.0125 0.030555555555555558
0 0.37994791666666666 0.1388888888888889 0.0140625 0.02777777777777778
0 0.5395833333333333 0.11527777777777778 0.0125 0.026851851851851852
0 0.50234375 0.1625 0.011979166666666666 0.028703703703703703
0 0.5794270833333334 0.12824074074074074 0.011979166666666666 0.026851851851851852
0 0.63828125 0.13657407407407407 0.011979166666666666 0.026851851851851852
0 0.421875 0.16666666666666669 0.013541666666666667 0.02962962962962963
0 0.54609375 0.1638888888888889 0.011979166666666666 0.031481481481481485
0 0.5294270833333333 0.1439814814814815 0.013020833333333334 0.030555555555555558
0 0.6065104166666666 0.15046296296296297 0.013020833333333334 0.030555555555555558
0 0.5908854166666666 0.1486111111111111 0.011979166666666666 0.025
0 0.7088541666666667 0.15555555555555556 0.0125 0.02592592592592593
0 0.6252604166666667 0.13148148148148148 0.011979166666666666 0.02592592592592593
0 0.48515625 0.13240740740740742 0.0109375 0.02777777777777778
0 0.4075520833333333 0.1328703703703704 0.011979166666666666 0.026851851851851852
0 0.5497395833333333 0.12222222222222223 0.0109375 0.024074074074074074
0 0.4458333333333333 0.1398148148148148 0.010416666666666666 0.024074074074074074
0 0.5098958333333333 0.12361111111111112 0.011458333333333333 0.028703703703703703
0 0.596875 0.10833333333333334 0.010416666666666666 0.02592592592592593
0 0.6044270833333333 0.11574074074074074 0.013020833333333334 0.031481481481481485
0 0.4395833333333333 0.1486111111111111 0.011458333333333333 0.025
0 0.6377604166666666 0.1685185185185185 0.011979166666666666 0.02592592592592593
0 0.52109375 0.13518518518518519 0.0109375 0.02592592592592593
