0 0.6611979166666666 0.1615740740740741 0.013020833333333334 0.025
0 0.4161458333333333 0.1439814814814815 0.011458333333333333 0.025
0 0.5471354166666667 0.12824074074074074 0.013020833333333334 0.026851851851851852
0 0.6825520833333333 0.15694444444444444 0.011979166666666666 0.02314814814814815
0 0.6440104166666667 0.1486111111111111 0.011979166666666666 0.026851851851851852
0 0.4317708333333333 0.16990740740740742 0.0125 0.028703703703703703
0 0.4036458333333333 0.1398148148148148 0.010416666666666666 0.024074074074074074
0 0.5875 0.14212962962962963 0.011458333333333333 0.026851851851851852
0 0.94296875 0.2949074074074074 0.021354166666666667 0.03981481481481482
0 0.7135416666666666 0.21944444444444444 0.016666666666666666 0.037037037037037035
0 0.5979166666666667 0.15694444444444444 0.0125 0.026851851851851852
0 0.5416666666666666 0.1527777777777778 0.013541666666666667 0.02962962962962963
0 0.6239583333333333 0.17500000000000002 0.013541666666666667 0.031481481481481485
0 0.7151041666666667 0.16574074074074074 0.011458333333333333 0.024074074074074074
0 0.453125 0.19583333333333333 0.0125 0.030555555555555558
0 0.34453125 0.14583333333333334 0.011979166666666666 0.026851851851851852
0 0.4752604166666667 0.13333333333333333 0.013020833333333334 0.02777777777777778
0 0.38125 0.14907407407407408 0.015625 0.03333333333333333
0 0.4895833333333333 0.16481481481481483 0.0125 0.03333333333333333
0 0.6135416666666667 0.16203703703703703 0.011458333333333333 0.02777777777777778
0 0.6299479166666666 0.14351851851851852 0.0109375 0.024074074074074074
0 0.5802083333333333 0.19768518518518519 0.013541666666666667 0.032407407407407406
0 0.4921875 0.1425925925925926 0.011458333333333333 0.031481481481481485
0 0.5231770833333333 0.1685185185185185 0.0109375 0.02592592592592593
0 0.5671875 0.1398148148148148 0.008333333333333333 0.020370370370370372
0 0.3731770833333333 0.14212962962962963 0.013020833333333334 0.025
0 0.5169270833333334 0.13101851851851853 0.011979166666666666 0.025
0 0.5276041666666667 0.14305555555555557 0.011458333333333333 0.017592592592592594
0 0.55703125 0.1287037037037037 0.008854166666666666 0.016666666666666666
0 0.61171875 0.12222222222222223 0.011979166666666666 0.018518518518518517
0 0.4622395833333333 0.13055555555555556 0.009895833333333333 0.018518518518518517
0 0.4552083333333333 0.15833333333333333 0.009375 0.016666666666666666
