0 0.76015625 0.2189814814814815 0.019270833333333334 0.036111111111111115
0 0.3638020833333333 0.12962962962962962 0.013020833333333334 0.024074074074074074
0 0.3364583333333333 0.14120370370370372 0.0125 0.026851851851851852
0 0.65390625 0.15231481481481482 0.0140625 0.026851851851851852
0 0.6760416666666667 0.14675925925925926 0.0125 0.026851851851851852
0 0.4666666666666667 0.11990740740740741 0.0125 0.025
0 0.45677083333333335 0.19814814814814816 0.013541666666666667 0.03333333333333333
0 0.42161458333333335 0.16666666666666669 0.0140625 0.02962962962962963
0 0.5419270833333333 0.16574074074074074 0.013020833333333334 0.02962962962962963
0 0.6385416666666667 0.13842592592592592 0.0125 0.026851851851851852
0 0.5408854166666667 0.11666666666666667 0.013020833333333334 0.02777777777777778
0 0.3807291666666667 0.1398148148148148 0.014583333333333334 0.02592592592592593
0 0.39869791666666665 0.13101851851851853 0.011979166666666666 0.02314814814814815
0 0.5002604166666667 0.1638888888888889 0.011979166666666666 0.02962962962962963
0 0.5919270833333333 0.1513888888888889 0.011979166666666666 0.025
0 0.6078125 0.15185185185185185 0.013541666666666667 0.031481481481481485
0 0.7088541666666667 0.15787037037037038 0.011458333333333333 0.025
0 0.5315104166666667 0.1449074074074074 0.0140625 0.028703703703703703
0 0.5802083333333333 0.13101851851851853 0.011458333333333333 0.026851851851851852
0 0.63515625 0.17037037037037037 0.013020833333333334 0.03333333333333333
0 0.4861979166666667 0.13472222222222222 0.0109375 0.028703703703703703
0 0.40989583333333335 0.1328703703703704 0.0125 0.025
0 0.5515625 0.12361111111111112 0.011458333333333333 0.025
0 0.6080729166666666 0.19768518518518519 0.013020833333333334 0.030555555555555558
0 0.6260416666666666 0.13240740740740742 0.011458333333333333 0.024074074074074074
0 0.9919270833333333 0.29444444444444445 0.01614583333333333 0.044444444444444446
0 0.596875 0.11018518518518519 0.010416666666666666 0.02592592592592593
0 0.44609375 0.14074074074074075 0.0109375 0.02592592592592593
0 0.51015625 0.12175925925925926 0.011979166666666666 0.025
0 0.6057291666666667 0.11203703703703705 0.010416666666666666 0.022222222222222223
0 0.5223958333333333 0.13796296296296298 0.009375 0.016666666666666666
0 0.44140625 0.14953703703703705 0.0109375 0.02314814814814815
