0 0.5190104166666667 0.4416666666666667 0.027604166666666666 0.061111111111111116
0 0.4591145833333333 0.14907407407407408 0.01614583333333333 0.02962962962962963
0 0.37604166666666666 0.13518518518518519 0.013541666666666667 0.02962962962962963
0 0.5794270833333334 0.13472222222222222 0.009895833333333333 0.025
0 0.6247395833333333 0.13472222222222222 0.013020833333333334 0.025
0 0.89609375 0.16435185185185186 0.01614583333333333 0.026851851851851852
0 0.6661458333333333 0.16527777777777777 0.014583333333333334 0.028703703703703703
0 0.5088541666666666 0.15324074074074073 0.013541666666666667 0.032407407407407406
0 0.5265625 0.39537037037037037 0.02395833333333333 0.05185185185185186
0 0.7442708333333333 0.17175925925925928 0.014583333333333334 0.032407407407407406
0 0.36484375 0.14074074074074075 0.013020833333333334 0.024074074074074074
0 0.55546875 0.13703703703703704 0.011979166666666666 0.02592592592592593
0 0.5393229166666667 0.16898148148148148 0.011979166666666666 0.030555555555555558
0 0.49453125 0.13564814814814816 0.013020833333333334 0.032407407407407406
0 0.70703125 0.14120370370370372 0.011979166666666666 0.025
0 0.6057291666666667 0.13055555555555556 0.011458333333333333 0.024074074074074074
0 0.6833333333333333 0.1398148148148148 0.014583333333333334 0.02777777777777778
0 0.7153645833333333 0.15462962962962964 0.0140625 0.02592592592592593
0 0.7291666666666666 0.15833333333333333 0.014583333333333334 0.03333333333333333
0 0.6497395833333334 0.11157407407407408 0.011979166666666666 0.02314814814814815
0 0.5098958333333333 0.12916666666666668 0.010416666666666666 0.025
0 0.66015625 0.12592592592592594 0.01614583333333333 0.02962962962962963
0 0.6 0.15462962962962964 0.011458333333333333 0.02592592592592593
0 0.35625 0.14027777777777778 0.009375 0.017592592592592594
0 0.5315104166666667 0.11666666666666667 0.0078125 0.016666666666666666
0 0.5278645833333333 0.1328703703703704 0.0109375 0.021296296296296296
0 0.5197916666666667 0.1537037037037037 0.011458333333333333 0.02592592592592593
0 0.653125 0.16064814814814815 0.0125 0.02314814814814815
0 0.6752604166666667 0.22175925925925927 0.013020833333333334 0.025
0 0.7729166666666667 0.16944444444444445 0.013541666666666667 0.018518518518518517
0 0.5489583333333333 0.1449074074074074 0.011458333333333333 0.02314814814814815
0 0.4421875 0.13472222222222222 0.007291666666666667 0.019444444444444445
0 0.4322916666666667 0.14166666666666666 0.007291666666666667 0.018518518518518517
0 0.42291666666666666 0.1476851851851852 0.011458333333333333 0.02314814814814815
