0 0.9466145833333334 0.31851851851851853 0.027604166666666666 0.05
0 0.6822916666666666 0.15833333333333333 0.0125 0.024074074074074074
0 0.6458333333333334 0.14907407407407408 0.013541666666666667 0.02777777777777778
0 0.6630208333333333 0.16296296296296298 0.014583333333333334 0.02777777777777778
0 0.6763020833333333 0.21481481481481482 0.015104166666666667 0.03518518518518519
0 0.54921875 0.12824074074074074 0.011979166666666666 0.025
0 0.6002604166666666 0.15787037037037038 0.013020833333333334 0.026851851851851852
0 0.8924479166666667 0.28750000000000003 0.021354166666666667 0.03981481481481482
0 0.62421875 0.1712962962962963 0.0140625 0.031481481481481485
0 0.4817708333333333 0.16620370370370371 0.011458333333333333 0.030555555555555558
0 0.5114583333333333 0.16018518518518518 0.011458333333333333 0.031481481481481485
0 0.5463541666666667 0.1537037037037037 0.0125 0.02777777777777778
0 0.4440104166666667 0.1625 0.013020833333333334 0.026851851851851852
0 0.40598958333333335 0.1425925925925926 0.0109375 0.02592592592592593
0 0.38307291666666665 0.16111111111111112 0.013020833333333334 0.024074074074074074
0 0.4171875 0.14537037037037037 0.0125 0.02962962962962963
0 0.5700520833333333 0.13935185185185187 0.009895833333333333 0.02314814814814815
0 0.6158854166666666 0.16296296296296298 0.011979166666666666 0.02777777777777778
0 0.45078124999999997 0.18703703703703706 0.011979166666666666 0.02777777777777778
0 0.9908854166666666 0.3175925925925926 0.0171875 0.04259259259259259
0 0.4934895833333333 0.1462962962962963 0.0109375 0.03333333333333333
0 0.4786458333333333 0.13611111111111113 0.011458333333333333 0.02962962962962963
0 0.5893229166666667 0.1425925925925926 0.0109375 0.02592592592592593
0 0.3489583333333333 0.14444444444444446 0.011458333333333333 0.02592592592592593
0 0.56171875 0.19398148148148148 0.013020833333333334 0.030555555555555558
0 0.46796875 0.13564814814814816 0.011979166666666666 0.026851851851851852
0 0.5169270833333334 0.13194444444444445 0.0109375 0.021296296296296296
0 0.528125 0.15185185185185185 0.013541666666666667 0.020370370370370372
0 0.6153645833333333 0.12824074074074074 0.011979166666666666 0.02314814814814815
0 0.63515625 0.14305555555555557 0.011979166666666666 0.021296296296296296
0 0.7213541666666666 0.16805555555555557 0.010416666666666666 0.021296296296296296
0 0.3755208333333333 0.14027777777777778 0.009375 0.019444444444444445
0 0.5588541666666667 0.12592592592592594 0.00625 0.016666666666666666
0 0.46119791666666665 0.15555555555555556 0.009895833333333333 0.020370370370370372
