0 0.9856770833333334 0.32175925925925924 0.0234375 0.05092592592592593
0 0.6828125 0.15787037037037038 0.0125 0.025
0 0.9130208333333333 0.2888888888888889 0.021875 0.040740740740740744
0 0.6622395833333333 0.16296296296296298 0.013020833333333334 0.02592592592592593
0 0.4401041666666667 0.16527777777777777 0.013541666666666667 0.030555555555555558
0 0.6455729166666666 0.14953703703703705 0.011979166666666666 0.026851851851851852
0 0.5479166666666666 0.12824074074074074 0.0125 0.026851851851851852
0 0.5994791666666667 0.15694444444444444 0.0125 0.028703703703703703
0 0.6916666666666667 0.22175925925925927 0.016666666666666666 0.03796296296296296
0 0.5447916666666667 0.15324074074074073 0.013541666666666667 0.028703703703703703
0 0.41692708333333334 0.1462962962962963 0.011979166666666666 0.02777777777777778
0 0.5692708333333333 0.19861111111111113 0.013541666666666667 0.032407407407407406
0 0.5877604166666667 0.1425925925925926 0.0109375 0.02592592592592593
0 0.4856770833333333 0.17546296296296296 0.009895833333333333 0.026851851851851852
0 0.4557291666666667 0.18888888888888888 0.013541666666666667 0.02962962962962963
0 0.5158854166666667 0.15833333333333333 0.011979166666666666 0.03333333333333333
0 0.38515625 0.15185185185185185 0.01614583333333333 0.03333333333333333
0 0.49374999999999997 0.14537037037037037 0.011458333333333333 0.03333333333333333
0 0.3458333333333333 0.1439814814814815 0.0125 0.026851851851851852
0 0.40520833333333334 0.14166666666666666 0.010416666666666666 0.024074074074074074
0 0.4783854166666667 0.13518518518518519 0.011979166666666666 0.02777777777777778
0 0.6223958333333334 0.1736111111111111 0.013541666666666667 0.032407407407407406
0 0.46796875 0.1337962962962963 0.0109375 0.025
0 0.56953125 0.13935185185185187 0.009895833333333333 0.025
0 0.55703125 0.12962962962962962 0.0109375 0.024074074074074074
0 0.37473958333333335 0.1398148148148148 0.011979166666666666 0.018518518518518517
0 0.5184895833333333 0.1328703703703704 0.011979166666666666 0.025
0 0.5283854166666666 0.15231481481481482 0.013020833333333334 0.01388888888888889
0 0.6125 0.16203703703703703 0.009375 0.024074074074074074
0 0.6122395833333333 0.1300925925925926 0.011979166666666666 0.021296296296296296
0 0.6333333333333333 0.14120370370370372 0.009375 0.019444444444444445
0 0.7190104166666667 0.16805555555555557 0.01614583333333333 0.02314814814814815
0 0.46119791666666665 0.1550925925925926 0.009895833333333333 0.02314814814814815
