0 0.22526041666666666 0.5787037037037037 0.034895833333333334 0.07222222222222223
0 0.8317708333333333 0.1800925925925926 0.016666666666666666 0.036111111111111115
0 0.9065104166666667 0.3050925925925926 0.022395833333333334 0.049074074074074076
0 0.21484375 0.5449074074074074 0.030729166666666665 0.07314814814814816
0 0.4901041666666667 0.14212962962962963 0.011458333333333333 0.025
0 0.4583333333333333 0.1287037037037037 0.010416666666666666 0.024074074074074074
0 0.7127604166666667 0.0925925925925926 0.009895833333333333 0.018518518518518517
0 0.55078125 0.1574074074074074 0.013020833333333334 0.02777777777777778
0 0.57890625 0.12314814814814816 0.009895833333333333 0.022222222222222223
0 0.5528645833333333 0.12222222222222223 0.0109375 0.024074074074074074
0 0.6369791666666667 0.1388888888888889 0.0125 0.02592592592592593
0 0.9450520833333333 0.12361111111111112 0.01614583333333333 0.026851851851851852
0 0.5127604166666666 0.14583333333333334 0.0109375 0.025
0 0.6963541666666666 0.1277777777777778 0.014583333333333334 0.02777777777777778
0 0.9924479166666667 0.30462962962962964 0.0140625 0.05
0 0.759375 0.125 0.013541666666666667 0.02592592592592593
0 0.75 0.10601851851851853 0.0125 0.025
0 0.6625 0.13472222222222222 0.0125 0.02314814814814815
0 0.6138020833333333 0.11481481481481481 0.0140625 0.02592592592592593
0 0.5283854166666666 0.1527777777777778 0.0109375 0.022222222222222223
0 0.61484375 0.1486111111111111 0.0140625 0.028703703703703703
0 0.4361979166666667 0.13101851851851853 0.009895833333333333 0.019444444444444445
0 0.8820312499999999 0.11157407407407408 0.009895833333333333 0.017592592592592594
0 0.7885416666666667 0.08750000000000001 0.010416666666666666 0.025
0 0.6395833333333333 0.11018518518518519 0.009375 0.020370370370370372
0 0.6018229166666667 0.1287037037037037 0.013020833333333334 0.02592592592592593
0 0.5395833333333333 0.13240740740740742 0.0125 0.02592592592592593
0 0.5041666666666667 0.15092592592592594 0.010416666666666666 0.020370370370370372
0 0.4361979166666667 0.15416666666666667 0.013020833333333334 0.02314814814814815
0 0.5908854166666666 0.13055555555555556 0.0078125 0.020370370370370372
0 0.7419270833333333 0.17222222222222222 0.011979166666666666 0.022222222222222223
0 0.7989583333333333 0.13101851851851853 0.010416666666666666 0.021296296296296296
0 0.8143229166666667 0.13148148148148148 0.008854166666666666 0.018518518518518517
0 0.8252604166666666 0.10972222222222222 0.0140625 0.025
0 0.8059895833333334 0.09953703703703703 0.011979166666666666 0.021296296296296296
0 0.78203125 0.10462962962962963 0.0109375 0.022222222222222223
0 0.8411458333333334 0.11481481481481481 0.009375 0.020370370370370372
0 0.85 0.1175925925925926 0.007291666666666667 0.022222222222222223
0 0.8973958333333333 0.1212962962962963 0.010416666666666666 0.020370370370370372
0 0.7059895833333333 0.10972222222222222 0.0078125 0.015740740740740743
