0 0.9416666666666667 0.30324074074074076 0.025 0.04722222222222222
0 0.4276041666666667 0.13518518518518519 0.011458333333333333 0.02592592592592593
0 0.3385416666666667 0.5398148148148149 0.029166666666666667 0.06666666666666667
0 0.8802083333333334 0.13333333333333333 0.017708333333333333 0.031481481481481485
0 0.5372395833333333 0.1615740740740741 0.013020833333333334 0.028703703703703703
0 0.4544270833333333 0.1486111111111111 0.013020833333333334 0.025
0 0.51640625 0.12638888888888888 0.0109375 0.025
0 0.39947916666666666 0.15046296296296297 0.016666666666666666 0.03425925925925926
0 0.6625 0.11851851851851852 0.008333333333333333 0.022222222222222223
0 0.6421875 0.13333333333333333 0.013541666666666667 0.02592592592592593
0 0.7401041666666667 0.09444444444444444 0.011458333333333333 0.022222222222222223
0 0.8276041666666667 0.12731481481481483 0.010416666666666666 0.021296296296296296
0 0.3325520833333333 0.4865740740740741 0.0265625 0.06018518518518519
0 0.8502604166666666 0.1763888888888889 0.0171875 0.03425925925925926
0 0.5921875 0.14305555555555557 0.0125 0.026851851851851852
0 0.59765625 0.11851851851851852 0.0109375 0.02592592592592593
0 0.57265625 0.1537037037037037 0.013020833333333334 0.02777777777777778
0 0.7481770833333333 0.14305555555555557 0.011979166666666666 0.025
0 0.6171875 0.14027777777777778 0.013541666666666667 0.026851851851851852
0 0.496875 0.13796296296296298 0.013541666666666667 0.031481481481481485
0 0.7692708333333333 0.1337962962962963 0.011458333333333333 0.026851851851851852
0 0.6419270833333334 0.1087962962962963 0.008854166666666666 0.017592592592592594
0 0.4825520833333333 0.1462962962962963 0.005729166666666666 0.016666666666666666
0 0.47604166666666664 0.15231481481481482 0.009375 0.019444444444444445
0 0.5502604166666667 0.12361111111111112 0.0078125 0.015740740740740743
0 0.56015625 0.11342592592592593 0.0067708333333333336 0.015740740740740743
0 0.5546875 0.13703703703703704 0.009375 0.018518518518518517
0 0.5783854166666667 0.12685185185185185 0.0109375 0.024074074074074074
0 0.7005208333333334 0.1824074074074074 0.009375 0.020370370370370372
0 0.7010416666666667 0.10925925925925926 0.010416666666666666 0.018518518518518517
0 0.7028645833333333 0.13842592592592592 0.008854166666666666 0.019444444444444445
0 0.7546875 0.11435185185185186 0.011458333333333333 0.02314814814814815
0 0.7346354166666667 0.11435185185185186 0.0109375 0.02314814814814815
0 0.7783854166666666 0.12037037037037038 0.011979166666666666 0.022222222222222223
0 0.7950520833333333 0.12361111111111112 0.0109375 0.017592592592592594
0 0.8026041666666667 0.12592592592592594 0.010416666666666666 0.016666666666666666
0 0.8533854166666667 0.13611111111111113 0.0109375 0.020370370370370372
0 0.4986979166666667 0.15555555555555556 0.011979166666666666 0.02592592592592593
