0 0.875 0.16898148148148148 0.017708333333333333 0.032407407407407406
0 0.4283854166666667 0.15092592592592594 0.013020833333333334 0.02592592592592593
0 0.3927083333333333 0.13564814814814816 0.011458333333333333 0.026851851851851852
0 0.4471354166666667 0.47962962962962963 0.028645833333333332 0.06481481481481481
0 0.8018229166666666 0.15462962962962964 0.0140625 0.02962962962962963
0 0.5872395833333334 0.13935185185185187 0.0140625 0.028703703703703703
0 0.9872395833333333 0.29212962962962963 0.021354166666666667 0.04537037037037037
0 0.61328125 0.13101851851851853 0.009895833333333333 0.021296296296296296
0 0.37109375 0.14305555555555557 0.0140625 0.030555555555555558
0 0.765625 0.13657407407407407 0.010416666666666666 0.02314814814814815
0 0.45338541666666665 0.4351851851851852 0.022395833333333334 0.05
0 0.653125 0.13611111111111113 0.009375 0.024074074074074074
0 0.5796875 0.11990740740740741 0.010416666666666666 0.019444444444444445
0 0.5239583333333333 0.12638888888888888 0.008333333333333333 0.021296296296296296
0 0.5291666666666667 0.16712962962962963 0.013541666666666667 0.030555555555555558
0 0.6713541666666667 0.2050925925925926 0.015625 0.026851851851851852
0 0.6848958333333334 0.15185185185185185 0.011458333333333333 0.024074074074074074
0 0.7471354166666666 0.1449074074074074 0.008854166666666666 0.025
0 0.51015625 0.14212962962962963 0.011979166666666666 0.028703703703703703
0 0.6440104166666667 0.11851851851851852 0.0109375 0.024074074074074074
0 0.5401041666666666 0.15 0.013541666666666667 0.02962962962962963
0 0.70703125 0.1587962962962963 0.013020833333333334 0.025
0 0.63671875 0.1513888888888889 0.0109375 0.026851851851851852
0 0.4536458333333333 0.14120370370370372 0.009375 0.021296296296296296
0 0.5424479166666667 0.12268518518518519 0.009895833333333333 0.017592592592592594
0 0.5541666666666667 0.12407407407407407 0.010416666666666666 0.020370370370370372
0 0.5744791666666667 0.14305555555555557 0.009375 0.021296296296296296
0 0.6890625 0.11712962962962964 0.009375 0.02314814814814815
0 0.7205729166666667 0.13055555555555556 0.009895833333333333 0.022222222222222223
0 0.7421875 0.1277777777777778 0.009375 0.016666666666666666
0 0.46249999999999997 0.14537037037037037 0.007291666666666667 0.012962962962962964
0 0.47421874999999997 0.15 0.0067708333333333336 0.012962962962962964
