0 0.95703125 0.31851851851851853 0.0234375 0.05
0 0.8664062499999999 0.3087962962962963 0.022395833333333334 0.04537037037037037
0 0.1015625 0.6462962962962964 0.036458333333333336 0.08888888888888889
0 0.83359375 0.19212962962962965 0.018229166666666668 0.03796296296296296
0 0.534375 0.1328703703703704 0.014583333333333334 0.026851851851851852
0 0.6166666666666667 0.12731481481481483 0.009375 0.021296296296296296
0 0.49895833333333334 0.12407407407407407 0.009375 0.022222222222222223
0 0.7903645833333334 0.08796296296296297 0.009895833333333333 0.018518518518518517
0 0.6796875 0.13564814814814816 0.011458333333333333 0.026851851851851852
0 0.9289062499999999 0.10833333333333334 0.009895833333333333 0.020370370370370372
0 0.8494791666666667 0.12083333333333333 0.010416666666666666 0.015740740740740743
0 0.7145833333333333 0.12083333333333333 0.0125 0.021296296296296296
0 0.6869791666666667 0.10601851851851853 0.010416666666666666 0.019444444444444445
0 0.47760416666666666 0.12407407407407407 0.011458333333333333 0.022222222222222223
0 0.5778645833333333 0.15555555555555556 0.011979166666666666 0.024074074074074074
0 0.10781249999999999 0.6129629629629629 0.0375 0.07222222222222223
0 0.8127604166666667 0.11898148148148148 0.013020833333333334 0.02314814814814815
0 0.8734375 0.12731481481481483 0.011458333333333333 0.026851851851851852
0 0.54765625 0.14907407407407408 0.0140625 0.02592592592592593
0 0.47369791666666666 0.14351851851851852 0.0109375 0.022222222222222223
0 0.5658854166666667 0.15092592592592594 0.009895833333333333 0.018518518518518517
0 0.5950520833333334 0.12175925925925926 0.005729166666666666 0.01388888888888889
0 0.5875 0.1287037037037037 0.008333333333333333 0.018518518518518517
0 0.6385416666666667 0.12407407407407407 0.009375 0.018518518518518517
0 0.65859375 0.1 0.0078125 0.012962962962962964
0 0.6536458333333334 0.12685185185185185 0.0125 0.016666666666666666
0 0.6682291666666667 0.13518518518518519 0.009375 0.018518518518518517
0 0.7591145833333334 0.0976851851851852 0.011979166666666666 0.015740740740740743
0 0.7572916666666667 0.11944444444444445 0.010416666666666666 0.016666666666666666
0 0.8010416666666667 0.15787037037037038 0.010416666666666666 0.02314814814814815
0 0.8018229166666666 0.1 0.0078125 0.020370370370370372
0 0.8351562499999999 0.10231481481481482 0.011979166666666666 0.021296296296296296
0 0.83671875 0.08611111111111111 0.0078125 0.016666666666666666
0 0.8513020833333333 0.08888888888888889 0.009895833333333333 0.018518518518518517
0 0.8721354166666666 0.10462962962962963 0.009895833333333333 0.018518518518518517
0 0.9416666666666667 0.11712962962962964 0.009375 0.017592592592592594
0 0.8947916666666667 0.11296296296296297 0.013541666666666667 0.02592592592592593
