0 0.428125 0.15092592592592594 0.0125 0.02592592592592593
0 0.4557291666666667 0.4712962962962963 0.028125 0.06481481481481481
0 0.6096354166666667 0.13333333333333333 0.0109375 0.022222222222222223
0 0.7947916666666667 0.15694444444444444 0.017708333333333333 0.028703703703703703
0 0.5841145833333333 0.14074074074074075 0.0140625 0.02777777777777778
0 0.7611979166666667 0.13935185185185187 0.0109375 0.02314814814814815
0 0.87734375 0.1685185185185185 0.01614583333333333 0.02962962962962963
0 0.39036458333333335 0.13564814814814816 0.0109375 0.026851851851851852
0 0.5770833333333333 0.12037037037037038 0.011458333333333333 0.018518518518518517
0 0.3697916666666667 0.1449074074074074 0.015625 0.03425925925925926
0 0.5078125 0.14212962962962963 0.011458333333333333 0.026851851851851852
0 0.4614583333333333 0.4337962962962963 0.02395833333333333 0.05277777777777778
0 0.6403645833333333 0.12037037037037038 0.0109375 0.022222222222222223
0 0.5223958333333333 0.12546296296296297 0.008333333333333333 0.021296296296296296
0 0.4734375 0.15231481481481482 0.011458333333333333 0.019444444444444445
0 0.7447916666666666 0.14814814814814814 0.010416666666666666 0.024074074074074074
0 0.9901041666666667 0.2935185185185185 0.017708333333333333 0.0462962962962963
0 0.53671875 0.1527777777777778 0.0140625 0.03333333333333333
0 0.6299479166666666 0.15324074074074073 0.013020833333333334 0.026851851851851852
0 0.7044270833333334 0.15925925925925927 0.013020833333333334 0.02592592592592593
0 0.7375 0.13333333333333333 0.010416666666666666 0.024074074074074074
0 0.6513020833333333 0.13240740740740742 0.009895833333333333 0.020370370370370372
0 0.5135416666666667 0.13472222222222222 0.010416666666666666 0.028703703703703703
0 0.7158854166666666 0.13518518518518519 0.013020833333333334 0.02592592592592593
0 0.66953125 0.20972222222222223 0.0171875 0.032407407407407406
0 0.53046875 0.16712962962962963 0.013020833333333334 0.030555555555555558
0 0.546875 0.12361111111111112 0.011458333333333333 0.02314814814814815
0 0.4505208333333333 0.14027777777777778 0.010416666666666666 0.019444444444444445
0 0.46171875 0.14583333333333334 0.008854166666666666 0.021296296296296296
0 0.5705729166666667 0.14351851851851852 0.0109375 0.018518518518518517
0 0.6869791666666667 0.1125 0.010416666666666666 0.019444444444444445
0 0.67890625 0.15555555555555556 0.009895833333333333 0.018518518518518517
