0 0.6083333333333333 0.21435185185185185 0.019791666666666666 0.03981481481481482
0 0.4028645833333333 0.2814814814814815 0.022395833333333334 0.0462962962962963
0 0.96953125 0.31527777777777777 0.025520833333333333 0.05092592592592593
0 0.5283854166666666 0.1953703703703704 0.01614583333333333 0.03518518518518519
0 0.17421875 0.1675925925925926 0.0140625 0.02962962962962963
0 0.6296875 0.44583333333333336 0.022916666666666665 0.049074074074074076
0 0.7919270833333333 0.27824074074074073 0.022395833333333334 0.04537037037037037
0 0.6127604166666667 0.41435185185185186 0.0234375 0.05092592592592593
0 0.5265625 0.2800925925925926 0.022916666666666665 0.05092592592592593
0 0.5901041666666667 0.3106481481481482 0.021875 0.05462962962962963
0 0.49114583333333334 0.15462962962962964 0.011458333333333333 0.031481481481481485
0 0.29921875 0.19953703703703704 0.0140625 0.030555555555555558
0 0.14244791666666667 0.21203703703703705 0.018229166666666668 0.03518518518518519
0 0.46770833333333334 0.1787037037037037 0.015625 0.031481481481481485
0 0.8223958333333333 0.32407407407407407 0.025 0.05
0 0.27578125 0.18611111111111112 0.015104166666666667 0.03333333333333333
0 0.12578125 0.20601851851851852 0.0171875 0.030555555555555558
0 0.40651041666666665 0.14027777777777778 0.013020833333333334 0.028703703703703703
0 0.32265625 0.21064814814814817 0.018229166666666668 0.032407407407407406
0 0.26015625 0.16342592592592592 0.015104166666666667 0.028703703703703703
0 0.3421875 0.21435185185185185 0.016666666666666666 0.03796296296296296
0 0.5169270833333334 0.21574074074074076 0.015104166666666667 0.037037037037037035
0 0.22942708333333334 0.2962962962962963 0.018229166666666668 0.037037037037037035
0 0.3013020833333333 0.16296296296296298 0.015104166666666667 0.02777777777777778
0 0.3765625 0.25092592592592594 0.016666666666666666 0.03518518518518519
0 0.4458333333333333 0.13935185185185187 0.013541666666666667 0.028703703703703703
0 0.43385416666666665 0.2111111111111111 0.016666666666666666 0.03888888888888889
0 0.22526041666666666 0.2050925925925926 0.019270833333333334 0.036111111111111115
0 0.190625 0.17592592592592593 0.014583333333333334 0.031481481481481485
0 0.49609375 0.19444444444444445 0.0140625 0.03333333333333333
0 0.3111979166666667 0.1476851851851852 0.013020833333333334 0.028703703703703703
0 0.43385416666666665 0.15092592592592594 0.014583333333333334 0.031481481481481485
0 0.384375 0.20925925925925926 0.015625 0.037037037037037035
0 0.20104166666666667 0.16111111111111112 0.013541666666666667 0.02777777777777778
0 0.36432291666666666 0.225 0.015104166666666667 0.03518518518518519
0 0.35078125 0.1564814814814815 0.015104166666666667 0.02962962962962963
0 0.33489583333333334 0.14120370370370372 0.017708333333333333 0.030555555555555558
0 0.4466145833333333 0.21805555555555556 0.01614583333333333 0.03796296296296296
0 0.2 0.1787037037037037 0.015625 0.03333333333333333
0 0.12890625 0.3731481481481482 0.022395833333333334 0.03888888888888889
0 0.24713541666666666 0.16018518518518518 0.0140625 0.02777777777777778
0 0.4184895833333333 0.18425925925925926 0.015104166666666667 0.02962962962962963
0 0.40729166666666666 0.20925925925925926 0.015625 0.031481481481481485
0 0.24427083333333333 0.2537037037037037 0.016666666666666666 0.02962962962962963
0 0.40182291666666664 0.1787037037037037 0.01614583333333333 0.031481481481481485
0 0.3776041666666667 0.1574074074074074 0.014583333333333334 0.02777777777777778
0 0.3171875 0.17916666666666667 0.011458333333333333 0.02314814814814815
0 0.39557291666666666 0.1625 0.011979166666666666 0.02314814814814815
0 0.38385416666666666 0.14675925925925926 0.009375 0.025
0 0.35 0.13564814814814816 0.0125 0.02314814814814815
