0 0.6171875 0.1912037037037037 0.01875 0.04166666666666667
0 0.65703125 0.18194444444444446 0.0171875 0.036111111111111115
0 0.56171875 0.18611111111111112 0.015104166666666667 0.03518518518518519
0 0.8039062499999999 0.26944444444444443 0.022395833333333334 0.04814814814814815
0 0.12526041666666665 0.17222222222222222 0.018229166666666668 0.03518518518518519
0 0.9403645833333333 0.30694444444444446 0.027604166666666666 0.05462962962962963
0 0.5283854166666666 0.17083333333333334 0.013020833333333334 0.028703703703703703
0 0.6921875 0.2550925925925926 0.020833333333333332 0.04537037037037037
0 0.43255208333333334 0.5023148148148149 0.024479166666666666 0.058333333333333334
0 0.44140625 0.18935185185185185 0.018229166666666668 0.03796296296296296
0 0.45703125 0.11851851851851852 0.0140625 0.02777777777777778
0 0.2833333333333333 0.16620370370370371 0.016666666666666666 0.032407407407407406
0 0.4791666666666667 0.15185185185185185 0.014583333333333334 0.03333333333333333
0 0.175 0.6032407407407407 0.035416666666666666 0.058333333333333334
0 0.18880208333333334 0.25324074074074077 0.0171875 0.032407407407407406
0 0.1875 0.14537037037037037 0.0125 0.02777777777777778
0 0.22083333333333333 0.1574074074074074 0.016666666666666666 0.03333333333333333
0 0.5049479166666666 0.17453703703703705 0.0140625 0.03425925925925926
0 0.30703125 0.17592592592592593 0.015104166666666667 0.031481481481481485
0 0.41302083333333334 0.24953703703703706 0.019791666666666666 0.04722222222222222
0 0.45729166666666665 0.19814814814814816 0.019791666666666666 0.04259259259259259
0 0.47161458333333334 0.5337962962962963 0.025520833333333333 0.06018518518518519
0 0.2700520833333333 0.14212962962962963 0.018229166666666668 0.028703703703703703
0 0.36953125 0.20324074074074075 0.019270833333333334 0.036111111111111115
0 0.6489583333333333 0.28240740740740744 0.019791666666666666 0.044444444444444446
0 0.39375 0.18055555555555555 0.016666666666666666 0.03518518518518519
0 0.44296874999999997 0.12824074074074074 0.015104166666666667 0.032407407407407406
0 0.4875 0.1337962962962963 0.011458333333333333 0.030555555555555558
0 0.34791666666666665 0.22870370370370371 0.017708333333333333 0.037037037037037035
0 0.23411458333333332 0.1837962962962963 0.0171875 0.03425925925925926
0 0.2557291666666667 0.13842592592592592 0.0125 0.025
0 0.3520833333333333 0.12361111111111112 0.013541666666666667 0.032407407407407406
0 0.20625 0.15185185185185185 0.014583333333333334 0.031481481481481485
0 0.41510416666666666 0.11898148148148148 0.011458333333333333 0.026851851851851852
0 0.13776041666666666 0.35000000000000003 0.022395833333333334 0.040740740740740744
0 0.33203125 0.19074074074074074 0.018229166666666668 0.02962962962962963
0 0.32890625 0.1564814814814815 0.0171875 0.031481481481481485
0 0.42916666666666664 0.1615740740740741 0.014583333333333334 0.030555555555555558
0 0.46953125 0.2791666666666667 0.022395833333333334 0.05277777777777778
0 0.3658854166666667 0.12083333333333333 0.013020833333333334 0.028703703703703703
0 0.31536458333333334 0.14120370370370372 0.0140625 0.026851851851851852
0 0.3953125 0.1328703703703704 0.009375 0.032407407407407406
0 0.37135416666666665 0.14444444444444446 0.013541666666666667 0.02777777777777778
0 0.16822916666666665 0.575925925925926 0.03229166666666666 0.05740740740740741
0 0.4140625 0.1564814814814815 0.014583333333333334 0.031481481481481485
0 0.42604166666666665 0.19814814814814816 0.015625 0.031481481481481485
0 0.3203125 0.12083333333333333 0.013541666666666667 0.026851851851851852
0 0.38776041666666666 0.1375 0.0109375 0.025
0 0.3559895833333333 0.19398148148148148 0.0140625 0.030555555555555558
0 0.24244791666666665 0.22453703703703703 0.01614583333333333 0.030555555555555558
0 0.21171874999999998 0.13333333333333333 0.013020833333333334 0.024074074074074074
0 0.33307291666666666 0.22222222222222224 0.013020833333333334 0.022222222222222223
0 0.32838541666666665 0.1212962962962963 0.0140625 0.02777777777777778
0 0.44609375 0.1087962962962963 0.009895833333333333 0.030555555555555558
