0 0.6052083333333333 0.21481481481481482 0.020833333333333332 0.040740740740740744
0 0.5276041666666667 0.19305555555555556 0.016666666666666666 0.03425925925925926
0 0.5458333333333333 0.2814814814814815 0.02395833333333333 0.05555555555555556
0 0.8515625 0.3226851851851852 0.026041666666666668 0.05092592592592593
0 0.15104166666666666 0.22083333333333335 0.017708333333333333 0.03796296296296296
0 0.4927083333333333 0.15694444444444444 0.0125 0.032407407407407406
0 0.6588541666666666 0.44351851851851853 0.022916666666666665 0.0462962962962963
0 0.17317708333333334 0.1675925925925926 0.015104166666666667 0.02962962962962963
0 0.609375 0.3180555555555556 0.020833333333333332 0.05648148148148149
0 0.8153645833333333 0.28425925925925927 0.021354166666666667 0.044444444444444446
0 0.13046875 0.20972222222222223 0.0171875 0.032407407407407406
0 0.5143229166666666 0.21666666666666667 0.01614583333333333 0.03888888888888889
0 0.6395833333333333 0.4083333333333333 0.021875 0.04814814814814815
0 0.4200520833333333 0.28425925925925927 0.0203125 0.040740740740740744
0 0.25885416666666666 0.16481481481481483 0.015625 0.02962962962962963
0 0.29791666666666666 0.20046296296296298 0.014583333333333334 0.030555555555555558
0 0.3419270833333333 0.21435185185185185 0.01614583333333333 0.03796296296296296
0 0.3221354166666667 0.21064814814814817 0.0171875 0.032407407407407406
0 0.4705729166666667 0.18472222222222223 0.013020833333333334 0.032407407407407406
0 0.49505208333333334 0.19490740740740742 0.013020833333333334 0.030555555555555558
0 0.40651041666666665 0.14074074074074075 0.013020833333333334 0.02962962962962963
0 0.38307291666666665 0.25462962962962965 0.0171875 0.03518518518518519
0 0.12604166666666666 0.37222222222222223 0.020833333333333332 0.040740740740740744
0 0.34739583333333335 0.15787037037037038 0.013541666666666667 0.028703703703703703
0 0.1953125 0.18287037037037038 0.014583333333333334 0.030555555555555558
0 0.22421875 0.20601851851851852 0.019270833333333334 0.036111111111111115
0 0.4328125 0.15324074074074073 0.013541666666666667 0.032407407407407406
0 0.4440104166666667 0.21944444444444444 0.0171875 0.03518518518518519
0 0.44635416666666666 0.14027777777777778 0.0125 0.028703703703703703
0 0.20026041666666666 0.16111111111111112 0.0140625 0.02962962962962963
0 0.36484375 0.22592592592592595 0.015104166666666667 0.03333333333333333
0 0.27682291666666664 0.18888888888888888 0.015104166666666667 0.031481481481481485
0 0.3848958333333333 0.20787037037037037 0.015625 0.036111111111111115
0 0.29973958333333334 0.16342592592592592 0.0140625 0.028703703703703703
0 0.3104166666666667 0.14953703703703705 0.0125 0.030555555555555558
0 0.3502604166666667 0.1388888888888889 0.011979166666666666 0.024074074074074074
0 0.334375 0.14120370370370372 0.015625 0.028703703703703703
0 0.24687499999999998 0.16064814814814815 0.013541666666666667 0.026851851851851852
0 0.40651041666666665 0.2125 0.015104166666666667 0.032407407407407406
0 0.24244791666666665 0.2976851851851852 0.018229166666666668 0.036111111111111115
0 0.4184895833333333 0.18611111111111112 0.015104166666666667 0.031481481481481485
0 0.39375 0.16712962962962963 0.014583333333333334 0.03425925925925926
0 0.3169270833333333 0.1787037037037037 0.015104166666666667 0.031481481481481485
0 0.9927083333333333 0.32175925925925924 0.015625 0.05277777777777778
0 0.43828125 0.21064814814814817 0.01614583333333333 0.036111111111111115
0 0.403125 0.17777777777777778 0.010416666666666666 0.022222222222222223
0 0.24739583333333334 0.25416666666666665 0.01875 0.032407407407407406
0 0.3815104166666667 0.14907407407407408 0.0109375 0.022222222222222223
0 0.3736979166666667 0.15555555555555556 0.011979166666666666 0.022222222222222223
