0 0.5572916666666666 0.1875 0.015625 0.036111111111111115
0 0.71015625 0.2555555555555556 0.0203125 0.0462962962962963
0 0.65625 0.18703703703703706 0.015625 0.03518518518518519
0 0.6171875 0.1925925925925926 0.01875 0.04259259259259259
0 0.4661458333333333 0.47731481481481486 0.02395833333333333 0.05277777777777778
0 0.52578125 0.17222222222222222 0.0140625 0.031481481481481485
0 0.9731770833333333 0.3111111111111111 0.027604166666666666 0.053703703703703705
0 0.2828125 0.16712962962962963 0.015625 0.03425925925925926
0 0.48984374999999997 0.13472222222222222 0.011979166666666666 0.032407407407407406
0 0.1875 0.14675925925925926 0.0125 0.028703703703703703
0 0.4270833333333333 0.25324074074074077 0.021875 0.05092592592592593
0 0.23359375 0.18425925925925926 0.019270833333333334 0.037037037037037035
0 0.8291666666666666 0.28055555555555556 0.022916666666666665 0.0462962962962963
0 0.45677083333333335 0.12083333333333333 0.013541666666666667 0.028703703703703703
0 0.47994791666666664 0.15324074074074073 0.0140625 0.032407407407407406
0 0.30703125 0.17777777777777778 0.0140625 0.031481481481481485
0 0.19114583333333332 0.25601851851851853 0.017708333333333333 0.032407407407407406
0 0.3536458333333333 0.23935185185185187 0.017708333333333333 0.03981481481481482
0 0.12786458333333334 0.1736111111111111 0.0171875 0.032407407407407406
0 0.36692708333333335 0.20277777777777778 0.019270833333333334 0.037037037037037035
0 0.1375 0.6148148148148148 0.036458333333333336 0.061111111111111116
0 0.21901041666666665 0.15694444444444444 0.01614583333333333 0.032407407407407406
0 0.5005208333333333 0.5208333333333334 0.025 0.05648148148148149
0 0.4557291666666667 0.19953703703703704 0.017708333333333333 0.03981481481481482
0 0.5096354166666667 0.17592592592592593 0.0140625 0.03333333333333333
0 0.3932291666666667 0.1824074074074074 0.016666666666666666 0.03518518518518519
0 0.2703125 0.14351851851851852 0.015625 0.02777777777777778
0 0.6721354166666667 0.2884259259259259 0.021354166666666667 0.04722222222222222
0 0.39557291666666666 0.13194444444444445 0.009895833333333333 0.030555555555555558
0 0.3377604166666667 0.2240740740740741 0.01614583333333333 0.03518518518518519
0 0.3138020833333333 0.14212962962962963 0.013020833333333334 0.028703703703703703
0 0.49322916666666666 0.27870370370370373 0.016666666666666666 0.05
0 0.4153645833333333 0.12037037037037038 0.011979166666666666 0.02777777777777778
0 0.20390624999999998 0.1550925925925926 0.0140625 0.030555555555555558
0 0.44296874999999997 0.13194444444444445 0.0140625 0.032407407407407406
0 0.43984375 0.19074074074074074 0.0171875 0.037037037037037035
0 0.33151041666666664 0.1925925925925926 0.0171875 0.02962962962962963
0 0.13229166666666667 0.5819444444444445 0.03229166666666666 0.05648148148148149
0 0.3286458333333333 0.15787037037037038 0.015625 0.030555555555555558
0 0.3497395833333333 0.12407407407407407 0.013020833333333334 0.031481481481481485
0 0.3203125 0.12592592592592594 0.011458333333333333 0.02962962962962963
0 0.36640625 0.12222222222222223 0.011979166666666666 0.02777777777777778
0 0.2565104166666667 0.13796296296296298 0.011979166666666666 0.024074074074074074
0 0.33541666666666664 0.11990740740740741 0.0125 0.028703703703703703
0 0.42916666666666664 0.16527777777777777 0.015625 0.032407407407407406
0 0.42421875 0.19490740740740742 0.015104166666666667 0.03425925925925926
0 0.4440104166666667 0.1125 0.011979166666666666 0.025
0 0.37057291666666664 0.1462962962962963 0.0140625 0.02962962962962963
0 0.41380208333333335 0.1550925925925926 0.01614583333333333 0.032407407407407406
0 0.24505208333333334 0.22453703703703703 0.013020833333333334 0.02314814814814815
0 0.13802083333333334 0.3527777777777778 0.011458333333333333 0.031481481481481485
0 0.20911458333333333 0.13472222222222222 0.0109375 0.019444444444444445
0 0.3536458333333333 0.1865740740740741 0.011458333333333333 0.025
0 0.38359375 0.1375 0.011979166666666666 0.028703703703703703
