0 0.5260416666666666 0.19351851851851853 0.014583333333333334 0.02962962962962963
0 0.5674479166666666 0.23425925925925928 0.0171875 0.037037037037037035
0 0.5997395833333333 0.2175925925925926 0.0171875 0.03888888888888889
0 0.9125 0.2990740740740741 0.022916666666666665 0.04259259259259259
0 0.69375 0.32731481481481484 0.022916666666666665 0.05462962962962963
0 0.27369791666666665 0.1912037037037037 0.0171875 0.036111111111111115
0 0.48932291666666666 0.3 0.0203125 0.04259259259259259
0 0.1375 0.22592592592592595 0.015625 0.031481481481481485
0 0.6283854166666667 0.2953703703703704 0.0234375 0.05185185185185186
0 0.7635416666666667 0.38472222222222224 0.022916666666666665 0.04537037037037037
0 0.49322916666666666 0.16064814814814815 0.013541666666666667 0.032407407407407406
0 0.17239583333333333 0.17222222222222222 0.015625 0.031481481481481485
0 0.42526041666666664 0.27222222222222225 0.0171875 0.03518518518518519
0 0.9763020833333333 0.34351851851851856 0.027604166666666666 0.05555555555555556
0 0.3208333333333333 0.21342592592592594 0.016666666666666666 0.030555555555555558
0 0.34375 0.21944444444444444 0.014583333333333334 0.02962962962962963
0 0.28880208333333335 0.20231481481481484 0.015104166666666667 0.032407407407407406
0 0.7721354166666666 0.4101851851851852 0.022395833333333334 0.04259259259259259
0 0.12994791666666666 0.375462962962963 0.021354166666666667 0.036111111111111115
0 0.41953124999999997 0.1912037037037037 0.01614583333333333 0.030555555555555558
0 0.4075520833333333 0.14212962962962963 0.011979166666666666 0.026851851851851852
0 0.19635416666666666 0.17222222222222222 0.015625 0.031481481481481485
0 0.4315104166666667 0.15694444444444444 0.015104166666666667 0.032407407407407406
0 0.25677083333333334 0.16805555555555557 0.017708333333333333 0.028703703703703703
0 0.40078125 0.21481481481481482 0.01614583333333333 0.03333333333333333
0 0.32135416666666666 0.31712962962962965 0.01875 0.04166666666666667
0 0.37395833333333334 0.16342592592592592 0.010416666666666666 0.017592592592592594
0 0.4479166666666667 0.13842592592592592 0.013541666666666667 0.028703703703703703
0 0.1875 0.23194444444444445 0.017708333333333333 0.03796296296296296
0 0.48854166666666665 0.21712962962962964 0.014583333333333334 0.03796296296296296
0 0.16770833333333332 0.18935185185185185 0.015625 0.028703703703703703
0 0.22526041666666666 0.20972222222222223 0.0203125 0.03425925925925926
0 0.38255208333333335 0.2125 0.01614583333333333 0.036111111111111115
0 0.3609375 0.23194444444444445 0.016666666666666666 0.032407407407407406
0 0.2453125 0.16342592592592592 0.013541666666666667 0.026851851851851852
0 0.46901041666666665 0.1925925925925926 0.015104166666666667 0.03333333333333333
0 0.43723958333333335 0.22916666666666669 0.01614583333333333 0.032407407407407406
0 0.19973958333333333 0.16527777777777777 0.0140625 0.030555555555555558
0 0.4236979166666667 0.22175925925925927 0.015104166666666667 0.032407407407407406
0 0.3015625 0.17037037037037037 0.013541666666666667 0.02777777777777778
0 0.3223958333333333 0.14351851851851852 0.0125 0.02777777777777778
0 0.4080729166666667 0.18796296296296297 0.015104166666666667 0.031481481481481485
0 0.34479166666666666 0.15185185185185185 0.013541666666666667 0.02777777777777778
0 0.31484375 0.18333333333333335 0.015104166666666667 0.031481481481481485
0 0.31015625 0.15555555555555556 0.011979166666666666 0.024074074074074074
0 0.33489583333333334 0.14814814814814814 0.011458333333333333 0.02592592592592593
0 0.28072916666666664 0.26296296296296295 0.013541666666666667 0.031481481481481485
0 0.3372395833333333 0.19351851851851853 0.013020833333333334 0.024074074074074074
0 0.39739583333333334 0.17083333333333334 0.010416666666666666 0.02314814814814815
0 0.37916666666666665 0.1486111111111111 0.013541666666666667 0.019444444444444445
0 0.44505208333333335 0.15092592592592594 0.008854166666666666 0.02777777777777778
0 0.34296875 0.16435185185185186 0.011979166666666666 0.02314814814814815
