0 0.6166666666666667 0.19351851851851853 0.01875 0.040740740740740744
0 0.6541666666666667 0.1912037037037037 0.016666666666666666 0.036111111111111115
0 0.2828125 0.1675925925925926 0.016666666666666666 0.03333333333333333
0 0.4786458333333333 0.15462962962962964 0.015625 0.031481481481481485
0 0.5510416666666667 0.1902777777777778 0.015625 0.036111111111111115
0 0.13072916666666667 0.17685185185185187 0.01875 0.031481481481481485
0 0.48593749999999997 0.4708333333333333 0.020833333333333332 0.05277777777777778
0 0.26796875 0.14444444444444446 0.019270833333333334 0.02962962962962963
0 0.21901041666666665 0.1574074074074074 0.01614583333333333 0.031481481481481485
0 0.5059895833333333 0.28425925925925927 0.019270833333333334 0.05
0 0.8471354166666667 0.28240740740740744 0.0234375 0.053703703703703705
0 0.7208333333333333 0.25092592592592594 0.020833333333333332 0.04259259259259259
0 0.23333333333333334 0.1865740740740741 0.019791666666666666 0.03796296296296296
0 0.51875 0.5064814814814815 0.02395833333333333 0.05555555555555556
0 0.18723958333333332 0.1476851851851852 0.011979166666666666 0.026851851851851852
0 0.6880208333333333 0.2925925925925926 0.01875 0.040740740740740744
0 0.5239583333333333 0.17546296296296296 0.014583333333333334 0.03425925925925926
0 0.49140625 0.13472222222222222 0.011979166666666666 0.032407407407407406
0 0.20442708333333334 0.1564814814814815 0.015104166666666667 0.02777777777777778
0 0.19140625 0.2601851851851852 0.018229166666666668 0.03518518518518519
0 0.3065104166666667 0.17731481481481481 0.0140625 0.032407407407407406
0 0.39348958333333334 0.18333333333333335 0.018229166666666668 0.03518518518518519
0 0.35625 0.24166666666666667 0.017708333333333333 0.03888888888888889
0 0.5109375 0.17685185185185187 0.013541666666666667 0.031481481481481485
0 0.45625 0.12222222222222223 0.013541666666666667 0.02777777777777778
0 0.10885416666666667 0.6291666666666667 0.0375 0.0712962962962963
0 0.33098958333333334 0.19305555555555556 0.0171875 0.030555555555555558
0 0.3919270833333333 0.13425925925925927 0.01614583333333333 0.02962962962962963
0 0.43984375 0.2555555555555556 0.0203125 0.044444444444444446
0 0.3424479166666667 0.22361111111111112 0.01614583333333333 0.036111111111111115
0 0.45416666666666666 0.2013888888888889 0.01875 0.03796296296296296
0 0.4388020833333333 0.1925925925925926 0.01614583333333333 0.037037037037037035
0 0.42135416666666664 0.19398148148148148 0.014583333333333334 0.032407407407407406
0 0.31197916666666664 0.14444444444444446 0.0125 0.02777777777777778
0 0.41510416666666666 0.1212962962962963 0.0125 0.02777777777777778
0 0.3390625 0.12175925925925926 0.013541666666666667 0.028703703703703703
0 0.2557291666666667 0.14027777777777778 0.0125 0.025
0 0.3651041666666667 0.2050925925925926 0.016666666666666666 0.025
0 0.44244791666666666 0.13425925925925927 0.0140625 0.031481481481481485
0 0.3203125 0.1287037037037037 0.011458333333333333 0.031481481481481485
0 0.3484375 0.12546296296296297 0.013541666666666667 0.030555555555555558
0 0.365625 0.12222222222222223 0.011458333333333333 0.024074074074074074
0 0.32734375 0.1587962962962963 0.015104166666666667 0.030555555555555558
0 0.10885416666666667 0.600462962962963 0.03333333333333333 0.05277777777777778
0 0.44375 0.11296296296296297 0.0125 0.02777777777777778
0 0.36875 0.14537037037037037 0.013541666666666667 0.02962962962962963
0 0.4302083333333333 0.16527777777777777 0.016666666666666666 0.032407407407407406
0 0.1359375 0.3550925925925926 0.01875 0.03796296296296296
0 0.9916666666666667 0.3092592592592593 0.01875 0.05740740740740741
0 0.2505208333333333 0.22592592592592595 0.016666666666666666 0.02777777777777778
0 0.41562499999999997 0.16064814814814815 0.014583333333333334 0.030555555555555558
0 0.21145833333333333 0.13703703703703704 0.0125 0.02592592592592593
0 0.35520833333333335 0.18888888888888888 0.0125 0.024074074074074074
0 0.3828125 0.1388888888888889 0.013541666666666667 0.02962962962962963
