0 0.525 0.1925925925925926 0.014583333333333334 0.02777777777777778
0 0.59921875 0.21666666666666667 0.018229166666666668 0.03888888888888889
0 0.27447916666666666 0.19166666666666668 0.016666666666666666 0.03333333333333333
0 0.7466145833333333 0.37962962962962965 0.022395833333333334 0.0462962962962963
0 0.5731770833333333 0.2337962962962963 0.0171875 0.036111111111111115
0 0.6796875 0.32407407407407407 0.022916666666666665 0.05925925925925926
0 0.49296875 0.16018518518518518 0.013020833333333334 0.031481481481481485
0 0.4791666666666667 0.29953703703703705 0.020833333333333332 0.04166666666666667
0 0.13567708333333334 0.22222222222222224 0.0140625 0.031481481481481485
0 0.19557291666666665 0.1736111111111111 0.01614583333333333 0.030555555555555558
0 0.9005208333333333 0.2935185185185185 0.02395833333333333 0.044444444444444446
0 0.6182291666666666 0.28935185185185186 0.021875 0.049074074074074076
0 0.9578125 0.34351851851851856 0.028125 0.053703703703703705
0 0.4908854166666667 0.21342592592592594 0.015104166666666667 0.036111111111111115
0 0.7588541666666666 0.4101851851851852 0.021875 0.0462962962962963
0 0.4231770833333333 0.26990740740740743 0.018229166666666668 0.03796296296296296
0 0.4200520833333333 0.1902777777777778 0.01614583333333333 0.03425925925925926
0 0.31171875 0.3162037037037037 0.018229166666666668 0.04351851851851852
0 0.18072916666666666 0.23101851851851854 0.01875 0.03981481481481482
0 0.17265625 0.18842592592592594 0.015104166666666667 0.028703703703703703
0 0.22578125 0.20740740740740743 0.0203125 0.03333333333333333
0 0.25755208333333335 0.16712962962962963 0.018229166666666668 0.028703703703703703
0 0.12994791666666666 0.375462962962963 0.0203125 0.036111111111111115
0 0.37421875 0.15787037037037038 0.0140625 0.030555555555555558
0 0.38255208333333335 0.21157407407407408 0.015104166666666667 0.036111111111111115
0 0.4010416666666667 0.2138888888888889 0.015625 0.03333333333333333
0 0.3216145833333333 0.21342592592592594 0.0171875 0.030555555555555558
0 0.4341145833333333 0.22824074074074074 0.0171875 0.03425925925925926
0 0.2911458333333333 0.20231481481481484 0.014583333333333334 0.032407407407407406
0 0.4317708333333333 0.15694444444444444 0.014583333333333334 0.03425925925925926
0 0.34348958333333335 0.21666666666666667 0.015104166666666667 0.03333333333333333
0 0.4080729166666667 0.14166666666666666 0.011979166666666666 0.02777777777777778
0 0.4434895833333333 0.15416666666666667 0.013020833333333334 0.028703703703703703
0 0.19973958333333333 0.1638888888888889 0.015104166666666667 0.02962962962962963
0 0.4700520833333333 0.19212962962962965 0.0140625 0.032407407407407406
0 0.27630208333333334 0.2611111111111111 0.0171875 0.031481481481481485
0 0.2453125 0.16203703703703703 0.0125 0.024074074074074074
0 0.3013020833333333 0.17037037037037037 0.0140625 0.02777777777777778
0 0.4005208333333333 0.17314814814814816 0.015625 0.03333333333333333
0 0.325 0.1439814814814815 0.0125 0.026851851851851852
0 0.17239583333333333 0.16944444444444445 0.014583333333333334 0.02592592592592593
0 0.3151041666666667 0.18287037037037038 0.015625 0.032407407407407406
0 0.30755208333333334 0.15462962962962964 0.009895833333333333 0.020370370370370372
0 0.36328125 0.22916666666666669 0.011979166666666666 0.02314814814814815
0 0.3375 0.19490740740740742 0.0125 0.02314814814814815
0 0.45078124999999997 0.13148148148148148 0.0109375 0.024074074074074074
0 0.4067708333333333 0.1800925925925926 0.013541666666666667 0.030555555555555558
0 0.34270833333333334 0.16481481481481483 0.014583333333333334 0.02592592592592593
0 0.34661458333333334 0.14444444444444446 0.0140625 0.02592592592592593
