0 0.6549479166666666 0.18935185185185185 0.01614583333333333 0.036111111111111115
0 0.4783854166666667 0.1550925925925926 0.015104166666666667 0.032407407407407406
0 0.3924479166666667 0.18287037037037038 0.018229166666666668 0.03425925925925926
0 0.5244791666666666 0.17314814814814816 0.014583333333333334 0.031481481481481485
0 0.6171875 0.19305555555555556 0.01875 0.04166666666666667
0 0.5541666666666667 0.18935185185185185 0.015625 0.036111111111111115
0 0.47734375 0.4712962962962963 0.0234375 0.053703703703703705
0 0.19140625 0.25972222222222224 0.019270833333333334 0.03425925925925926
0 0.9869791666666666 0.3106481481481482 0.025 0.05462962962962963
0 0.18723958333333332 0.14722222222222223 0.011979166666666666 0.02777777777777778
0 0.7171875 0.2523148148148148 0.020833333333333332 0.04351851851851852
0 0.2828125 0.16712962962962963 0.015625 0.032407407407407406
0 0.12890625 0.17500000000000002 0.0203125 0.031481481481481485
0 0.8401041666666667 0.28240740740740744 0.022916666666666665 0.05185185185185186
0 0.4348958333333333 0.25416666666666665 0.020833333333333332 0.05092592592592593
0 0.26848958333333334 0.14444444444444446 0.018229166666666668 0.02962962962962963
0 0.6846354166666666 0.2898148148148148 0.019270833333333334 0.04259259259259259
0 0.23359375 0.1851851851851852 0.019270833333333334 0.037037037037037035
0 0.21848958333333332 0.1564814814814815 0.01614583333333333 0.031481481481481485
0 0.45651041666666664 0.12083333333333333 0.0140625 0.028703703703703703
0 0.3067708333333333 0.17685185185185187 0.013541666666666667 0.031481481481481485
0 0.4903645833333333 0.13472222222222222 0.011979166666666666 0.032407407407407406
0 0.35572916666666665 0.24166666666666667 0.017708333333333333 0.03888888888888889
0 0.5005208333333333 0.2791666666666667 0.019791666666666666 0.05462962962962963
0 0.3671875 0.20277777777777778 0.016666666666666666 0.03333333333333333
0 0.45416666666666666 0.2 0.01875 0.03888888888888889
0 0.51171875 0.512962962962963 0.0234375 0.05
0 0.20416666666666666 0.1564814814814815 0.015625 0.02962962962962963
0 0.39088541666666665 0.13472222222222222 0.01614583333333333 0.030555555555555558
0 0.1203125 0.6527777777777778 0.034375 0.06851851851851852
0 0.31223958333333335 0.14305555555555557 0.013020833333333334 0.028703703703703703
0 0.3307291666666667 0.19166666666666668 0.016666666666666666 0.031481481481481485
0 0.4388020833333333 0.19166666666666668 0.01614583333333333 0.037037037037037035
0 0.5106770833333333 0.17685185185185187 0.0140625 0.031481481481481485
0 0.44244791666666666 0.1328703703703704 0.0140625 0.032407407407407406
0 0.3494791666666667 0.12407407407407407 0.013541666666666667 0.031481481481481485
0 0.24791666666666667 0.22546296296296298 0.015625 0.032407407407407406
0 0.4223958333333333 0.19305555555555556 0.014583333333333334 0.032407407407407406
0 0.32005208333333335 0.12685185185185185 0.011979166666666666 0.02962962962962963
0 0.4153645833333333 0.12037037037037038 0.011979166666666666 0.02777777777777778
0 0.2565104166666667 0.13796296296296298 0.013020833333333334 0.024074074074074074
0 0.33958333333333335 0.2212962962962963 0.017708333333333333 0.040740740740740744
0 0.3375 0.12037037037037038 0.011458333333333333 0.02777777777777778
0 0.4153645833333333 0.1587962962962963 0.015104166666666667 0.030555555555555558
0 0.42916666666666664 0.1638888888888889 0.015625 0.031481481481481485
0 0.36614583333333334 0.12268518518518519 0.0125 0.025
0 0.36953125 0.1449074074074074 0.0140625 0.028703703703703703
0 0.32838541666666665 0.15694444444444444 0.015104166666666667 0.032407407407407406
0 0.44375 0.1125 0.0125 0.026851851851851852
0 0.3828125 0.13842592592592592 0.011458333333333333 0.026851851851851852
0 0.3536458333333333 0.19212962962962965 0.013541666666666667 0.025
0 0.21276041666666667 0.1375 0.015104166666666667 0.026851851851851852
0 0.14375 0.3527777777777778 0.01875 0.03518518518518519
0 0.12265625 0.5972222222222222 0.0359375 0.05740740740740741
