0 0.53046875 0.19490740740740742 0.0140625 0.028703703703703703
0 0.16328125 0.19074074074074074 0.01614583333333333 0.02962962962962963
0 0.559375 0.23796296296296296 0.015625 0.03518518518518519
0 0.4940104166666667 0.16064814814814815 0.013020833333333334 0.030555555555555558
0 0.14140625 0.2300925925925926 0.018229166666666668 0.032407407407407406
0 0.71796875 0.32962962962962966 0.024479166666666666 0.05925925925925926
0 0.6494791666666666 0.29120370370370374 0.02395833333333333 0.05092592592592593
0 0.6015625 0.2199074074074074 0.015625 0.03981481481481482
0 0.17239583333333333 0.17037037037037037 0.014583333333333334 0.02962962962962963
0 0.796875 0.39583333333333337 0.02395833333333333 0.049074074074074076
0 0.9367187499999999 0.3074074074074074 0.021354166666666667 0.04259259259259259
0 0.48333333333333334 0.21805555555555556 0.016666666666666666 0.03425925925925926
0 0.5067708333333333 0.30833333333333335 0.021875 0.044444444444444446
0 0.4302083333333333 0.2726851851851852 0.017708333333333333 0.03796296296296296
0 0.3419270833333333 0.21944444444444444 0.0171875 0.03518518518518519
0 0.40078125 0.21481481481481482 0.01614583333333333 0.03333333333333333
0 0.4067708333333333 0.14351851851851852 0.0125 0.02777777777777778
0 0.28802083333333334 0.20277777777777778 0.015625 0.031481481481481485
0 0.2 0.23703703703703705 0.017708333333333333 0.037037037037037035
0 0.46588541666666666 0.1912037037037037 0.015104166666666667 0.03425925925925926
0 0.42343749999999997 0.22453703703703703 0.01875 0.036111111111111115
0 0.31979166666666664 0.21203703703703705 0.017708333333333333 0.031481481481481485
0 0.44375 0.15231481481481482 0.013541666666666667 0.028703703703703703
0 0.2700520833333333 0.19398148148148148 0.01614583333333333 0.030555555555555558
0 0.4192708333333333 0.19166666666666668 0.016666666666666666 0.03333333333333333
0 0.19635416666666666 0.17962962962962964 0.013541666666666667 0.02777777777777778
0 0.7947916666666667 0.37592592592592594 0.022916666666666665 0.040740740740740744
0 0.4322916666666667 0.15833333333333333 0.014583333333333334 0.03333333333333333
0 0.12890625 0.3763888888888889 0.0203125 0.036111111111111115
0 0.44296874999999997 0.22962962962962963 0.01614583333333333 0.037037037037037035
0 0.3013020833333333 0.17083333333333334 0.0140625 0.028703703703703703
0 0.25885416666666666 0.16898148148148148 0.015625 0.028703703703703703
0 0.36276041666666664 0.23333333333333334 0.01614583333333333 0.031481481481481485
0 0.20052083333333334 0.16435185185185186 0.013541666666666667 0.028703703703703703
0 0.22604166666666667 0.20833333333333334 0.01875 0.03333333333333333
0 0.38229166666666664 0.21064814814814817 0.015625 0.036111111111111115
0 0.36744791666666665 0.1587962962962963 0.0140625 0.030555555555555558
0 0.2755208333333333 0.18842592592592594 0.015625 0.030555555555555558
0 0.24687499999999998 0.16527777777777777 0.013541666666666667 0.026851851851851852
0 0.4075520833333333 0.1875 0.015104166666666667 0.030555555555555558
0 0.34479166666666666 0.14814814814814814 0.013541666666666667 0.02777777777777778
0 0.3770833333333333 0.15925925925925927 0.015625 0.031481481481481485
0 0.3151041666666667 0.1837962962962963 0.016666666666666666 0.032407407407407406
0 0.3411458333333333 0.15972222222222224 0.0125 0.026851851851851852
0 0.49322916666666666 0.20185185185185187 0.0125 0.031481481481481485
0 0.31744791666666666 0.1439814814814815 0.013020833333333334 0.026851851851851852
0 0.28515625 0.2625 0.013020833333333334 0.026851851851851852
0 0.3106770833333333 0.1527777777777778 0.013020833333333334 0.02777777777777778
0 0.3338541666666667 0.15 0.0125 0.02777777777777778
0 0.3828125 0.15324074074074073 0.011458333333333333 0.019444444444444445
0 0.4518229166666667 0.13564814814814816 0.013020833333333334 0.030555555555555558
0 0.3377604166666667 0.1953703703703704 0.013020833333333334 0.022222222222222223
0 0.39765625 0.1675925925925926 0.0109375 0.024074074074074074
0 0.33932291666666664 0.31851851851851853 0.01614583333333333 0.02777777777777778
