0 0.1375 0.1912037037037037 0.0125 0.03425925925925926
0 0.6161458333333333 0.20416666666666666 0.019791666666666666 0.04166666666666667
0 0.5375 0.2976851851851852 0.020833333333333332 0.05462962962962963
0 0.6377604166666666 0.20324074074074075 0.01614583333333333 0.036111111111111115
0 0.4940104166666667 0.1425925925925926 0.011979166666666666 0.031481481481481485
0 0.28020833333333334 0.17546296296296296 0.017708333333333333 0.032407407407407406
0 0.23098958333333333 0.19490740740740742 0.0203125 0.03796296296296296
0 0.896875 0.2962962962962963 0.02395833333333333 0.05185185185185186
0 0.47161458333333334 0.16574074074074074 0.015104166666666667 0.031481481481481485
0 0.18229166666666666 0.1574074074074074 0.0125 0.02777777777777778
0 0.7421875 0.3055555555555556 0.022916666666666665 0.044444444444444446
0 0.5049479166666666 0.18611111111111112 0.015104166666666667 0.03333333333333333
0 0.44869791666666664 0.20972222222222223 0.019270833333333334 0.036111111111111115
0 0.30546875 0.18888888888888888 0.0140625 0.02962962962962963
0 0.21666666666666667 0.1675925925925926 0.016666666666666666 0.03518518518518519
0 0.5328125 0.44722222222222224 0.021875 0.053703703703703705
0 0.5546875 0.4810185185185185 0.02395833333333333 0.05092592592592593
0 0.7416666666666667 0.26342592592592595 0.019791666666666666 0.03796296296296296
0 0.3893229166666667 0.14212962962962963 0.0140625 0.028703703703703703
0 0.3768229166666667 0.25787037037037036 0.0203125 0.04166666666666667
0 0.3921875 0.19675925925925927 0.017708333333333333 0.03796296296296296
0 0.20026041666666666 0.16712962962962963 0.01614583333333333 0.030555555555555558
0 0.4122395833333333 0.13101851851851853 0.011979166666666666 0.026851851851851852
0 0.4796875 0.274537037037037 0.013541666666666667 0.032407407407407406
0 0.02265625 0.6814814814814815 0.0390625 0.07777777777777778
0 0.45234375 0.1300925925925926 0.013020833333333334 0.028703703703703703
0 0.3796875 0.14212962962962963 0.014583333333333334 0.032407407407407406
0 0.26666666666666666 0.1537037037037037 0.014583333333333334 0.02592592592592593
0 0.3078125 0.15324074074074073 0.014583333333333334 0.028703703703703703
0 0.19661458333333334 0.2777777777777778 0.018229166666666668 0.037037037037037035
0 0.32786458333333335 0.20185185185185187 0.0171875 0.03333333333333333
0 0.5294270833333333 0.19490740740740742 0.01614583333333333 0.036111111111111115
0 0.31744791666666666 0.13796296296296298 0.013020833333333334 0.02962962962962963
0 0.40963541666666664 0.16666666666666669 0.01614583333333333 0.03518518518518519
0 0.4348958333333333 0.2013888888888889 0.016666666666666666 0.03796296296296296
0 0.25807291666666665 0.23935185185185187 0.019270833333333334 0.03425925925925926
0 0.43906249999999997 0.14305555555555557 0.013541666666666667 0.032407407407407406
0 0.2559895833333333 0.1513888888888889 0.0171875 0.030555555555555558
0 0.35520833333333335 0.1300925925925926 0.013541666666666667 0.025
0 0.34453125 0.13333333333333333 0.0140625 0.02962962962962963
0 0.44166666666666665 0.12175925925925926 0.0125 0.028703703703703703
0 0.4161458333333333 0.20462962962962963 0.016666666666666666 0.03333333333333333
0 0.35885416666666664 0.15046296296296297 0.013541666666666667 0.028703703703703703
0 0.3229166666666667 0.1675925925925926 0.015625 0.02962962962962963
0 0.13333333333333333 0.36574074074074076 0.01875 0.03333333333333333
0 0.36041666666666666 0.20925925925925926 0.01875 0.03518518518518519
0 0.42552083333333335 0.17500000000000002 0.016666666666666666 0.03518518518518519
0 0.20755208333333333 0.14814814814814814 0.0140625 0.02592592592592593
0 0.3677083333333333 0.2388888888888889 0.017708333333333333 0.03518518518518519
0 0.12578125 0.18842592592592594 0.013020833333333334 0.026851851851851852
0 0.34869791666666666 0.19953703703703704 0.0140625 0.026851851851851852
0 0.027083333333333334 0.6430555555555556 0.03125 0.0638888888888889
