0 0.5283854166666666 0.19351851851851853 0.0140625 0.02777777777777778
0 0.9263020833333333 0.3037037037037037 0.0234375 0.0462962962962963
0 0.5630208333333333 0.23611111111111113 0.016666666666666666 0.037037037037037035
0 0.7080729166666666 0.33194444444444443 0.0234375 0.06018518518518519
0 0.4934895833333333 0.16064814814814815 0.013020833333333334 0.030555555555555558
0 0.6005208333333333 0.21805555555555556 0.016666666666666666 0.03796296296296296
0 0.6403645833333333 0.2939814814814815 0.0234375 0.05092592592592593
0 0.1640625 0.18981481481481483 0.016666666666666666 0.031481481481481485
0 0.13958333333333334 0.22916666666666669 0.016666666666666666 0.030555555555555558
0 0.48385416666666664 0.2175925925925926 0.016666666666666666 0.03518518518518519
0 0.17265625 0.1712962962962963 0.015104166666666667 0.02962962962962963
0 0.7856770833333333 0.4078703703703704 0.0234375 0.04351851851851852
0 0.4981770833333333 0.3078703703703704 0.0203125 0.04351851851851852
0 0.2877604166666667 0.20231481481481484 0.015104166666666667 0.030555555555555558
0 0.4067708333333333 0.14351851851851852 0.0125 0.02777777777777778
0 0.19453125 0.2351851851851852 0.0203125 0.037037037037037035
0 0.7807291666666667 0.38287037037037036 0.021875 0.04351851851851852
0 0.3424479166666667 0.22037037037037038 0.0171875 0.03333333333333333
0 0.32005208333333335 0.21296296296296297 0.0171875 0.031481481481481485
0 0.26901041666666664 0.19907407407407407 0.0171875 0.03333333333333333
0 0.3609375 0.23287037037037037 0.016666666666666666 0.03425925925925926
0 0.40078125 0.21481481481481482 0.01614583333333333 0.03333333333333333
0 0.4270833333333333 0.27314814814814814 0.017708333333333333 0.037037037037037035
0 0.1296875 0.37592592592592594 0.020833333333333332 0.037037037037037035
0 0.4317708333333333 0.15833333333333333 0.014583333333333334 0.03333333333333333
0 0.19479166666666667 0.1763888888888889 0.014583333333333334 0.028703703703703703
0 0.4401041666666667 0.2300925925925926 0.016666666666666666 0.03796296296296296
0 0.2 0.16296296296296298 0.014583333333333334 0.02777777777777778
0 0.3828125 0.21203703703703705 0.015625 0.037037037037037035
0 0.4236979166666667 0.22361111111111112 0.0171875 0.036111111111111115
0 0.46796875 0.19212962962962965 0.01614583333333333 0.036111111111111115
0 0.22578125 0.20925925925925926 0.0203125 0.03518518518518519
0 0.4200520833333333 0.19166666666666668 0.01614583333333333 0.031481481481481485
0 0.30052083333333335 0.17222222222222222 0.0125 0.02592592592592593
0 0.49140625 0.19907407407407407 0.011979166666666666 0.031481481481481485
0 0.9901041666666667 0.3453703703703704 0.019791666666666666 0.05925925925925926
0 0.31927083333333334 0.14444444444444446 0.0125 0.02777777777777778
0 0.3450520833333333 0.15092592592592594 0.0140625 0.02962962962962963
0 0.3145833333333333 0.18425925925925926 0.014583333333333334 0.031481481481481485
0 0.3966145833333333 0.17500000000000002 0.011979166666666666 0.02777777777777778
0 0.27708333333333335 0.18333333333333335 0.0125 0.02592592592592593
0 0.3372395833333333 0.1486111111111111 0.013020833333333334 0.02314814814814815
0 0.3419270833333333 0.16435185185185186 0.0078125 0.017592592592592594
0 0.3098958333333333 0.1574074074074074 0.0125 0.02777777777777778
0 0.34140625 0.19583333333333333 0.015104166666666667 0.021296296296296296
0 0.38125 0.14953703703703705 0.008333333333333333 0.017592592592592594
0 0.36875 0.16064814814814815 0.014583333333333334 0.030555555555555558
0 0.375 0.16712962962962963 0.010416666666666666 0.026851851851851852
0 0.4510416666666667 0.1328703703703704 0.009375 0.021296296296296296
0 0.44479166666666664 0.14444444444444446 0.011458333333333333 0.024074074074074074
0 0.28463541666666664 0.2652777777777778 0.01614583333333333 0.030555555555555558
0 0.33203125 0.31203703703703706 0.0171875 0.024074074074074074
0 0.24505208333333334 0.16481481481481483 0.015104166666666667 0.02962962962962963
0 0.2578125 0.16574074074074074 0.009375 0.024074074074074074
0 0.4075520833333333 0.18333333333333335 0.0078125 0.02962962962962963
