0 0.6169270833333333 0.19675925925925927 0.019270833333333334 0.03981481481481482
0 0.6497395833333334 0.19398148148148148 0.0171875 0.036111111111111115
0 0.5411458333333333 0.1925925925925926 0.015625 0.03518518518518519
0 0.13229166666666667 0.1814814814814815 0.017708333333333333 0.03518518518518519
0 0.5015625 0.45740740740740743 0.022916666666666665 0.053703703703703705
0 0.18619791666666666 0.14953703703703705 0.013020833333333334 0.028703703703703703
0 0.23229166666666667 0.18888888888888888 0.019791666666666666 0.03888888888888889
0 0.30625 0.17962962962962964 0.013541666666666667 0.02962962962962963
0 0.8635416666666667 0.2833333333333333 0.02395833333333333 0.04814814814814815
0 0.2817708333333333 0.17083333333333334 0.015625 0.032407407407407406
0 0.7083333333333334 0.2939814814814815 0.021875 0.04537037037037037
0 0.47630208333333335 0.1587962962962963 0.015104166666666667 0.032407407407407406
0 0.7294270833333333 0.25416666666666665 0.019270833333333334 0.03796296296296296
0 0.45286458333333335 0.20416666666666666 0.018229166666666668 0.03796296296296296
0 0.5174479166666667 0.28750000000000003 0.0203125 0.05462962962962963
0 0.41484375 0.12407407407407407 0.013020833333333334 0.02777777777777778
0 0.3296875 0.19583333333333333 0.016666666666666666 0.032407407407407406
0 0.5333333333333333 0.49444444444444446 0.025 0.05555555555555556
0 0.078125 0.649537037037037 0.036458333333333336 0.06574074074074074
0 0.39375 0.18842592592592594 0.016666666666666666 0.03425925925925926
0 0.39088541666666665 0.13657407407407407 0.01614583333333333 0.028703703703703703
0 0.19114583333333332 0.26435185185185184 0.017708333333333333 0.036111111111111115
0 0.4934895833333333 0.13703703703703704 0.011979166666666666 0.031481481481481485
0 0.45546875 0.12453703703703704 0.0140625 0.028703703703703703
0 0.36276041666666664 0.24583333333333335 0.019270833333333334 0.04166666666666667
0 0.07838541666666667 0.6166666666666667 0.03697916666666667 0.05555555555555556
0 0.52421875 0.17777777777777778 0.015104166666666667 0.03333333333333333
0 0.5111979166666667 0.1800925925925926 0.013020833333333334 0.030555555555555558
0 0.44140625 0.13703703703703704 0.0140625 0.03333333333333333
0 0.44244791666666666 0.11574074074074074 0.013020833333333334 0.02777777777777778
0 0.26640625 0.14722222222222223 0.0171875 0.02962962962962963
0 0.4375 0.19583333333333333 0.016666666666666666 0.03796296296296296
0 0.34765625 0.12685185185185185 0.0140625 0.031481481481481485
0 0.36223958333333334 0.20740740740740743 0.018229166666666668 0.03518518518518519
0 0.3265625 0.1615740740740741 0.014583333333333334 0.030555555555555558
0 0.31979166666666664 0.13148148148148148 0.011458333333333333 0.02962962962962963
0 0.34791666666666665 0.22962962962962963 0.016666666666666666 0.037037037037037035
0 0.36276041666666664 0.12314814814814816 0.0109375 0.022222222222222223
0 0.3106770833333333 0.1476851851851852 0.013020833333333334 0.028703703703703703
0 0.4278645833333333 0.16712962962962963 0.015104166666666667 0.030555555555555558
0 0.3638020833333333 0.1462962962962963 0.011979166666666666 0.02962962962962963
0 0.45416666666666666 0.2569444444444445 0.022916666666666665 0.05092592592592593
0 0.2578125 0.1449074074074074 0.015625 0.026851851851851852
0 0.4127604166666667 0.1587962962962963 0.01614583333333333 0.03425925925925926
0 0.41875 0.1953703703703704 0.015625 0.031481481481481485
0 0.38177083333333334 0.14027777777777778 0.016666666666666666 0.030555555555555558
0 0.13932291666666666 0.35879629629629634 0.0171875 0.030555555555555558
0 0.25807291666666665 0.2337962962962963 0.0140625 0.028703703703703703
0 0.21171874999999998 0.14212962962962963 0.013020833333333334 0.02314814814814815
0 0.2203125 0.15833333333333333 0.015625 0.018518518518518517
0 0.20208333333333334 0.16064814814814815 0.013541666666666667 0.025
0 0.35234375 0.19074074074074074 0.013020833333333334 0.02962962962962963
