0 0.6184895833333334 0.1875 0.018229166666666668 0.04351851851851852
0 0.7794270833333333 0.29953703703703705 0.028645833333333332 0.049074074074074076
0 0.278125 0.6833333333333333 0.0375 0.06481481481481481
0 0.24479166666666666 0.6296296296296297 0.029166666666666667 0.07222222222222223
0 0.08880208333333334 0.15555555555555556 0.01614583333333333 0.03333333333333333
0 0.7044270833333334 0.25787037037037036 0.021354166666666667 0.04722222222222222
0 0.18515625 0.13703703703703704 0.01614583333333333 0.02962962962962963
0 0.68046875 0.17916666666666667 0.0140625 0.03796296296296296
0 0.5466145833333333 0.1851851851851852 0.015104166666666667 0.031481481481481485
0 0.10625 0.16990740740740742 0.014583333333333334 0.030555555555555558
0 0.46484375 0.15 0.01614583333333333 0.03333333333333333
0 0.22473958333333333 0.14583333333333334 0.01614583333333333 0.032407407407407406
0 0.48828125 0.12962962962962962 0.011979166666666666 0.03333333333333333
0 0.5276041666666667 0.1685185185185185 0.014583333333333334 0.031481481481481485
0 0.28359375 0.15694444444444444 0.0171875 0.032407407407407406
0 0.3614583333333333 0.500462962962963 0.022916666666666665 0.05092592592592593
0 0.5481770833333334 0.25925925925925924 0.019270833333333334 0.040740740740740744
0 0.45468749999999997 0.1953703703703704 0.016666666666666666 0.03518518518518519
0 0.49114583333333334 0.16990740740740742 0.014583333333333334 0.032407407407407406
0 0.23411458333333332 0.17685185185185187 0.0171875 0.03518518518518519
0 0.36041666666666666 0.26342592592592595 0.016666666666666666 0.04537037037037037
0 0.32734375 0.22824074074074074 0.0234375 0.04351851851851852
0 0.3703125 0.19583333333333333 0.01875 0.03796296296296296
0 0.3072916666666667 0.16990740740740742 0.016666666666666666 0.03425925925925926
0 0.25390625 0.13055555555555556 0.013020833333333334 0.02592592592592593
0 0.2716145833333333 0.13518518518518519 0.015104166666666667 0.02777777777777778
0 0.30390625 0.20555555555555557 0.0171875 0.03518518518518519
0 0.43046875 0.15694444444444444 0.0140625 0.030555555555555558
0 0.44166666666666665 0.18333333333333335 0.015625 0.037037037037037035
0 0.44244791666666666 0.11666666666666667 0.0140625 0.02962962962962963
0 0.31328125 0.13333333333333333 0.015104166666666667 0.02962962962962963
0 0.3890625 0.1712962962962963 0.01875 0.037037037037037035
0 0.4145833333333333 0.11111111111111112 0.011458333333333333 0.02777777777777778
0 0.3489583333333333 0.1125 0.013541666666666667 0.030555555555555558
0 0.13854166666666667 0.34490740740740744 0.021875 0.03981481481481482
0 0.20625 0.15 0.014583333333333334 0.02962962962962963
0 0.21067708333333332 0.12916666666666668 0.015104166666666667 0.028703703703703703
0 0.42265625 0.18796296296296297 0.01614583333333333 0.02962962962962963
0 0.3307291666666667 0.17962962962962964 0.016666666666666666 0.02962962962962963
0 0.33229166666666665 0.10833333333333334 0.013541666666666667 0.02777777777777778
0 0.39609375 0.12314814814814816 0.013020833333333334 0.02777777777777778
0 0.3546875 0.18333333333333335 0.015625 0.03333333333333333
0 0.41432291666666665 0.14953703703703705 0.0140625 0.030555555555555558
0 0.45546875 0.11203703703703705 0.0140625 0.02962962962962963
0 0.37083333333333335 0.13703703703703704 0.0125 0.031481481481481485
0 0.36041666666666666 0.11342592592592593 0.013541666666666667 0.030555555555555558
0 0.32890625 0.14675925925925926 0.0140625 0.030555555555555558
0 0.3854166666666667 0.13194444444444445 0.0125 0.028703703703703703
0 0.31927083333333334 0.11620370370370371 0.0125 0.028703703703703703
0 0.20520833333333333 0.3662037037037037 0.009375 0.02314814814814815
0 0.25 0.22222222222222224 0.017708333333333333 0.037037037037037035
0 0.6692708333333334 0.3125 0.020833333333333332 0.03981481481481482
0 0.35703125 0.4740740740740741 0.0234375 0.03518518518518519
