0 0.6177083333333333 0.1875 0.017708333333333333 0.04166666666666667
0 0.8958333333333334 0.30462962962962964 0.029166666666666667 0.05185185185185186
0 0.4328125 0.5745370370370371 0.028125 0.06759259259259259
0 0.12005208333333334 0.16666666666666669 0.01614583333333333 0.031481481481481485
0 0.6596354166666667 0.17546296296296296 0.0140625 0.03425925925925926
0 0.5565104166666667 0.18611111111111112 0.015104166666666667 0.03518518518518519
0 0.6744791666666666 0.2523148148148148 0.019791666666666666 0.04722222222222222
0 0.22578125 0.5592592592592592 0.030729166666666665 0.053703703703703705
0 0.5322916666666666 0.16990740740740742 0.013541666666666667 0.028703703703703703
0 0.3924479166666667 0.5319444444444444 0.024479166666666666 0.058333333333333334
0 0.18802083333333333 0.14120370370370372 0.013541666666666667 0.028703703703703703
0 0.4770833333333333 0.15 0.014583333333333334 0.03333333333333333
0 0.46041666666666664 0.19675925925925927 0.01875 0.03796296296296296
0 0.3893229166666667 0.24166666666666667 0.022395833333333334 0.04814814814814815
0 0.43385416666666665 0.27222222222222225 0.020833333333333332 0.05185185185185186
0 0.7736979166666667 0.26805555555555555 0.022395833333333334 0.04722222222222222
0 0.33359375 0.2240740740740741 0.021354166666666667 0.04259259259259259
0 0.2838541666666667 0.16203703703703703 0.016666666666666666 0.03333333333333333
0 0.18645833333333334 0.26805555555555555 0.015625 0.030555555555555558
0 0.26901041666666664 0.13842592592592592 0.019270833333333334 0.030555555555555558
0 0.30833333333333335 0.17222222222222222 0.016666666666666666 0.031481481481481485
0 0.35703125 0.11620370370370371 0.015104166666666667 0.030555555555555558
0 0.5018229166666667 0.16944444444444445 0.013020833333333334 0.03333333333333333
0 0.221875 0.1537037037037037 0.016666666666666666 0.03333333333333333
0 0.4453125 0.1865740740740741 0.015625 0.032407407407407406
0 0.4861979166666667 0.13240740740740742 0.011979166666666666 0.031481481481481485
0 0.23619791666666667 0.17916666666666667 0.0203125 0.036111111111111115
0 0.4153645833333333 0.11527777777777778 0.011979166666666666 0.026851851851851852
0 0.4583333333333333 0.11527777777777778 0.013541666666666667 0.028703703703703703
0 0.39296875 0.1763888888888889 0.018229166666666668 0.03425925925925926
0 0.32109375 0.11712962962962964 0.015104166666666667 0.028703703703703703
0 0.6140625 0.27685185185185185 0.016666666666666666 0.040740740740740744
0 0.21744791666666666 0.5296296296296297 0.030729166666666665 0.05185185185185186
0 0.2559895833333333 0.13472222222222222 0.011979166666666666 0.026851851851851852
0 0.44140625 0.12361111111111112 0.013020833333333334 0.030555555555555558
0 0.1359375 0.34861111111111115 0.020833333333333332 0.04351851851851852
0 0.20651041666666667 0.15092592592592594 0.0140625 0.02962962962962963
0 0.33151041666666664 0.18425925925925926 0.018229166666666668 0.03333333333333333
0 0.3296875 0.1537037037037037 0.016666666666666666 0.031481481481481485
0 0.4302083333333333 0.15972222222222224 0.015625 0.030555555555555558
0 0.3716145833333333 0.19907407407407407 0.0203125 0.037037037037037035
0 0.3541666666666667 0.18425925925925926 0.017708333333333333 0.037037037037037035
0 0.37395833333333334 0.13935185185185187 0.013541666666666667 0.030555555555555558
0 0.4263020833333333 0.19490740740740742 0.01614583333333333 0.030555555555555558
0 0.39088541666666665 0.13611111111111113 0.01614583333333333 0.03333333333333333
0 0.4458333333333333 0.10972222222222222 0.0125 0.028703703703703703
0 0.31588541666666664 0.13842592592592592 0.0140625 0.026851851851851852
0 0.21171874999999998 0.1375 0.0140625 0.032407407407407406
0 0.41640625 0.1564814814814815 0.01614583333333333 0.037037037037037035
0 0.24375 0.2189814814814815 0.019791666666666666 0.026851851851851852
0 0.39739583333333334 0.12314814814814816 0.009375 0.02592592592592593
0 0.3677083333333333 0.1125 0.014583333333333334 0.036111111111111115
