0 0.23333333333333334 0.7060185185185186 0.035416666666666666 0.07314814814814816
0 0.6184895833333334 0.18842592592592594 0.018229166666666668 0.04351851851851852
0 0.10494791666666667 0.16990740740740742 0.0140625 0.030555555555555558
0 0.19375 0.6578703703703704 0.030208333333333334 0.07314814814814816
0 0.08151041666666667 0.16018518518518518 0.01614583333333333 0.03518518518518519
0 0.28411458333333334 0.16064814814814815 0.0171875 0.036111111111111115
0 0.75 0.30462962962962964 0.027083333333333334 0.04814814814814815
0 0.18541666666666667 0.1388888888888889 0.015625 0.02962962962962963
0 0.6895833333333333 0.25833333333333336 0.01875 0.044444444444444446
0 0.48932291666666666 0.12916666666666668 0.011979166666666666 0.032407407407407406
0 0.68515625 0.1800925925925926 0.0140625 0.036111111111111115
0 0.5260416666666666 0.17037037037037037 0.014583333333333334 0.02962962962962963
0 0.2265625 0.14583333333333334 0.015625 0.028703703703703703
0 0.54765625 0.18611111111111112 0.01614583333333333 0.031481481481481485
0 0.39479166666666665 0.4953703703703704 0.029166666666666667 0.053703703703703705
0 0.23411458333333332 0.1763888888888889 0.019270833333333334 0.03425925925925926
0 0.4908854166666667 0.1712962962962963 0.013020833333333334 0.031481481481481485
0 0.3703125 0.19814814814814816 0.019791666666666666 0.03888888888888889
0 0.34010416666666665 0.26296296296296295 0.01875 0.05185185185185186
0 0.5369791666666667 0.25416666666666665 0.017708333333333333 0.03796296296296296
0 0.2713541666666667 0.13657407407407407 0.014583333333333334 0.026851851851851852
0 0.4427083333333333 0.11527777777777778 0.014583333333333334 0.028703703703703703
0 0.4609375 0.14814814814814814 0.015625 0.03333333333333333
0 0.3072916666666667 0.17222222222222222 0.015625 0.03333333333333333
0 0.38958333333333334 0.1736111111111111 0.01875 0.03425925925925926
0 0.45625 0.19444444444444445 0.015625 0.037037037037037035
0 0.20598958333333334 0.15092592592592594 0.0140625 0.02962962962962963
0 0.4145833333333333 0.1125 0.011458333333333333 0.026851851851851852
0 0.4419270833333333 0.18472222222222223 0.0171875 0.03796296296296296
0 0.43072916666666666 0.15833333333333333 0.014583333333333334 0.02962962962962963
0 0.35494791666666664 0.1824074074074074 0.0171875 0.040740740740740744
0 0.3958333333333333 0.12407407407407407 0.013541666666666667 0.02777777777777778
0 0.3106770833333333 0.22916666666666669 0.0203125 0.04351851851851852
0 0.21171874999999998 0.13194444444444445 0.0140625 0.028703703703703703
0 0.34401041666666665 0.11527777777777778 0.013020833333333334 0.030555555555555558
0 0.37005208333333334 0.13842592592592592 0.013020833333333334 0.030555555555555558
0 0.41302083333333334 0.1462962962962963 0.015625 0.03518518518518519
0 0.33046875 0.18055555555555555 0.01614583333333333 0.02962962962962963
0 0.32734375 0.1476851851851852 0.0140625 0.030555555555555558
0 0.45625 0.11342592592592593 0.014583333333333334 0.028703703703703703
0 0.25390625 0.13148148148148148 0.013020833333333334 0.024074074074074074
0 0.13776041666666666 0.3490740740740741 0.022395833333333334 0.03888888888888889
0 0.35572916666666665 0.11481481481481481 0.013541666666666667 0.02777777777777778
0 0.42161458333333335 0.18888888888888888 0.015104166666666667 0.02777777777777778
0 0.3333333333333333 0.11018518518518519 0.0125 0.02777777777777778
0 0.3927083333333333 0.46481481481481485 0.027083333333333334 0.0462962962962963
0 0.3184895833333333 0.11527777777777778 0.0109375 0.02314814814814815
0 0.38255208333333335 0.13148148148148148 0.0140625 0.02962962962962963
0 0.2484375 0.2189814814814815 0.015625 0.030555555555555558
0 0.20651041666666667 0.3717592592592593 0.019270833333333334 0.036111111111111115
0 0.33177083333333335 0.23194444444444445 0.015625 0.030555555555555558
0 0.31536458333333334 0.13657407407407407 0.013020833333333334 0.02314814814814815
0 0.66484375 0.3458333333333333 0.009895833333333333 0.019444444444444445
