0 0.61875 0.18796296296296297 0.017708333333333333 0.04259259259259259
0 0.08046875 0.1615740740740741 0.01614583333333333 0.03425925925925926
0 0.21328125 0.7273148148148149 0.03697916666666667 0.0787037037037037
0 0.10416666666666667 0.17037037037037037 0.013541666666666667 0.02962962962962963
0 0.7390625 0.3055555555555556 0.027083333333333334 0.05185185185185186
0 0.48854166666666665 0.1300925925925926 0.0125 0.032407407407407406
0 0.3346354166666667 0.26203703703703707 0.0203125 0.05
0 0.17083333333333334 0.674074074074074 0.03125 0.07592592592592592
0 0.5479166666666666 0.18703703703703706 0.015625 0.031481481481481485
0 0.40989583333333335 0.49074074074074076 0.027083333333333334 0.05
0 0.5255208333333333 0.17083333333333334 0.014583333333333334 0.028703703703703703
0 0.28411458333333334 0.1615740740740741 0.0171875 0.036111111111111115
0 0.1859375 0.14027777777777778 0.015625 0.030555555555555558
0 0.3072916666666667 0.1726851851851852 0.015625 0.03425925925925926
0 0.234375 0.17777777777777778 0.01875 0.03333333333333333
0 0.6880208333333333 0.17916666666666667 0.013541666666666667 0.036111111111111115
0 0.22734374999999998 0.14444444444444446 0.015104166666666667 0.02592592592592593
0 0.46015625 0.14814814814814814 0.01614583333333333 0.03333333333333333
0 0.37109375 0.19814814814814816 0.019270833333333334 0.03888888888888889
0 0.5346354166666667 0.2537037037037037 0.0171875 0.037037037037037035
0 0.4421875 0.18564814814814815 0.016666666666666666 0.03796296296296296
0 0.68359375 0.2601851851851852 0.019270833333333334 0.0462962962962963
0 0.21145833333333333 0.13333333333333333 0.014583333333333334 0.02962962962962963
0 0.2708333333333333 0.1375 0.014583333333333334 0.028703703703703703
0 0.4427083333333333 0.11481481481481481 0.015625 0.02962962962962963
0 0.49140625 0.17175925925925928 0.011979166666666666 0.030555555555555558
0 0.41484375 0.11296296296296297 0.011979166666666666 0.02777777777777778
0 0.20572916666666666 0.1527777777777778 0.013541666666666667 0.02962962962962963
0 0.35572916666666665 0.1824074074074074 0.01875 0.04259259259259259
0 0.34322916666666664 0.11574074074074074 0.013541666666666667 0.02962962962962963
0 0.33125 0.1814814814814815 0.016666666666666666 0.031481481481481485
0 0.4575520833333333 0.19490740740740742 0.0171875 0.03796296296296296
0 0.4309895833333333 0.15972222222222224 0.015104166666666667 0.030555555555555558
0 0.38984375 0.17407407407407408 0.019270833333333334 0.03518518518518519
0 0.3966145833333333 0.12546296296296297 0.0140625 0.028703703703703703
0 0.13880208333333333 0.3509259259259259 0.021354166666666667 0.03888888888888889
0 0.25625 0.13333333333333333 0.015625 0.02777777777777778
0 0.36953125 0.14074074074074075 0.013020833333333334 0.031481481481481485
0 0.35520833333333335 0.11712962962962964 0.013541666666666667 0.028703703703703703
0 0.4203125 0.18981481481481483 0.014583333333333334 0.02777777777777778
0 0.41354166666666664 0.14722222222222223 0.014583333333333334 0.03333333333333333
0 0.3184895833333333 0.11574074074074074 0.011979166666666666 0.024074074074074074
0 0.3265625 0.14907407407407408 0.014583333333333334 0.02962962962962963
0 0.32890625 0.22268518518518518 0.0171875 0.032407407407407406
0 0.30494791666666665 0.22962962962962963 0.021354166666666667 0.044444444444444446
0 0.4549479166666667 0.11342592592592593 0.015104166666666667 0.030555555555555558
0 0.38229166666666664 0.13240740740740742 0.014583333333333334 0.02962962962962963
0 0.24739583333333334 0.22314814814814815 0.013541666666666667 0.031481481481481485
0 0.20572916666666666 0.3717592592592593 0.013541666666666667 0.028703703703703703
0 0.665625 0.35694444444444445 0.013541666666666667 0.026851851851851852
0 0.40729166666666666 0.46064814814814814 0.030208333333333334 0.049074074074074076
