0 0.25703125 0.6930555555555555 0.0359375 0.0638888888888889
0 0.6182291666666666 0.18796296296296297 0.017708333333333333 0.04259259259259259
0 0.08463541666666667 0.15787037037037038 0.01614583333333333 0.03425925925925926
0 0.76484375 0.30092592592592593 0.0265625 0.05185185185185186
0 0.21979166666666666 0.6453703703703704 0.030208333333333334 0.07407407407407407
0 0.37786458333333334 0.4930555555555556 0.024479166666666666 0.05277777777777778
0 0.6958333333333333 0.25972222222222224 0.020833333333333332 0.049074074074074076
0 0.10494791666666667 0.16944444444444445 0.0140625 0.02777777777777778
0 0.6828125 0.17962962962962964 0.013541666666666667 0.037037037037037035
0 0.2838541666666667 0.1587962962962963 0.016666666666666666 0.03425925925925926
0 0.23411458333333332 0.17685185185185187 0.018229166666666668 0.03518518518518519
0 0.5471354166666667 0.1865740740740741 0.01614583333333333 0.032407407407407406
0 0.5270833333333333 0.16990740740740742 0.014583333333333334 0.030555555555555558
0 0.18567708333333333 0.13935185185185187 0.015104166666666667 0.030555555555555558
0 0.35 0.26435185185185184 0.01875 0.05092592592592593
0 0.4895833333333333 0.12916666666666668 0.0125 0.032407407407407406
0 0.4627604166666667 0.15092592592592594 0.015104166666666667 0.031481481481481485
0 0.37057291666666664 0.19675925925925927 0.019270833333333334 0.03796296296296296
0 0.49140625 0.17083333333333334 0.013020833333333334 0.030555555555555558
0 0.4544270833333333 0.19490740740740742 0.0171875 0.036111111111111115
0 0.22526041666666666 0.14537037037037037 0.01614583333333333 0.02962962962962963
0 0.25286458333333334 0.1300925925925926 0.011979166666666666 0.025
0 0.3890625 0.1726851851851852 0.019791666666666666 0.036111111111111115
0 0.41432291666666665 0.11203703703703705 0.011979166666666666 0.02777777777777778
0 0.3067708333333333 0.17037037037037037 0.015625 0.03333333333333333
0 0.4421875 0.11527777777777778 0.014583333333333334 0.028703703703703703
0 0.2716145833333333 0.13611111111111113 0.015104166666666667 0.02777777777777778
0 0.30104166666666665 0.20462962962962963 0.016666666666666666 0.03333333333333333
0 0.3171875 0.225 0.019791666666666666 0.044444444444444446
0 0.3958333333333333 0.12361111111111112 0.013541666666666667 0.026851851851851852
0 0.20572916666666666 0.15092592592592594 0.014583333333333334 0.02962962962962963
0 0.43072916666666666 0.15787037037037038 0.013541666666666667 0.030555555555555558
0 0.34609375 0.11342592592592593 0.013020833333333334 0.030555555555555558
0 0.44140625 0.1837962962962963 0.01614583333333333 0.03796296296296296
0 0.5403645833333334 0.2564814814814815 0.018229166666666668 0.03888888888888889
0 0.37005208333333334 0.13657407407407407 0.013020833333333334 0.030555555555555558
0 0.2109375 0.12962962962962962 0.014583333333333334 0.02777777777777778
0 0.3307291666666667 0.17962962962962964 0.016666666666666666 0.031481481481481485
0 0.3190104166666667 0.11481481481481481 0.011979166666666666 0.02592592592592593
0 0.3140625 0.13472222222222222 0.014583333333333334 0.028703703703703703
0 0.13723958333333333 0.34675925925925927 0.021354166666666667 0.03796296296296296
0 0.4140625 0.14953703703703705 0.014583333333333334 0.03425925925925926
0 0.4223958333333333 0.18796296296296297 0.015625 0.02962962962962963
0 0.328125 0.1462962962962963 0.013541666666666667 0.02962962962962963
0 0.24765625 0.2199074074074074 0.018229166666666668 0.032407407407407406
0 0.3841145833333333 0.13240740740740742 0.0140625 0.02777777777777778
0 0.45625 0.11203703703703705 0.013541666666666667 0.02777777777777778
0 0.33541666666666664 0.22777777777777777 0.01875 0.03888888888888889
0 0.3333333333333333 0.10925925925925926 0.0125 0.02777777777777778
0 0.3580729166666667 0.11481481481481481 0.011979166666666666 0.02777777777777778
0 0.259375 0.1337962962962963 0.013541666666666667 0.026851851851851852
0 0.20572916666666666 0.3685185185185185 0.0125 0.02777777777777778
0 0.35651041666666666 0.18703703703703706 0.0109375 0.02777777777777778
0 0.6697916666666667 0.337037037037037 0.017708333333333333 0.037037037037037035
0 0.37135416666666665 0.4666666666666667 0.026041666666666668 0.04814814814814815
