0 0.61875 0.18564814814814815 0.01875 0.04166666666666667
0 0.3169270833333333 0.638888888888889 0.0328125 0.06666666666666667
0 0.7205729166666667 0.26296296296296295 0.022395833333333334 0.04814814814814815
0 0.2838541666666667 0.5939814814814816 0.029166666666666667 0.06944444444444445
0 0.8067708333333333 0.3027777777777778 0.026041666666666668 0.05185185185185186
0 0.5294270833333333 0.16435185185185186 0.0140625 0.030555555555555558
0 0.5466145833333333 0.1851851851851852 0.015104166666666667 0.031481481481481485
0 0.6763020833333333 0.1763888888888889 0.0140625 0.036111111111111115
0 0.1859375 0.13518518518518519 0.015625 0.02962962962962963
0 0.56484375 0.26342592592592595 0.019270833333333334 0.04351851851851852
0 0.22473958333333333 0.1449074074074074 0.018229166666666668 0.03425925925925926
0 0.284375 0.15787037037037038 0.016666666666666666 0.03425925925925926
0 0.23567708333333334 0.17546296296296296 0.0203125 0.03796296296296296
0 0.10208333333333333 0.16018518518518518 0.016666666666666666 0.03333333333333333
0 0.48593749999999997 0.1287037037037037 0.011458333333333333 0.031481481481481485
0 0.3377604166666667 0.23055555555555557 0.021354166666666667 0.044444444444444446
0 0.39036458333333335 0.17037037037037037 0.018229166666666668 0.03518518518518519
0 0.30755208333333334 0.1685185185185185 0.01614583333333333 0.03333333333333333
0 0.46796875 0.15092592592592594 0.015104166666666667 0.03518518518518519
0 0.38177083333333334 0.2601851851851852 0.017708333333333333 0.044444444444444446
0 0.45625 0.19444444444444445 0.017708333333333333 0.037037037037037035
0 0.3541666666666667 0.11111111111111112 0.013541666666666667 0.031481481481481485
0 0.44244791666666666 0.11805555555555557 0.013020833333333334 0.030555555555555558
0 0.2713541666666667 0.13333333333333333 0.015625 0.02962962962962963
0 0.36953125 0.1953703703703704 0.018229166666666668 0.03888888888888889
0 0.49453125 0.16898148148148148 0.011979166666666666 0.030555555555555558
0 0.31223958333333335 0.13240740740740742 0.0140625 0.02962962962962963
0 0.44375 0.1824074074074074 0.015625 0.03333333333333333
0 0.41510416666666666 0.10972222222222222 0.0125 0.028703703703703703
0 0.6700520833333333 0.274537037037037 0.018229166666666668 0.04166666666666667
0 0.3307291666666667 0.10833333333333334 0.013541666666666667 0.02962962962962963
0 0.3143229166666667 0.20925925925925926 0.01614583333333333 0.03333333333333333
0 0.3190104166666667 0.11666666666666667 0.013020833333333334 0.031481481481481485
0 0.25677083333333334 0.13101851851851853 0.013541666666666667 0.026851851851851852
0 0.33125 0.17731481481481481 0.017708333333333333 0.032407407407407406
0 0.10885416666666667 0.1685185185185185 0.013541666666666667 0.02777777777777778
0 0.3729166666666667 0.13518518518518519 0.013541666666666667 0.02962962962962963
0 0.42994791666666665 0.15601851851851853 0.0140625 0.030555555555555558
0 0.4588541666666667 0.11111111111111112 0.0125 0.02592592592592593
0 0.38958333333333334 0.1287037037037037 0.013541666666666667 0.02777777777777778
0 0.4140625 0.1476851851851852 0.015625 0.030555555555555558
0 0.36484375 0.11064814814814815 0.013020833333333334 0.028703703703703703
0 0.42265625 0.18842592592592594 0.0140625 0.026851851851851852
0 0.21067708333333332 0.12962962962962962 0.0140625 0.02777777777777778
0 0.20859375 0.14814814814814814 0.0140625 0.02962962962962963
0 0.35390625 0.1837962962962963 0.015104166666666667 0.036111111111111115
0 0.3302083333333333 0.14814814814814814 0.013541666666666667 0.02962962962962963
0 0.4515625 0.10462962962962963 0.013541666666666667 0.02962962962962963
0 0.24895833333333334 0.2175925925925926 0.016666666666666666 0.02777777777777778
0 0.20390624999999998 0.3564814814814815 0.01614583333333333 0.02777777777777778
0 0.14166666666666666 0.3439814814814815 0.017708333333333333 0.032407407407407406
0 0.33203125 0.5222222222222223 0.028645833333333332 0.04814814814814815
0 0.3247395833333333 0.4861111111111111 0.022395833333333334 0.04259259259259259
0 0.39739583333333334 0.11898148148148148 0.010416666666666666 0.032407407407407406
