0 0.7760416666666666 0.12361111111111112 0.017708333333333333 0.03981481481481482
0 0.4596354166666667 0.34953703703703703 0.019270833333333334 0.03981481481481482
0 0.53125 0.5273148148148148 0.020833333333333332 0.058333333333333334
0 0.4359375 0.1962962962962963 0.015625 0.03888888888888889
0 0.50078125 0.0837962962962963 0.015104166666666667 0.03425925925925926
0 0.4770833333333333 0.5583333333333333 0.020833333333333332 0.04814814814814815
0 0.9252604166666667 0.03564814814814815 0.0140625 0.026851851851851852
0 0.49609375 0.15462962962962964 0.013020833333333334 0.03888888888888889
0 0.7447916666666666 0.8981481481481481 0.025 0.053703703703703705
0 0.9109375 0.1300925925925926 0.0125 0.030555555555555558
0 0.8713541666666667 0.09398148148148149 0.013541666666666667 0.036111111111111115
0 0.07864583333333333 0.2638888888888889 0.019791666666666666 0.037037037037037035
0 0.5390625 0.14814814814814814 0.015625 0.037037037037037035
0 0.19895833333333332 0.4912037037037037 0.020833333333333332 0.04537037037037037
0 0.5200520833333333 0.21851851851851853 0.01614583333333333 0.0462962962962963
0 0.6203125 0.25277777777777777 0.017708333333333333 0.044444444444444446
0 0.6864583333333333 0.8384259259259259 0.030208333333333334 0.062037037037037036
0 0.7010416666666667 0.06527777777777778 0.013541666666666667 0.030555555555555558
0 0.7606770833333333 0.826388888888889 0.0234375 0.05648148148148149
0 0.6395833333333333 0.21203703703703705 0.015625 0.03518518518518519
0 0.9635416666666666 0.09444444444444444 0.0125 0.02962962962962963
0 0.8898437499999999 0.42824074074074076 0.018229166666666668 0.049074074074074076
0 0.45989583333333334 0.8560185185185185 0.025 0.05462962962962963
0 0.09661458333333334 0.27314814814814814 0.01614583333333333 0.03518518518518519
0 0.8273437499999999 0.9643518518518519 0.0234375 0.05648148148148149
0 0.02786458333333333 0.6430555555555556 0.019270833333333334 0.04351851851851852
0 0.009375 0.6861111111111111 0.016666666666666666 0.04814814814814815
0 0.21432291666666667 0.9453703703703704 0.024479166666666666 0.04814814814814815
0 0.6494791666666666 0.3106481481481482 0.015625 0.036111111111111115
0 0.8822916666666667 0.0712962962962963 0.0125 0.02777777777777778
