0 0.47760416666666666 0.5587962962962963 0.019791666666666666 0.05092592592592593
0 0.53671875 0.5291666666666667 0.0203125 0.05092592592592593
0 0.6135416666666667 0.3425925925925926 0.01875 0.04259259259259259
0 0.3765625 0.28425925925925927 0.016666666666666666 0.040740740740740744
0 0.7638020833333333 0.10694444444444445 0.015104166666666667 0.032407407407407406
0 0.6596354166666667 0.11851851851851852 0.021354166666666667 0.03888888888888889
0 0.45703125 0.3189814814814815 0.018229166666666668 0.04351851851851852
0 0.7455729166666667 0.887962962962963 0.024479166666666666 0.053703703703703705
0 0.3520833333333333 0.4847222222222222 0.019791666666666666 0.049074074074074076
0 0.4223958333333333 0.22037037037037038 0.015625 0.03888888888888889
0 0.8036458333333333 0.07314814814814816 0.0125 0.02777777777777778
0 0.6875 0.8342592592592593 0.03229166666666666 0.06481481481481481
0 0.7252604166666666 0.075 0.01614583333333333 0.03518518518518519
0 0.8932291666666666 0.08333333333333334 0.0125 0.02962962962962963
0 0.39869791666666665 0.07916666666666666 0.013020833333333334 0.026851851851851852
0 0.41692708333333334 0.13333333333333333 0.015104166666666667 0.037037037037037035
0 0.7572916666666667 0.8240740740740741 0.021875 0.053703703703703705
0 0.8356770833333333 0.024537037037037038 0.013020833333333334 0.028703703703703703
0 0.9333333333333333 0.0375 0.013541666666666667 0.026851851851851852
0 0.5059895833333333 0.1800925925925926 0.0140625 0.025
0 0.025260416666666667 0.2949074074074074 0.015104166666666667 0.036111111111111115
0 0.8315104166666667 0.9643518518518519 0.0234375 0.05277777777777778
0 0.5416666666666666 0.29120370370370374 0.0125 0.026851851851851852
0 0.00546875 0.2847222222222222 0.011979166666666666 0.03981481481481482
0 0.4981770833333333 0.20925925925925926 0.015104166666666667 0.03333333333333333
0 0.46458333333333335 0.8689814814814815 0.028125 0.058333333333333334
0 0.9036458333333334 0.08194444444444444 0.013541666666666667 0.028703703703703703
0 0.023697916666666666 0.638425925925926 0.024479166666666666 0.04537037037037037
0 0.009375 0.6824074074074075 0.016666666666666666 0.037037037037037035
0 0.234375 0.9800925925925926 0.021875 0.036111111111111115
0 0.5848958333333333 0.032407407407407406 0.011458333333333333 0.02962962962962963
