0 0.771875 0.12407407407407407 0.017708333333333333 0.03888888888888889
0 0.43333333333333335 0.20231481481481484 0.015625 0.03981481481481482
0 0.4934895833333333 0.15833333333333333 0.013020833333333334 0.03888888888888889
0 0.46588541666666666 0.3509259259259259 0.019270833333333334 0.04259259259259259
0 0.5317708333333333 0.5273148148148148 0.020833333333333332 0.05277777777777778
0 0.5346354166666667 0.14537037037037037 0.01614583333333333 0.037037037037037035
0 0.4770833333333333 0.5578703703703703 0.01875 0.049074074074074076
0 0.07604166666666666 0.26435185185185184 0.019791666666666666 0.036111111111111115
0 0.49609375 0.08333333333333334 0.0140625 0.031481481481481485
0 0.9044270833333333 0.1300925925925926 0.013020833333333334 0.03425925925925926
0 0.20494791666666667 0.4902777777777778 0.0203125 0.04537037037037037
0 0.5203125 0.2240740740740741 0.016666666666666666 0.040740740740740744
0 0.7453125 0.899537037037037 0.025 0.05462962962962963
0 0.61640625 0.2537037037037037 0.0171875 0.04259259259259259
0 0.9216145833333333 0.036111111111111115 0.0140625 0.02592592592592593
0 0.9601562499999999 0.08981481481481482 0.0140625 0.02962962962962963
0 0.87890625 0.07268518518518519 0.011979166666666666 0.028703703703703703
0 0.8984375 0.425 0.01875 0.05
0 0.8658854166666666 0.09305555555555556 0.015104166666666667 0.03425925925925926
0 0.6856770833333333 0.8388888888888889 0.027604166666666666 0.05740740740740741
0 0.7604166666666666 0.825925925925926 0.022916666666666665 0.05740740740740741
0 0.6328125 0.2125 0.016666666666666666 0.036111111111111115
0 0.09375 0.2712962962962963 0.016666666666666666 0.031481481481481485
0 0.8268229166666666 0.9611111111111111 0.021354166666666667 0.053703703703703705
0 0.6955729166666667 0.06574074074074074 0.015104166666666667 0.037037037037037035
0 0.9953124999999999 0.08842592592592594 0.008333333333333333 0.028703703703703703
0 0.46067708333333335 0.8597222222222223 0.0234375 0.05277777777777778
0 0.027083333333333334 0.638888888888889 0.02395833333333333 0.040740740740740744
0 0.01015625 0.688425925925926 0.018229166666666668 0.04537037037037037
0 0.21927083333333333 0.9490740740740741 0.02395833333333333 0.04814814814814815
0 0.6442708333333333 0.3037037037037037 0.021875 0.04259259259259259
