0 0.47760416666666666 0.5583333333333333 0.019791666666666666 0.05
0 0.37473958333333335 0.2902777777777778 0.018229166666666668 0.04537037037037037
0 0.6200520833333333 0.3439814814814815 0.018229166666666668 0.04166666666666667
0 0.41901041666666666 0.22361111111111112 0.01614583333333333 0.03796296296296296
0 0.7567708333333333 0.10555555555555556 0.016666666666666666 0.03333333333333333
0 0.45260416666666664 0.32083333333333336 0.017708333333333333 0.04351851851851852
0 0.7463541666666667 0.887962962962963 0.025 0.053703703703703705
0 0.5380208333333333 0.5296296296296297 0.020833333333333332 0.04814814814814815
0 0.6861979166666666 0.8337962962962964 0.0296875 0.062037037037037036
0 0.8898437499999999 0.08240740740740742 0.013020833333333334 0.02962962962962963
0 0.80078125 0.07222222222222223 0.0140625 0.02777777777777778
0 0.35859375 0.4810185185185185 0.0203125 0.04537037037037037
0 0.39479166666666665 0.08055555555555556 0.0125 0.031481481481481485
0 0.71953125 0.07453703703703704 0.0140625 0.032407407407407406
0 0.41171874999999997 0.13148148148148148 0.0140625 0.03888888888888889
0 0.8307291666666666 0.02361111111111111 0.013541666666666667 0.026851851851851852
0 0.5796875 0.034722222222222224 0.0125 0.032407407407407406
0 0.9286458333333333 0.03796296296296296 0.0125 0.024074074074074074
0 0.0203125 0.2967592592592593 0.015625 0.03425925925925926
0 0.7575520833333333 0.8314814814814815 0.022395833333333334 0.06296296296296297
0 0.49296875 0.20833333333333334 0.01614583333333333 0.03888888888888889
0 0.5380208333333333 0.28564814814814815 0.013541666666666667 0.030555555555555558
0 0.49895833333333334 0.1824074074074074 0.016666666666666666 0.031481481481481485
0 0.46640624999999997 0.8689814814814815 0.0265625 0.058333333333333334
0 0.83046875 0.9634259259259259 0.021354166666666667 0.05462962962962963
0 0.025260416666666667 0.6356481481481482 0.0234375 0.04166666666666667
0 0.011197916666666667 0.6837962962962963 0.019270833333333334 0.036111111111111115
0 0.23255208333333333 0.9805555555555556 0.024479166666666666 0.037037037037037035
0 0.9052083333333333 0.08240740740740742 0.0125 0.020370370370370372
0 0.6515625 0.11898148148148148 0.017708333333333333 0.032407407407407406
0 0.005989583333333333 0.28240740740740744 0.009895833333333333 0.02777777777777778
