0 0.82109375 0.08703703703703704 0.0171875 0.031481481481481485
0 0.4778645833333333 0.5578703703703703 0.0203125 0.04722222222222222
0 0.41562499999999997 0.2240740740740741 0.016666666666666666 0.040740740740740744
0 0.5341145833333333 0.5291666666666667 0.0203125 0.05648148148148149
0 0.7348958333333333 0.12083333333333333 0.015625 0.03981481481481482
0 0.25416666666666665 0.4851851851851852 0.020833333333333332 0.04814814814814815
0 0.053906249999999996 0.27083333333333337 0.019270833333333334 0.036111111111111115
0 0.9013020833333333 0.028240740740740743 0.0140625 0.026851851851851852
0 0.8609375 0.12407407407407407 0.015625 0.03333333333333333
0 0.47213541666666664 0.17685185185185187 0.0140625 0.037037037037037035
0 0.5151041666666667 0.3476851851851852 0.019791666666666666 0.04722222222222222
0 0.50078125 0.1375 0.015104166666666667 0.03425925925925926
0 0.5747395833333333 0.24629629629629632 0.019270833333333334 0.044444444444444446
0 0.965625 0.42129629629629634 0.017708333333333333 0.03888888888888889
0 0.4661458333333333 0.08240740740740742 0.014583333333333334 0.031481481481481485
0 0.5908854166666666 0.2013888888888889 0.01614583333333333 0.032407407407407406
0 0.075 0.27824074074074073 0.016666666666666666 0.03425925925925926
0 0.7442708333333333 0.8986111111111111 0.025 0.05092592592592593
0 0.6885416666666666 0.8384259259259259 0.03125 0.062037037037037036
0 0.7614583333333333 0.8268518518518518 0.022916666666666665 0.05555555555555556
0 0.9684895833333333 0.09027777777777778 0.013020833333333334 0.026851851851851852
0 0.46510416666666665 0.8708333333333333 0.027083333333333334 0.05462962962962963
0 0.6606770833333333 0.05648148148148149 0.01614583333333333 0.03888888888888889
0 0.8565104166666666 0.07407407407407407 0.0109375 0.024074074074074074
0 0.9393229166666667 0.09074074074074075 0.011979166666666666 0.02777777777777778
0 0.8291666666666666 0.9675925925925927 0.025 0.05555555555555556
0 0.49921875 0.25092592592592594 0.0171875 0.040740740740740744
0 0.0265625 0.6425925925925926 0.017708333333333333 0.03888888888888889
0 0.0109375 0.6907407407407408 0.016666666666666666 0.040740740740740744
0 0.23177083333333334 0.9652777777777778 0.022916666666666665 0.04722222222222222
0 0.99453125 0.049074074074074076 0.009895833333333333 0.02962962962962963
0 0.6153645833333333 0.3041666666666667 0.018229166666666668 0.03425925925925926
