0 0.7921875 0.08750000000000001 0.014583333333333334 0.032407407407407406
0 0.5447916666666667 0.3439814814814815 0.01875 0.04166666666666667
0 0.4609375 0.19722222222222224 0.014583333333333334 0.03518518518518519
0 0.4786458333333333 0.5597222222222222 0.019791666666666666 0.04722222222222222
0 0.03854166666666667 0.2726851851851852 0.01875 0.036111111111111115
0 0.5565104166666667 0.23101851851851854 0.018229166666666668 0.03981481481481482
0 0.40546875 0.24166666666666667 0.01614583333333333 0.03888888888888889
0 0.4744791666666667 0.13518518518518519 0.016666666666666666 0.037037037037037035
0 0.7106770833333333 0.11944444444444445 0.0140625 0.031481481481481485
0 0.28541666666666665 0.4828703703703704 0.019791666666666666 0.04537037037037037
0 0.48984374999999997 0.27175925925925926 0.0140625 0.03796296296296296
0 0.8309895833333333 0.11481481481481481 0.015104166666666667 0.031481481481481485
0 0.8838541666666666 0.02962962962962963 0.015625 0.031481481481481485
0 0.5354166666666667 0.525462962962963 0.020833333333333332 0.05648148148148149
0 0.44609375 0.07824074074074075 0.013020833333333334 0.032407407407407406
0 0.8390624999999999 0.07453703703703704 0.013541666666666667 0.026851851851851852
0 0.8291666666666666 0.9685185185185186 0.02395833333333333 0.05740740740740741
0 0.9265625 0.08842592592592594 0.011458333333333333 0.026851851851851852
0 0.9768229166666667 0.04398148148148148 0.013020833333333334 0.028703703703703703
0 0.74296875 0.8939814814814815 0.024479166666666666 0.05092592592592593
0 0.6869791666666667 0.837962962962963 0.03125 0.06481481481481481
0 0.7611979166666667 0.825925925925926 0.0234375 0.05185185185185186
0 0.59375 0.3041666666666667 0.013541666666666667 0.028703703703703703
0 0.06145833333333333 0.2851851851851852 0.015625 0.03333333333333333
0 0.565625 0.19212962962962965 0.015625 0.036111111111111115
0 0.6385416666666667 0.05694444444444444 0.011458333333333333 0.025
0 0.46432291666666664 0.8726851851851852 0.028645833333333332 0.062037037037037036
0 0.23619791666666667 0.9722222222222222 0.025520833333333333 0.04259259259259259
0 0.029166666666666667 0.6439814814814815 0.021875 0.03425925925925926
0 0.01171875 0.6870370370370371 0.0203125 0.040740740740740744
0 0.9513020833333333 0.08888888888888889 0.015104166666666667 0.02777777777777778
