0 0.2635416666666667 0.48194444444444445 0.019791666666666666 0.04722222222222222
0 0.728125 0.1175925925925926 0.015625 0.037037037037037035
0 0.4127604166666667 0.23148148148148148 0.015104166666666667 0.040740740740740744
0 0.8138020833333334 0.08657407407407408 0.015104166666666667 0.03425925925925926
0 0.5346354166666667 0.5268518518518519 0.019270833333333334 0.05740740740740741
0 0.4786458333333333 0.5583333333333333 0.020833333333333332 0.0462962962962963
0 0.4934895833333333 0.13564814814814816 0.0140625 0.032407407407407406
0 0.04869791666666667 0.27037037037037037 0.019270833333333334 0.03518518518518519
0 0.4692708333333333 0.18055555555555555 0.015625 0.03518518518518519
0 0.45989583333333334 0.08101851851851852 0.014583333333333334 0.032407407407407406
0 0.5234375 0.350462962962963 0.017708333333333333 0.03981481481481482
0 0.98203125 0.42638888888888893 0.022395833333333334 0.05277777777777778
0 0.5684895833333333 0.24351851851851852 0.0171875 0.03888888888888889
0 0.8518229166666667 0.07407407407407407 0.0109375 0.024074074074074074
0 0.6549479166666666 0.050462962962962966 0.0140625 0.030555555555555558
0 0.74375 0.8976851851851853 0.025 0.05462962962962963
0 0.8518229166666667 0.11851851851851852 0.015104166666666667 0.03888888888888889
0 0.5838541666666667 0.19768518518518519 0.014583333333333334 0.030555555555555558
0 0.68828125 0.8365740740740741 0.0296875 0.06018518518518519
0 0.896875 0.02962962962962963 0.0125 0.02592592592592593
0 0.7619791666666667 0.825925925925926 0.021875 0.053703703703703705
0 0.07239583333333333 0.2791666666666667 0.014583333333333334 0.030555555555555558
0 0.9361979166666666 0.09027777777777778 0.0109375 0.025
0 0.82890625 0.9680555555555556 0.024479166666666666 0.05648148148148149
0 0.49453125 0.2537037037037037 0.0171875 0.040740740740740744
0 0.9640624999999999 0.08935185185185185 0.0125 0.026851851851851852
0 0.9908854166666666 0.04583333333333334 0.013020833333333334 0.026851851851851852
0 0.46484375 0.8731481481481482 0.027604166666666666 0.05925925925925926
0 0.027604166666666666 0.6449074074074075 0.021875 0.04722222222222222
0 0.0125 0.6907407407407408 0.021875 0.05
0 0.23307291666666666 0.9671296296296297 0.025520833333333333 0.04351851851851852
0 0.6104166666666666 0.30462962962962964 0.015625 0.037037037037037035
