0 0.390625 0.2652777777777778 0.016666666666666666 0.03981481481481482
0 0.47812499999999997 0.5592592592592592 0.019791666666666666 0.04814814814814815
0 0.31927083333333334 0.48564814814814816 0.020833333333333332 0.049074074074074076
0 0.7580729166666667 0.08194444444444444 0.01614583333333333 0.032407407407407406
0 0.5354166666666667 0.5263888888888889 0.020833333333333332 0.05648148148148149
0 0.47812499999999997 0.2916666666666667 0.017708333333333333 0.04259259259259259
0 0.44296874999999997 0.20740740740740743 0.01614583333333333 0.037037037037037035
0 0.42161458333333335 0.08148148148148149 0.013020833333333334 0.031481481481481485
0 0.44609375 0.13101851851851853 0.0171875 0.036111111111111115
0 0.01953125 0.27870370370370373 0.0203125 0.03518518518518519
0 0.58046875 0.34814814814814815 0.0203125 0.040740740740740744
0 0.8205729166666667 0.07175925925925926 0.011979166666666666 0.026851851851851852
0 0.7963541666666667 0.11481481481481481 0.013541666666666667 0.031481481481481485
0 0.9125 0.08888888888888889 0.011458333333333333 0.02777777777777778
0 0.6854166666666667 0.12037037037037038 0.015625 0.037037037037037035
0 0.9536458333333333 0.04351851851851852 0.010416666666666666 0.02592592592592593
0 0.8604166666666666 0.030555555555555558 0.013541666666666667 0.02777777777777778
0 0.6875 0.8342592592592593 0.030208333333333334 0.06296296296296297
0 0.7591145833333334 0.8226851851851852 0.021354166666666667 0.049074074074074076
0 0.8294270833333334 0.9662037037037038 0.024479166666666666 0.05462962962962963
0 0.9291666666666667 0.08240740740740742 0.013541666666666667 0.02592592592592593
0 0.7453125 0.8930555555555556 0.02395833333333333 0.05277777777777778
0 0.6106770833333334 0.04212962962962963 0.013020833333333334 0.032407407407407406
0 0.04505208333333333 0.29305555555555557 0.01614583333333333 0.036111111111111115
0 0.5682291666666667 0.2916666666666667 0.014583333333333334 0.02777777777777778
0 0.465625 0.8722222222222222 0.030208333333333334 0.06296296296296297
0 0.027604166666666666 0.637962962962963 0.021875 0.04259259259259259
0 0.011197916666666667 0.6861111111111111 0.0203125 0.03888888888888889
0 0.234375 0.9726851851851852 0.021875 0.036111111111111115
0 0.53671875 0.1865740740740741 0.015104166666666667 0.036111111111111115
0 0.5299479166666666 0.22175925925925927 0.018229166666666668 0.03425925925925926
