0 0.7791666666666667 0.12407407407407407 0.017708333333333333 0.03888888888888889
0 0.9270833333333334 0.03657407407407408 0.014583333333333334 0.026851851851851852
0 0.1953125 0.4930555555555556 0.019791666666666666 0.04722222222222222
0 0.43828125 0.19398148148148148 0.015104166666666667 0.03796296296296296
0 0.53125 0.5263888888888889 0.020833333333333332 0.05648148148148149
0 0.45651041666666664 0.35000000000000003 0.019270833333333334 0.040740740740740744
0 0.4973958333333333 0.1527777777777778 0.013541666666666667 0.037037037037037035
0 0.5419270833333333 0.14907407407407408 0.015104166666666667 0.037037037037037035
0 0.4765625 0.5550925925925926 0.020833333333333332 0.04351851851851852
0 0.6236979166666666 0.25324074074074077 0.0171875 0.04166666666666667
0 0.08046875 0.26342592592592595 0.0203125 0.03981481481481482
0 0.7450520833333333 0.8981481481481481 0.024479166666666666 0.05185185185185186
0 0.9130208333333333 0.12916666666666668 0.013541666666666667 0.03425925925925926
0 0.7036458333333333 0.06712962962962964 0.013541666666666667 0.03425925925925926
0 0.503125 0.0837962962962963 0.0125 0.032407407407407406
0 0.5213541666666667 0.2189814814814815 0.015625 0.04351851851851852
0 0.7606770833333333 0.825925925925926 0.022395833333333334 0.053703703703703705
0 0.46015625 0.8574074074074074 0.0234375 0.05
0 0.8846354166666667 0.42824074074074076 0.0171875 0.049074074074074076
0 0.6854166666666667 0.8384259259259259 0.026041666666666668 0.05648148148148149
0 0.09739583333333333 0.27083333333333337 0.016666666666666666 0.032407407407407406
0 0.9651041666666667 0.09444444444444444 0.0125 0.02592592592592593
0 0.6424479166666667 0.21574074074074076 0.0171875 0.040740740740740744
0 0.8270833333333333 0.9634259259259259 0.02395833333333333 0.05462962962962963
0 0.02786458333333333 0.638888888888889 0.0234375 0.040740740740740744
0 0.88359375 0.06851851851851852 0.015104166666666667 0.02777777777777778
0 0.8747395833333333 0.09351851851851853 0.015104166666666667 0.031481481481481485
0 0.6510416666666666 0.31157407407407406 0.017708333333333333 0.036111111111111115
0 0.2125 0.9472222222222223 0.028125 0.04814814814814815
0 0.010677083333333334 0.688425925925926 0.018229166666666668 0.04351851851851852
