0 0.4119791666666667 0.24675925925925926 0.016666666666666666 0.03796296296296296
0 0.47812499999999997 0.5601851851851852 0.019791666666666666 0.04814814814814815
0 0.39375 0.4791666666666667 0.019791666666666666 0.049074074074074076
0 0.3638020833333333 0.31666666666666665 0.0171875 0.044444444444444446
0 0.6580729166666667 0.33611111111111114 0.019270833333333334 0.040740740740740744
0 0.8080729166666667 0.02638888888888889 0.015104166666666667 0.032407407407407406
0 0.68515625 0.07546296296296297 0.015104166666666667 0.03425925925925926
0 0.53984375 0.5314814814814816 0.019270833333333334 0.0462962962962963
0 0.7221354166666667 0.09953703703703703 0.013020833333333334 0.030555555555555558
0 0.43854166666666666 0.3523148148148148 0.01875 0.04537037037037037
0 0.6872395833333333 0.8384259259259259 0.03177083333333333 0.06759259259259259
0 0.78671875 0.07314814814814816 0.011979166666666666 0.02777777777777778
0 0.37994791666666666 0.13148148148148148 0.0140625 0.037037037037037035
0 0.7567708333333333 0.8240740740740741 0.021875 0.05925925925925926
0 0.37135416666666665 0.07824074074074075 0.0125 0.030555555555555558
0 0.8302083333333333 0.9638888888888889 0.022916666666666665 0.05740740740740741
0 0.8708333333333333 0.09027777777777778 0.0125 0.032407407407407406
0 0.7479166666666667 0.8912037037037037 0.025 0.05277777777777778
0 0.9075520833333334 0.04212962962962963 0.013020833333333334 0.028703703703703703
0 0.55234375 0.032407407407407406 0.011979166666666666 0.02962962962962963
0 0.8807291666666667 0.08564814814814815 0.009375 0.02314814814814815
0 0.026302083333333334 0.638888888888889 0.025520833333333333 0.0462962962962963
0 0.009375 0.6837962962962963 0.016666666666666666 0.036111111111111115
0 0.23255208333333333 0.9865740740740742 0.0203125 0.02314814814814815
0 0.4671875 0.8675925925925926 0.027083333333333334 0.061111111111111116
0 0.6315104166666666 0.10972222222222222 0.009895833333333333 0.025
0 0.621875 0.11203703703703705 0.015625 0.02777777777777778
0 0.5041666666666667 0.2837962962962963 0.016666666666666666 0.032407407407407406
0 0.46901041666666665 0.17824074074074076 0.0140625 0.03425925925925926
0 0.4609375 0.20324074074074075 0.016666666666666666 0.03425925925925926
