0 0.409375 0.25 0.015625 0.03888888888888889
0 0.4786458333333333 0.5606481481481481 0.019791666666666666 0.04722222222222222
0 0.6674479166666667 0.3402777777777778 0.021354166666666667 0.04351851851851852
0 0.8033854166666666 0.02592592592592593 0.013020833333333334 0.02962962962962963
0 0.3606770833333333 0.32546296296296295 0.0171875 0.04351851851851852
0 0.6776041666666667 0.07314814814814816 0.014583333333333334 0.031481481481481485
0 0.4348958333333333 0.3592592592592593 0.01875 0.044444444444444446
0 0.68671875 0.8375 0.03177083333333333 0.06759259259259259
0 0.45260416666666664 0.19907407407407407 0.015625 0.037037037037037035
0 0.53984375 0.5333333333333333 0.019270833333333334 0.04814814814814815
0 0.7125 0.1 0.0125 0.031481481481481485
0 0.7828125 0.07407407407407407 0.011458333333333333 0.02962962962962963
0 0.36432291666666666 0.08055555555555556 0.0140625 0.031481481481481485
0 0.4028645833333333 0.4865740740740741 0.019270833333333334 0.049074074074074076
0 0.7565104166666666 0.826388888888889 0.022395833333333334 0.06018518518518519
0 0.371875 0.13055555555555556 0.014583333333333334 0.03333333333333333
0 0.7479166666666667 0.8930555555555556 0.026041666666666668 0.05277777777777778
0 0.82890625 0.9625 0.021354166666666667 0.05462962962962963
0 0.90234375 0.043055555555555555 0.011979166666666666 0.025
0 0.4947916666666667 0.2851851851851852 0.014583333333333334 0.037037037037037035
0 0.2328125 0.9856481481481482 0.022916666666666665 0.025
0 0.027604166666666666 0.6370370370370371 0.021875 0.037037037037037035
0 0.010416666666666666 0.6842592592592592 0.017708333333333333 0.040740740740740744
0 0.625 0.11203703703703705 0.011458333333333333 0.02777777777777778
0 0.6135416666666667 0.11527777777777778 0.016666666666666666 0.03425925925925926
0 0.8755208333333333 0.08657407407407408 0.011458333333333333 0.026851851851851852
0 0.8643229166666666 0.08796296296296297 0.013020833333333334 0.031481481481481485
0 0.4627604166666667 0.1824074074074074 0.015104166666666667 0.037037037037037035
0 0.54765625 0.026851851851851852 0.013020833333333334 0.031481481481481485
0 0.4669270833333333 0.8652777777777778 0.025520833333333333 0.05277777777777778
