0 0.7145833333333333 0.11666666666666667 0.015625 0.037037037037037035
0 0.4627604166666667 0.1962962962962963 0.015104166666666667 0.037037037037037035
0 0.5424479166666667 0.34444444444444444 0.0203125 0.040740740740740744
0 0.4786458333333333 0.5583333333333333 0.019791666666666666 0.0462962962962963
0 0.7950520833333333 0.08703703703703704 0.015104166666666667 0.031481481481481485
0 0.04010416666666666 0.27175925925925926 0.01875 0.03796296296296296
0 0.4067708333333333 0.24027777777777778 0.015625 0.03981481481481482
0 0.8354166666666667 0.11481481481481481 0.014583333333333334 0.031481481481481485
0 0.4484375 0.07916666666666666 0.013541666666666667 0.032407407407407406
0 0.8856770833333333 0.030092592592592594 0.015104166666666667 0.028703703703703703
0 0.5572916666666666 0.23472222222222222 0.01875 0.04166666666666667
0 0.534375 0.5236111111111111 0.01875 0.05092592592592593
0 0.2817708333333333 0.48333333333333334 0.01875 0.04814814814814815
0 0.4786458333333333 0.13472222222222222 0.015625 0.036111111111111115
0 0.97890625 0.044444444444444446 0.0109375 0.02777777777777778
0 0.7424479166666667 0.8953703703703704 0.024479166666666666 0.05185185185185186
0 0.6875 0.8375 0.03125 0.0638888888888889
0 0.953125 0.08842592592592594 0.013541666666666667 0.026851851851851852
0 0.9278645833333333 0.08750000000000001 0.011979166666666666 0.026851851851851852
0 0.8283854166666667 0.9675925925925927 0.022395833333333334 0.05555555555555556
0 0.4908854166666667 0.26944444444444443 0.015104166666666667 0.037037037037037035
0 0.7609375 0.8245370370370371 0.022916666666666665 0.05092592592592593
0 0.5682291666666667 0.18935185185185185 0.015625 0.030555555555555558
0 0.06302083333333333 0.28611111111111115 0.014583333333333334 0.031481481481481485
0 0.59609375 0.3050925925925926 0.01614583333333333 0.03425925925925926
0 0.63828125 0.05 0.0140625 0.03333333333333333
0 0.8395833333333333 0.07407407407407407 0.013541666666666667 0.02592592592592593
0 0.23307291666666666 0.9675925925925927 0.019270833333333334 0.04259259259259259
0 0.027604166666666666 0.6435185185185185 0.027083333333333334 0.05
0 0.010416666666666666 0.687962962962963 0.017708333333333333 0.05185185185185186
0 0.46822916666666664 0.8648148148148148 0.02395833333333333 0.04814814814814815
