0 0.7885416666666667 0.337037037037037 0.021875 0.04259259259259259
0 0.51015625 0.4930555555555556 0.019270833333333334 0.049074074074074076
0 0.33229166666666665 0.4203703703703704 0.01875 0.04259259259259259
0 0.7359375 0.022685185185185187 0.0125 0.026851851851851852
0 0.746875 0.912962962962963 0.028125 0.05925925925925926
0 0.5375 0.5750000000000001 0.020833333333333332 0.05
0 0.5744791666666667 0.05925925925925926 0.013541666666666667 0.02962962962962963
0 0.27838541666666666 0.12638888888888888 0.0140625 0.03796296296296296
0 0.48072916666666665 0.575925925925926 0.01875 0.04814814814814815
0 0.3533854166666667 0.1865740740740741 0.01614583333333333 0.03796296296296296
0 0.29401041666666666 0.075 0.0140625 0.031481481481481485
0 0.6880208333333333 0.837962962962963 0.03333333333333333 0.07037037037037037
0 0.7578125 0.8236111111111112 0.021875 0.05648148148148149
0 0.7997395833333333 0.08750000000000001 0.015104166666666667 0.03425925925925926
0 0.6010416666666667 0.08055555555555556 0.011458333333333333 0.02592592592592593
0 0.52578125 0.11712962962962964 0.01614583333333333 0.036111111111111115
0 0.7408854166666666 0.07731481481481482 0.009895833333333333 0.026851851851851852
0 0.5395833333333333 0.11203703703703705 0.014583333333333334 0.031481481481481485
0 0.371875 0.3194444444444445 0.017708333333333333 0.037037037037037035
0 0.39375 0.46342592592592596 0.014583333333333334 0.03981481481481482
0 0.8283854166666667 0.9625 0.022395833333333334 0.05648148148148149
0 0.4671875 0.01712962962962963 0.013541666666666667 0.030555555555555558
0 0.36953125 0.16990740740740742 0.01614583333333333 0.03425925925925926
0 0.8364583333333333 0.040740740740740744 0.009375 0.02592592592592593
0 0.21640625 0.8990740740740741 0.027604166666666666 0.05
0 0.7552083333333334 0.05648148148148149 0.011458333333333333 0.022222222222222223
0 0.3796875 0.27222222222222225 0.017708333333333333 0.022222222222222223
0 0.465625 0.8648148148148148 0.029166666666666667 0.05740740740740741
0 0.02395833333333333 0.6365740740740741 0.021875 0.04537037037037037
0 0.010677083333333334 0.6875 0.019270833333333334 0.04351851851851852
