0 0.3375 0.38981481481481484 0.019791666666666666 0.0462962962962963
0 0.7526041666666666 0.33564814814814814 0.020833333333333332 0.04351851851851852
0 0.47760416666666666 0.48842592592592593 0.020833333333333332 0.04722222222222222
0 0.3776041666666667 0.2990740740740741 0.016666666666666666 0.040740740740740744
0 0.6041666666666666 0.06435185185185185 0.014583333333333334 0.030555555555555558
0 0.63515625 0.08009259259259259 0.013020833333333334 0.030555555555555558
0 0.8302083333333333 0.9587962962962964 0.022916666666666665 0.05277777777777778
0 0.7536458333333333 0.024074074074074074 0.0125 0.02777777777777778
0 0.384375 0.19305555555555556 0.014583333333333334 0.036111111111111115
0 0.55 0.1212962962962963 0.016666666666666666 0.037037037037037035
0 0.6861979166666666 0.8393518518518519 0.030729166666666665 0.0638888888888889
0 0.4809895833333333 0.5648148148148149 0.018229166666666668 0.04814814814814815
0 0.31536458333333334 0.07361111111111111 0.013020833333333334 0.030555555555555558
0 0.75703125 0.826388888888889 0.022395833333333334 0.062037037037037036
0 0.5369791666666667 0.5648148148148149 0.020833333333333332 0.05185185185185186
0 0.46510416666666665 0.8666666666666667 0.028125 0.05185185185185186
0 0.7440104166666667 0.9 0.0265625 0.061111111111111116
0 0.8197916666666667 0.08611111111111111 0.014583333333333334 0.03518518518518519
0 0.30625 0.13194444444444445 0.014583333333333334 0.03425925925925926
0 0.8546874999999999 0.04351851851851852 0.011458333333333333 0.024074074074074074
0 0.396875 0.4337962962962963 0.015625 0.04166666666666667
0 0.4890625 0.024537037037037038 0.011458333333333333 0.030555555555555558
0 0.5643229166666667 0.11574074074074074 0.015104166666666667 0.03518518518518519
0 0.41354166666666664 0.274537037037037 0.015625 0.030555555555555558
0 0.7557291666666667 0.08055555555555556 0.009375 0.020370370370370372
0 0.7736979166666667 0.058333333333333334 0.009895833333333333 0.022222222222222223
0 0.39557291666666666 0.16944444444444445 0.019270833333333334 0.03888888888888889
0 0.23177083333333334 0.9148148148148149 0.02395833333333333 0.04814814814814815
0 0.0234375 0.6398148148148148 0.021875 0.037037037037037035
0 0.011197916666666667 0.6861111111111111 0.019270833333333334 0.040740740740740744
