0 0.3296875 0.4305555555555556 0.019791666666666666 0.05
0 0.8039062499999999 0.3388888888888889 0.0203125 0.044444444444444446
0 0.56328125 0.05601851851851852 0.015104166666666667 0.028703703703703703
0 0.5390625 0.5800925925925926 0.020833333333333332 0.05648148148148149
0 0.4809895833333333 0.5796296296296296 0.0203125 0.05185185185185186
0 0.3419270833333333 0.18842592592592594 0.01614583333333333 0.036111111111111115
0 0.72890625 0.020833333333333336 0.013020833333333334 0.026851851851851852
0 0.2864583333333333 0.07361111111111111 0.013541666666666667 0.032407407407407406
0 0.52265625 0.4990740740740741 0.019270833333333334 0.04814814814814815
0 0.26848958333333334 0.1300925925925926 0.013020833333333334 0.03425925925925926
0 0.5895833333333333 0.075 0.0125 0.02777777777777778
0 0.7497395833333333 0.9175925925925926 0.028645833333333332 0.05925925925925926
0 0.515625 0.12037037037037038 0.017708333333333333 0.037037037037037035
0 0.8291666666666666 0.040740740740740744 0.010416666666666666 0.024074074074074074
0 0.7583333333333333 0.8245370370370371 0.021875 0.058333333333333334
0 0.7927083333333333 0.08888888888888889 0.0125 0.02962962962962963
0 0.3911458333333333 0.47824074074074074 0.013541666666666667 0.03425925925925926
0 0.73359375 0.08009259259259259 0.009895833333333333 0.02314814814814815
0 0.5299479166666666 0.11527777777777778 0.015104166666666667 0.032407407407407406
0 0.6888020833333334 0.8375 0.0328125 0.06944444444444445
0 0.35963541666666665 0.1675925925925926 0.0171875 0.03333333333333333
0 0.20989583333333334 0.8949074074074075 0.026041666666666668 0.04537037037037037
0 0.025520833333333333 0.6347222222222223 0.02395833333333333 0.03796296296296296
0 0.459375 0.015740740740740743 0.011458333333333333 0.02777777777777778
0 0.465625 0.8699074074074075 0.029166666666666667 0.05648148148148149
0 0.8286458333333333 0.9495370370370371 0.022916666666666665 0.04722222222222222
0 0.7466145833333333 0.059722222222222225 0.0078125 0.015740740740740743
0 0.3697916666666667 0.27731481481481485 0.015625 0.026851851851851852
0 0.3692708333333333 0.3287037037037037 0.017708333333333333 0.03888888888888889
0 0.009375 0.6824074074074075 0.016666666666666666 0.04259259259259259
