0 0.8005208333333333 0.3388888888888889 0.021875 0.04259259259259259
0 0.5380208333333333 0.5842592592592593 0.020833333333333332 0.06296296296296297
0 0.56640625 0.05648148148148149 0.015104166666666667 0.02962962962962963
0 0.33098958333333334 0.42824074074074076 0.019270833333333334 0.05092592592592593
0 0.48046875 0.5787037037037037 0.019270833333333334 0.05185185185185186
0 0.7302083333333333 0.020833333333333336 0.0125 0.026851851851851852
0 0.51953125 0.4986111111111111 0.018229166666666668 0.049074074074074076
0 0.28880208333333335 0.07314814814814816 0.013020833333333334 0.031481481481481485
0 0.51875 0.11851851851851852 0.015625 0.03518518518518519
0 0.2716145833333333 0.12685185185185185 0.015104166666666667 0.03518518518518519
0 0.5927083333333333 0.07453703703703704 0.0125 0.025
0 0.38958333333333334 0.47731481481481486 0.015625 0.04166666666666667
0 0.7489583333333333 0.9175925925925926 0.028125 0.061111111111111116
0 0.7583333333333333 0.825925925925926 0.021875 0.061111111111111116
0 0.34453125 0.18842592592592594 0.015104166666666667 0.03425925925925926
0 0.8312499999999999 0.04120370370370371 0.009375 0.026851851851851852
0 0.5322916666666666 0.11388888888888889 0.014583333333333334 0.031481481481481485
0 0.79453125 0.08750000000000001 0.011979166666666666 0.028703703703703703
0 0.6885416666666666 0.8356481481481481 0.03229166666666666 0.06574074074074074
0 0.7356770833333334 0.08055555555555556 0.0109375 0.02592592592592593
0 0.3619791666666667 0.16527777777777777 0.015625 0.030555555555555558
0 0.82890625 0.9550925925925926 0.0265625 0.04722222222222222
0 0.02578125 0.6351851851851852 0.0234375 0.03888888888888889
0 0.20989583333333334 0.8972222222222223 0.026041666666666668 0.05185185185185186
0 0.4609375 0.017592592592592594 0.013541666666666667 0.02962962962962963
0 0.010416666666666666 0.6861111111111111 0.017708333333333333 0.03888888888888889
0 0.37005208333333334 0.27222222222222225 0.0140625 0.02962962962962963
0 0.37057291666666664 0.32592592592592595 0.019270833333333334 0.03888888888888889
0 0.46770833333333334 0.8643518518518519 0.027083333333333334 0.05462962962962963
0 0.7481770833333333 0.05925925925925926 0.009895833333333333 0.022222222222222223
