0 0.7609375 0.33287037037037037 0.021875 0.04166666666666667
0 0.33619791666666665 0.39675925925925926 0.018229166666666668 0.04722222222222222
0 0.5963541666666666 0.061111111111111116 0.013541666666666667 0.02777777777777778
0 0.37604166666666666 0.30694444444444446 0.017708333333333333 0.03796296296296296
0 0.4817708333333333 0.5652777777777778 0.017708333333333333 0.049074074074074076
0 0.4875 0.48703703703703705 0.01875 0.04814814814814815
0 0.54375 0.11666666666666667 0.01875 0.03888888888888889
0 0.5372395833333333 0.5694444444444444 0.0203125 0.053703703703703705
0 0.3098958333333333 0.075 0.014583333333333334 0.031481481481481485
0 0.74921875 0.021296296296296296 0.011979166666666666 0.024074074074074074
0 0.7450520833333333 0.9013888888888889 0.0265625 0.05648148148148149
0 0.8299479166666667 0.9587962962962964 0.024479166666666666 0.05092592592592593
0 0.6270833333333333 0.08101851851851852 0.0125 0.030555555555555558
0 0.75703125 0.8245370370370371 0.0234375 0.06018518518518519
0 0.2986979166666667 0.1277777777777778 0.0140625 0.03333333333333333
0 0.3765625 0.19351851851851853 0.015625 0.03518518518518519
0 0.8145833333333333 0.08750000000000001 0.011458333333333333 0.030555555555555558
0 0.39791666666666664 0.4393518518518519 0.011458333333333333 0.030555555555555558
0 0.6880208333333333 0.8398148148148148 0.03229166666666666 0.06666666666666667
0 0.5580729166666667 0.11481481481481481 0.015104166666666667 0.031481481481481485
0 0.48151041666666666 0.018518518518518517 0.011979166666666666 0.02962962962962963
0 0.4640625 0.8699074074074075 0.030208333333333334 0.058333333333333334
0 0.02421875 0.637962962962963 0.024479166666666666 0.04259259259259259
0 0.009375 0.687962962962963 0.015625 0.04259259259259259
0 0.22734374999999998 0.9069444444444444 0.0203125 0.04537037037037037
0 0.3890625 0.17037037037037037 0.016666666666666666 0.037037037037037035
0 0.40390624999999997 0.26666666666666666 0.0140625 0.02777777777777778
0 0.76953125 0.059722222222222225 0.009895833333333333 0.02314814814814815
0 0.75234375 0.0787037037037037 0.0140625 0.02962962962962963
