0 0.7927083333333333 0.33796296296296297 0.022916666666666665 0.044444444444444446
0 0.571875 0.059722222222222225 0.014583333333333334 0.030555555555555558
0 0.5380208333333333 0.5787037037037037 0.020833333333333332 0.05740740740740741
0 0.7338541666666667 0.021296296296296296 0.013541666666666667 0.02592592592592593
0 0.33203125 0.42129629629629634 0.019270833333333334 0.0462962962962963
0 0.5130208333333334 0.4935185185185185 0.01875 0.04814814814814815
0 0.48072916666666665 0.575925925925926 0.017708333333333333 0.044444444444444446
0 0.7481770833333333 0.9166666666666667 0.028645833333333332 0.061111111111111116
0 0.39166666666666666 0.4689814814814815 0.016666666666666666 0.04351851851851852
0 0.5247395833333334 0.11898148148148148 0.015104166666666667 0.03425925925925926
0 0.27630208333333334 0.12731481481481483 0.013020833333333334 0.036111111111111115
0 0.2921875 0.07407407407407407 0.013541666666666667 0.02962962962962963
0 0.7979166666666666 0.08703703703703704 0.013541666666666667 0.03518518518518519
0 0.35130208333333335 0.1865740740740741 0.0171875 0.036111111111111115
0 0.5984375 0.0787037037037037 0.0125 0.02592592592592593
0 0.7580729166666667 0.8240740740740741 0.021354166666666667 0.05555555555555556
0 0.8354166666666667 0.040740740740740744 0.009375 0.02592592592592593
0 0.6885416666666666 0.8365740740740741 0.03333333333333333 0.06759259259259259
0 0.21354166666666666 0.8976851851851853 0.026041666666666668 0.049074074074074076
0 0.53671875 0.1125 0.015104166666666667 0.032407407407407406
0 0.828125 0.9569444444444445 0.02395833333333333 0.04537037037037037
0 0.4653645833333333 0.018518518518518517 0.013020833333333334 0.02962962962962963
0 0.73984375 0.08240740740740742 0.009895833333333333 0.020370370370370372
0 0.36744791666666665 0.16944444444444445 0.015104166666666667 0.03333333333333333
0 0.023697916666666666 0.637962962962963 0.024479166666666666 0.04814814814814815
0 0.009375 0.6814814814814815 0.015625 0.03888888888888889
0 0.4671875 0.8634259259259259 0.027083333333333334 0.05462962962962963
0 0.375 0.27083333333333337 0.016666666666666666 0.032407407407407406
0 0.3716145833333333 0.32222222222222224 0.019270833333333334 0.03888888888888889
0 0.753125 0.05740740740740741 0.010416666666666666 0.020370370370370372
