0 0.7674479166666667 0.33194444444444443 0.021354166666666667 0.04166666666666667
0 0.33515625 0.3995370370370371 0.019270833333333334 0.04722222222222222
0 0.3755208333333333 0.3111111111111111 0.017708333333333333 0.03888888888888889
0 0.7455729166666667 0.02175925925925926 0.013020833333333334 0.025
0 0.8450520833333334 0.04490740740740741 0.013020833333333334 0.028703703703703703
0 0.5388020833333333 0.11620370370370371 0.01614583333333333 0.036111111111111115
0 0.49296875 0.48935185185185187 0.019270833333333334 0.05092592592592593
0 0.3059895833333333 0.07546296296296297 0.013020833333333334 0.032407407407407406
0 0.6205729166666667 0.0837962962962963 0.013020833333333334 0.032407407407407406
0 0.7453125 0.9046296296296297 0.027083333333333334 0.05555555555555556
0 0.3716145833333333 0.19212962962962965 0.01614583333333333 0.036111111111111115
0 0.5908854166666666 0.06296296296296297 0.013020833333333334 0.02962962962962963
0 0.5375 0.5736111111111112 0.019791666666666666 0.058333333333333334
0 0.48125 0.5671296296296297 0.019791666666666666 0.04722222222222222
0 0.7567708333333333 0.825462962962963 0.022916666666666665 0.058333333333333334
0 0.8296875 0.9592592592592593 0.02395833333333333 0.053703703703703705
0 0.3966145833333333 0.4476851851851852 0.0140625 0.03981481481481482
0 0.2947916666666667 0.12731481481481483 0.0125 0.032407407407407406
0 0.8117187499999999 0.08888888888888889 0.0109375 0.02777777777777778
0 0.55390625 0.11435185185185186 0.015104166666666667 0.030555555555555558
0 0.46484375 0.8652777777777778 0.0296875 0.05277777777777778
0 0.6875 0.8388888888888889 0.03125 0.06481481481481481
0 0.4778645833333333 0.01712962962962963 0.011979166666666666 0.030555555555555558
0 0.025 0.637962962962963 0.02395833333333333 0.04259259259259259
0 0.38359375 0.1675925925925926 0.0140625 0.02777777777777778
0 0.010677083333333334 0.6875 0.018229166666666668 0.04351851851851852
0 0.22421875 0.9060185185185186 0.024479166666666666 0.04722222222222222
0 0.396875 0.27037037037037037 0.015625 0.031481481481481485
0 0.7653645833333333 0.061111111111111116 0.0140625 0.022222222222222223
0 0.7497395833333333 0.08055555555555556 0.0140625 0.037037037037037035
