0 0.06276041666666667 0.35324074074074074 0.021354166666666667 0.03796296296296296
0 0.46249999999999997 0.862962962962963 0.027083333333333334 0.053703703703703705
0 0.15911458333333334 0.23703703703703705 0.015104166666666667 0.03333333333333333
0 0.7825520833333334 0.10324074074074074 0.01614583333333333 0.036111111111111115
0 0.47604166666666664 0.4902777777777778 0.01875 0.04722222222222222
0 0.9247395833333333 0.1736111111111111 0.0203125 0.04351851851851852
0 0.5322916666666666 0.46851851851851856 0.01875 0.05
0 0.8927083333333333 0.17175925925925928 0.01875 0.03981481481481482
0 0.9622395833333334 0.1925925925925926 0.018229166666666668 0.037037037037037035
0 0.3106770833333333 0.20787037037037037 0.01614583333333333 0.028703703703703703
0 0.5950520833333334 0.05185185185185186 0.011979166666666666 0.03333333333333333
0 0.7505208333333333 0.9013888888888889 0.025 0.05462962962962963
0 0.5903645833333333 0.07731481481481482 0.01614583333333333 0.036111111111111115
0 0.3140625 0.4 0.01875 0.044444444444444446
0 0.5486979166666667 0.06898148148148149 0.0140625 0.036111111111111115
0 0.9044270833333333 0.5856481481481481 0.0234375 0.049074074074074076
0 0.034375 0.4481481481481482 0.020833333333333332 0.044444444444444446
0 0.7653645833333333 0.8217592592592593 0.022395833333333334 0.05277777777777778
0 0.3421875 0.22731481481481483 0.011458333333333333 0.026851851851851852
0 0.11302083333333333 0.28703703703703703 0.014583333333333334 0.03333333333333333
0 0.69296875 0.8398148148148148 0.03177083333333333 0.06481481481481481
0 0.82890625 0.9625 0.025520833333333333 0.05092592592592593
0 0.11614583333333334 0.2638888888888889 0.016666666666666666 0.03333333333333333
0 0.0296875 0.65 0.025 0.04259259259259259
0 0.010677083333333334 0.6907407407407408 0.019270833333333334 0.04814814814814815
0 0.36484375 0.28703703703703703 0.019270833333333334 0.02962962962962963
0 0.36796875 0.3050925925925926 0.019270833333333334 0.04537037037037037
