0 0.4770833333333333 0.5569444444444445 0.020833333333333332 0.05092592592592593
0 0.8809895833333333 0.2638888888888889 0.022395833333333334 0.03888888888888889
0 0.2296875 0.3472222222222222 0.021875 0.040740740740740744
0 0.4630208333333333 0.8611111111111112 0.025 0.053703703703703705
0 0.9718749999999999 0.12731481481481483 0.016666666666666666 0.03796296296296296
0 0.6614583333333334 0.10092592592592593 0.013541666666666667 0.03518518518518519
0 0.5575520833333333 0.08101851851851852 0.013020833333333334 0.03425925925925926
0 0.76328125 0.8250000000000001 0.022395833333333334 0.05740740740740741
0 0.0171875 0.22222222222222224 0.015625 0.03518518518518519
0 0.5518229166666666 0.4101851851851852 0.021354166666666667 0.0462962962962963
0 0.5065104166666666 0.10740740740740741 0.011979166666666666 0.03333333333333333
0 0.20625 0.23055555555555557 0.01875 0.03518518518518519
0 0.7208333333333333 0.18333333333333335 0.015625 0.03333333333333333
0 0.5390625 0.525462962962963 0.01875 0.05462962962962963
0 0.7515625 0.8981481481481481 0.02395833333333333 0.05185185185185186
0 0.92421875 0.0763888888888889 0.01614583333333333 0.032407407407407406
0 0.8661458333333333 0.23564814814814816 0.017708333333333333 0.03796296296296296
0 0.18958333333333333 0.2888888888888889 0.021875 0.04259259259259259
0 0.23307291666666666 0.24027777777777778 0.015104166666666667 0.032407407407407406
0 0.69453125 0.8388888888888889 0.0328125 0.06666666666666667
0 0.13333333333333333 0.9402777777777778 0.03333333333333333 0.06018518518518519
0 0.19895833333333332 0.27685185185185185 0.019791666666666666 0.03888888888888889
0 0.021875 0.4439814814814815 0.017708333333333333 0.04351851851851852
0 0.8265625 0.9541666666666667 0.029166666666666667 0.05648148148148149
0 0.0296875 0.6490740740740741 0.020833333333333332 0.04259259259259259
0 0.010416666666666666 0.6861111111111111 0.015625 0.040740740740740744
0 0.5611979166666666 0.12407407407407407 0.018229166666666668 0.03888888888888889
