0 0.9171874999999999 0.1962962962962963 0.019791666666666666 0.03888888888888889
0 0.23828125 0.4 0.0203125 0.040740740740740744
0 0.4739583333333333 0.4712962962962963 0.017708333333333333 0.04814814814814815
0 0.61796875 0.06898148148148149 0.01614583333333333 0.030555555555555558
0 0.5598958333333334 0.05694444444444444 0.013541666666666667 0.032407407407407406
0 0.9588541666666667 0.1736111111111111 0.017708333333333333 0.03981481481481482
0 0.7536458333333333 0.9050925925925927 0.022916666666666665 0.05462962962962963
0 0.8778645833333333 0.17407407407407408 0.018229166666666668 0.03888888888888889
0 0.53203125 0.45 0.018229166666666668 0.05
0 0.5997395833333333 0.04259259259259259 0.013020833333333334 0.02962962962962963
0 0.11640625 0.4537037037037037 0.0203125 0.044444444444444446
0 0.8302083333333333 0.10462962962962963 0.014583333333333334 0.03333333333333333
0 0.7986979166666667 0.5814814814814815 0.0203125 0.05
0 0.4661458333333333 0.8662037037037037 0.022916666666666665 0.05092592592592593
0 0.34765625 0.2050925925925926 0.01614583333333333 0.028703703703703703
0 0.007552083333333333 0.35694444444444445 0.015104166666666667 0.03981481481481482
0 0.38255208333333335 0.2189814814814815 0.013020833333333334 0.030555555555555558
0 0.1625 0.2986111111111111 0.013541666666666667 0.032407407407407406
0 0.21432291666666667 0.24351851851851852 0.0140625 0.031481481481481485
0 0.171875 0.26851851851851855 0.017708333333333333 0.03333333333333333
0 0.76796875 0.8240740740740741 0.022395833333333334 0.05555555555555556
0 0.8302083333333333 0.9634259259259259 0.028125 0.05277777777777778
0 0.4309895833333333 0.31342592592592594 0.0171875 0.03796296296296296
0 0.030989583333333334 0.6532407407407408 0.0234375 0.04537037037037037
0 0.43515624999999997 0.29953703703703705 0.018229166666666668 0.04166666666666667
0 0.6966145833333334 0.8384259259259259 0.030729166666666665 0.06759259259259259
0 0.011458333333333333 0.6921296296296297 0.020833333333333332 0.04722222222222222
0 0.015625 0.018055555555555557 0.011458333333333333 0.026851851851851852
