0 0.4674479166666667 0.5175925925925926 0.019270833333333334 0.04814814814814815
0 0.8325520833333333 0.1712962962962963 0.018229166666666668 0.03518518518518519
0 0.5244791666666666 0.48888888888888893 0.019791666666666666 0.053703703703703705
0 0.46197916666666666 0.8643518518518519 0.027083333333333334 0.05648148148148149
0 0.11875 0.34861111111111115 0.021875 0.03981481481481482
0 0.2755208333333333 0.21203703703703705 0.01875 0.03518518518518519
0 0.9736979166666666 0.1712962962962963 0.019270833333333334 0.04259259259259259
0 0.10963541666666667 0.2351851851851852 0.015104166666666667 0.031481481481481485
0 0.74296875 0.10740740740740741 0.01614583333333333 0.037037037037037035
0 0.5861979166666667 0.05601851851851852 0.0109375 0.032407407407407406
0 0.38984375 0.39814814814814814 0.0203125 0.040740740740740744
0 0.7502604166666667 0.899537037037037 0.025520833333333333 0.05277777777777778
0 0.5372395833333333 0.08240740740740742 0.0109375 0.031481481481481485
0 0.6934895833333333 0.8407407407407408 0.033854166666666664 0.06666666666666667
0 0.7643229166666666 0.8268518518518518 0.024479166666666666 0.06481481481481481
0 0.8299479166666667 0.9601851851851853 0.0265625 0.05185185185185186
0 0.58046875 0.08935185185185185 0.013020833333333334 0.03425925925925926
0 0.07369791666666667 0.2518518518518519 0.015104166666666667 0.02962962962962963
0 0.30807291666666664 0.22777777777777777 0.013020833333333334 0.02592592592592593
0 0.06927083333333334 0.2777777777777778 0.013541666666666667 0.02777777777777778
0 0.008072916666666666 0.687962962962963 0.018229166666666668 0.044444444444444446
0 0.0296875 0.6467592592592593 0.025 0.04166666666666667
0 0.9942708333333333 0.2449074074074074 0.011458333333333333 0.03425925925925926
0 0.3072916666666667 0.28611111111111115 0.015625 0.031481481481481485
0 0.30572916666666666 0.3027777777777778 0.015625 0.040740740740740744
