0 0.0171875 0.35462962962962963 0.019791666666666666 0.03888888888888889
0 0.9445312499999999 0.1712962962962963 0.018229166666666668 0.037037037037037035
0 0.25234375 0.40370370370370373 0.018229166666666668 0.040740740740740744
0 0.7520833333333333 0.9041666666666667 0.022916666666666665 0.058333333333333334
0 0.8190104166666666 0.5740740740740741 0.022395833333333334 0.05
0 0.5330729166666667 0.4518518518518519 0.019270833333333334 0.044444444444444446
0 0.4747395833333333 0.475462962962963 0.018229166666666668 0.04537037037037037
0 0.9276041666666667 0.2013888888888889 0.020833333333333332 0.03796296296296296
0 0.8864583333333333 0.1763888888888889 0.01875 0.03796296296296296
0 0.82109375 0.10324074074074074 0.0140625 0.032407407407407406
0 0.09973958333333333 0.45046296296296295 0.0203125 0.04351851851851852
0 0.4653645833333333 0.8652777777777778 0.024479166666666666 0.05462962962962963
0 0.340625 0.20740740740740743 0.016666666666666666 0.031481481481481485
0 0.203125 0.2425925925925926 0.014583333333333334 0.031481481481481485
0 0.5578125 0.05925925925925926 0.0125 0.031481481481481485
0 0.6125 0.07222222222222223 0.014583333333333334 0.031481481481481485
0 0.5963541666666666 0.04398148148148148 0.0125 0.030555555555555558
0 0.7669270833333334 0.8273148148148148 0.022395833333333334 0.058333333333333334
0 0.15989583333333332 0.26712962962962966 0.01875 0.030555555555555558
0 0.6921875 0.8462962962962963 0.034375 0.07037037037037037
0 0.37395833333333334 0.2189814814814815 0.0125 0.030555555555555558
0 0.15182291666666667 0.2962962962962963 0.01614583333333333 0.03333333333333333
0 0.41562499999999997 0.312962962962963 0.019791666666666666 0.044444444444444446
0 0.8294270833333334 0.9574074074074075 0.024479166666666666 0.053703703703703705
0 0.030989583333333334 0.6513888888888889 0.0234375 0.04166666666666667
0 0.4236979166666667 0.2972222222222222 0.01614583333333333 0.037037037037037035
0 0.009895833333333333 0.6925925925925926 0.019791666666666666 0.04259259259259259
0 0.0067708333333333336 0.013425925925925926 0.010416666666666666 0.02314814814814815
