0 0.24661458333333333 0.24212962962962964 0.015104166666666667 0.03425925925925926
0 0.52734375 0.4277777777777778 0.019270833333333334 0.04814814814814815
0 0.6270833333333333 0.0638888888888889 0.014583333333333334 0.031481481481481485
0 0.5669270833333333 0.04861111111111111 0.013020833333333334 0.030555555555555558
0 0.47682291666666665 0.4564814814814815 0.019270833333333334 0.0462962962962963
0 0.8854166666666666 0.20277777777777778 0.019791666666666666 0.03888888888888889
0 0.40651041666666665 0.2175925925925926 0.0140625 0.031481481481481485
0 0.8583333333333333 0.10185185185185186 0.016666666666666666 0.037037037037037035
0 0.9471354166666667 0.3074074074074074 0.022395833333333334 0.04259259259259259
0 0.16692708333333334 0.4620370370370371 0.021354166666666667 0.044444444444444446
0 0.75546875 0.9046296296296297 0.025520833333333333 0.05555555555555556
0 0.7674479166666667 0.8231481481481482 0.024479166666666666 0.05740740740740741
0 0.8429687499999999 0.17083333333333334 0.019270833333333334 0.036111111111111115
0 0.18671875 0.40370370370370373 0.021354166666666667 0.040740740740740744
0 0.609375 0.03425925925925926 0.0125 0.031481481481481485
0 0.19348958333333333 0.300462962962963 0.01614583333333333 0.036111111111111115
0 0.46432291666666664 0.8689814814814815 0.0234375 0.05648148148148149
0 0.37083333333333335 0.20416666666666666 0.016666666666666666 0.026851851851851852
0 0.7325520833333333 0.5837962962962964 0.021354166666666667 0.05092592592592593
0 0.20182291666666666 0.275 0.0171875 0.03333333333333333
0 0.8317708333333333 0.962962962962963 0.027083333333333334 0.05185185185185186
0 0.01015625 0.6939814814814815 0.0203125 0.04537037037037037
0 0.03229166666666666 0.6546296296296297 0.026041666666666668 0.04259259259259259
0 0.9908854166666666 0.009259259259259259 0.013020833333333334 0.018518518518518517
0 0.6950520833333333 0.8407407407407408 0.0328125 0.05740740740740741
0 0.9981770833333333 0.17916666666666667 0.0109375 0.03425925925925926
0 0.47604166666666664 0.3111111111111111 0.020833333333333332 0.04814814814814815
0 0.03854166666666667 0.018055555555555557 0.015625 0.026851851851851852
0 0.0049479166666666664 0.050462962962962966 0.0078125 0.02314814814814815
0 0.008072916666666666 0.06342592592592593 0.008854166666666666 0.02314814814814815
