0 0.4635416666666667 0.8648148148148148 0.02395833333333333 0.05185185185185186
0 0.27057291666666666 0.40046296296296297 0.021354166666666667 0.04537037037037037
0 0.030989583333333334 0.3490740740740741 0.018229166666666668 0.037037037037037035
0 0.89921875 0.17731481481481481 0.0203125 0.03796296296296296
0 0.33177083333333335 0.20925925925925926 0.016666666666666666 0.031481481481481485
0 0.5544270833333333 0.062037037037037036 0.013020833333333334 0.031481481481481485
0 0.928125 0.1675925925925926 0.017708333333333333 0.037037037037037035
0 0.5341145833333333 0.4569444444444445 0.0203125 0.049074074074074076
0 0.7518229166666667 0.9046296296296297 0.0234375 0.05740740740740741
0 0.1875 0.24120370370370373 0.014583333333333334 0.03425925925925926
0 0.80703125 0.1050925925925926 0.01614583333333333 0.03425925925925926
0 0.07994791666666666 0.4532407407407408 0.0203125 0.04722222222222222
0 0.47552083333333334 0.47824074074074074 0.017708333333333333 0.04537037037037037
0 0.8419270833333333 0.5773148148148148 0.021354166666666667 0.05092592592592593
0 0.5934895833333333 0.04722222222222222 0.013020833333333334 0.03333333333333333
0 0.7661458333333333 0.8240740740740741 0.022916666666666665 0.05740740740740741
0 0.365625 0.2240740740740741 0.0125 0.02962962962962963
0 0.13932291666666666 0.2990740740740741 0.0171875 0.03518518518518519
0 0.9403645833333333 0.19907407407407407 0.0171875 0.037037037037037035
0 0.6046875 0.07453703703703704 0.013541666666666667 0.032407407407407406
0 0.8291666666666666 0.9601851851851853 0.026041666666666668 0.05555555555555556
0 0.14583333333333334 0.26851851851851855 0.01875 0.02777777777777778
0 0.6919270833333333 0.8425925925925927 0.03177083333333333 0.06666666666666667
0 0.030208333333333334 0.6518518518518519 0.02395833333333333 0.04259259259259259
0 0.01015625 0.6925925925925926 0.0203125 0.04259259259259259
0 0.403125 0.30972222222222223 0.022916666666666665 0.04722222222222222
