0 0.5294270833333333 0.4393518518518519 0.019270833333333334 0.04722222222222222
0 0.6065104166666666 0.03796296296296296 0.013020833333333334 0.02962962962962963
0 0.9002604166666667 0.1962962962962963 0.019270833333333334 0.03888888888888889
0 0.9828125 0.17314814814814816 0.01875 0.037037037037037035
0 0.56484375 0.05324074074074074 0.013020833333333334 0.030555555555555558
0 0.62421875 0.06574074074074074 0.015104166666666667 0.031481481481481485
0 0.14348958333333334 0.45972222222222225 0.021354166666666667 0.04351851851851852
0 0.8596354166666667 0.17592592592592593 0.0203125 0.03888888888888889
0 0.2328125 0.24120370370370373 0.015625 0.03425925925925926
0 0.4653645833333333 0.8680555555555556 0.0234375 0.05462962962962963
0 0.8447916666666666 0.10462962962962963 0.015625 0.03518518518518519
0 0.4739583333333333 0.4625 0.017708333333333333 0.04537037037037037
0 0.45598958333333334 0.3074074074074074 0.021354166666666667 0.04814814814814815
0 0.7546875 0.9046296296296297 0.02395833333333333 0.05555555555555556
0 0.36041666666666666 0.20694444444444446 0.016666666666666666 0.026851851851851852
0 0.18880208333333334 0.27361111111111114 0.0171875 0.032407407407407406
0 0.7638020833333333 0.5796296296296296 0.022395833333333334 0.05
0 0.18046875 0.3037037037037037 0.015104166666666667 0.03518518518518519
0 0.21119791666666665 0.3995370370370371 0.018229166666666668 0.03981481481481482
0 0.83203125 0.9643518518518519 0.0265625 0.049074074074074076
0 0.39557291666666666 0.21944444444444444 0.015104166666666667 0.03333333333333333
0 0.76796875 0.8226851851851852 0.022395833333333334 0.05277777777777778
0 0.69375 0.8476851851851852 0.034375 0.0712962962962963
0 0.032552083333333336 0.6513888888888889 0.0234375 0.03981481481481482
0 0.9744791666666667 0.31527777777777777 0.019791666666666666 0.04537037037037037
0 0.01015625 0.6935185185185185 0.0203125 0.0462962962962963
0 0.0296875 0.018055555555555557 0.015625 0.026851851851851852
0 0.017447916666666667 0.10185185185185186 0.008854166666666666 0.022222222222222223
