0 0.3015625 0.3541666666666667 0.021875 0.03981481481481482
0 0.46249999999999997 0.862962962962963 0.026041666666666668 0.05185185185185186
0 0.9080729166666667 0.12314814814814816 0.019270833333333334 0.040740740740740744
0 0.48463541666666665 0.13148148148148148 0.015104166666666667 0.03518518518518519
0 0.5359375 0.5310185185185186 0.020833333333333332 0.05462962962962963
0 0.471875 0.5717592592592593 0.020833333333333332 0.049074074074074076
0 0.6604166666666667 0.17731481481481481 0.014583333333333334 0.03425925925925926
0 0.07213541666666666 0.4671296296296297 0.019270833333333334 0.04166666666666667
0 0.65859375 0.41712962962962963 0.0203125 0.05092592592592593
0 0.53828125 0.10787037037037038 0.013020833333333334 0.036111111111111115
0 0.16302083333333334 0.24074074074074076 0.017708333333333333 0.03518518518518519
0 0.6106770833333334 0.09583333333333334 0.015104166666666667 0.03425925925925926
0 0.18697916666666667 0.25324074074074077 0.016666666666666666 0.03425925925925926
0 0.7598958333333333 0.8305555555555556 0.022916666666666665 0.05925925925925926
0 0.7513020833333334 0.9009259259259259 0.025520833333333333 0.053703703703703705
0 0.13307291666666665 0.274537037037037 0.0171875 0.03796296296296296
0 0.11692708333333333 0.2888888888888889 0.018229166666666668 0.03888888888888889
0 0.85 0.07824074074074075 0.016666666666666666 0.03425925925925926
0 0.79140625 0.24120370370370373 0.018229166666666668 0.04351851851851852
0 0.79296875 0.26481481481481484 0.018229166666666668 0.03888888888888889
0 0.6921875 0.8384259259259259 0.029166666666666667 0.062037037037037036
0 0.16666666666666666 0.9166666666666667 0.029166666666666667 0.06296296296296297
0 0.5463541666666667 0.14907407407407408 0.015625 0.04259259259259259
0 0.9625 0.0763888888888889 0.011458333333333333 0.026851851851851852
0 0.029166666666666667 0.6449074074074075 0.02395833333333333 0.03981481481481482
0 0.008854166666666666 0.6870370370370371 0.019791666666666666 0.044444444444444446
0 0.8286458333333333 0.9611111111111111 0.028125 0.05
0 0.8166666666666667 0.3180555555555556 0.017708333333333333 0.036111111111111115
