0 0.6802083333333333 0.4189814814814815 0.01875 0.04537037037037037
0 0.471875 0.5703703703703704 0.019791666666666666 0.04814814814814815
0 0.5348958333333333 0.5300925925925926 0.019791666666666666 0.05092592592592593
0 0.3182291666666667 0.3527777777777778 0.020833333333333332 0.040740740740740744
0 0.6010416666666667 0.09583333333333334 0.014583333333333334 0.03425925925925926
0 0.6479166666666667 0.17685185185185187 0.015625 0.03518518518518519
0 0.8958333333333334 0.12685185185185185 0.016666666666666666 0.03518518518518519
0 0.5356770833333333 0.10972222222222222 0.013020833333333334 0.03425925925925926
0 0.4825520833333333 0.13425925925925927 0.015104166666666667 0.03518518518518519
0 0.15546875 0.2425925925925926 0.0171875 0.037037037037037035
0 0.4614583333333333 0.8652777777777778 0.026041666666666668 0.05648148148148149
0 0.5450520833333333 0.1564814814814815 0.015104166666666667 0.037037037037037035
0 0.08203125 0.4759259259259259 0.018229166666666668 0.040740740740740744
0 0.759375 0.8273148148148148 0.021875 0.049074074074074076
0 0.7497395833333333 0.9018518518518519 0.0234375 0.053703703703703705
0 0.7755208333333333 0.24166666666666667 0.01875 0.04814814814814815
0 0.6921875 0.8393518518518519 0.029166666666666667 0.06018518518518519
0 0.10234375 0.287962962962963 0.021354166666666667 0.04259259259259259
0 0.11692708333333333 0.2763888888888889 0.0171875 0.03796296296296296
0 0.17890625 0.2564814814814815 0.0140625 0.02962962962962963
0 0.77421875 0.26666666666666666 0.018229166666666668 0.0462962962962963
0 0.8354166666666667 0.07916666666666666 0.015625 0.03425925925925926
0 0.9552083333333333 0.07731481481481482 0.010416666666666666 0.025
0 0.0296875 0.6435185185185185 0.02395833333333333 0.037037037037037035
0 0.8265625 0.9560185185185186 0.021875 0.04722222222222222
0 0.17239583333333333 0.9111111111111111 0.03229166666666666 0.05740740740740741
0 0.009375 0.6861111111111111 0.015625 0.03888888888888889
0 0.8041666666666667 0.31342592592592594 0.016666666666666666 0.036111111111111115
