0 0.6713541666666667 0.41805555555555557 0.019791666666666666 0.04537037037037037
0 0.31145833333333334 0.3550925925925926 0.020833333333333332 0.03981481481481482
0 0.9 0.12453703703703704 0.019791666666666666 0.03796296296296296
0 0.47239583333333335 0.5708333333333333 0.019791666666666666 0.049074074074074076
0 0.53515625 0.5324074074074074 0.0203125 0.05555555555555556
0 0.4627604166666667 0.8657407407407408 0.024479166666666666 0.053703703703703705
0 0.4830729166666667 0.13425925925925927 0.015104166666666667 0.03518518518518519
0 0.6528645833333333 0.1763888888888889 0.01614583333333333 0.03425925925925926
0 0.5375 0.10925925925925926 0.0125 0.03518518518518519
0 0.6049479166666667 0.09537037037037037 0.0140625 0.031481481481481485
0 0.5466145833333333 0.15601851851851853 0.0140625 0.030555555555555558
0 0.7505208333333333 0.9023148148148149 0.025 0.05462962962962963
0 0.15859375 0.24027777777777778 0.018229166666666668 0.03425925925925926
0 0.07708333333333334 0.4712962962962963 0.017708333333333333 0.037037037037037035
0 0.7598958333333333 0.8277777777777778 0.021875 0.05185185185185186
0 0.78203125 0.25 0.018229166666666668 0.05
0 0.69296875 0.837037037037037 0.0296875 0.061111111111111116
0 0.7817708333333333 0.2689814814814815 0.01875 0.04351851851851852
0 0.1828125 0.25416666666666665 0.014583333333333334 0.028703703703703703
0 0.10598958333333333 0.2898148148148148 0.019270833333333334 0.0462962962962963
0 0.8408854166666666 0.08101851851851852 0.0171875 0.036111111111111115
0 0.95703125 0.07824074074074075 0.0109375 0.025
0 0.029427083333333333 0.6439814814814815 0.024479166666666666 0.03981481481481482
0 0.80859375 0.30972222222222223 0.018229166666666668 0.032407407407407406
0 0.12239583333333333 0.2712962962962963 0.016666666666666666 0.037037037037037035
0 0.010416666666666666 0.6875 0.017708333333333333 0.04351851851851852
0 0.17421875 0.9166666666666667 0.03177083333333333 0.061111111111111116
0 0.8255208333333334 0.9597222222222223 0.021875 0.04537037037037037
