0 0.97109375 0.27222222222222225 0.022395833333333334 0.044444444444444446
0 0.4005208333333333 0.7722222222222223 0.028125 0.05925925925925926
0 0.5106770833333333 0.2763888888888889 0.018229166666666668 0.036111111111111115
0 0.9679687499999999 0.8837962962962963 0.0296875 0.0638888888888889
0 0.22708333333333333 0.22314814814814815 0.020833333333333332 0.03333333333333333
0 0.4361979166666667 0.22731481481481483 0.01614583333333333 0.03981481481481482
0 0.6986979166666667 0.09537037037037037 0.01614583333333333 0.03333333333333333
0 0.04583333333333333 0.031481481481481485 0.0125 0.02962962962962963
0 0.17447916666666666 0.19722222222222224 0.017708333333333333 0.031481481481481485
0 0.7294270833333333 0.20185185185185187 0.0171875 0.037037037037037035
0 0.3716145833333333 0.9041666666666667 0.0328125 0.062037037037037036
0 0.6684895833333333 0.21805555555555556 0.0171875 0.04166666666666667
0 0.6924479166666666 0.13333333333333333 0.01614583333333333 0.03518518518518519
0 0.38619791666666664 0.8282407407407407 0.0265625 0.05462962962962963
0 0.7700520833333333 0.09444444444444444 0.011979166666666666 0.031481481481481485
0 0.3677083333333333 0.21435185185185185 0.01875 0.036111111111111115
0 0.5885416666666666 0.17731481481481481 0.015625 0.036111111111111115
0 0.03125 0.37222222222222223 0.015625 0.037037037037037035
0 0.09244791666666667 0.33611111111111114 0.0171875 0.03518518518518519
0 0.33697916666666666 0.3439814814814815 0.016666666666666666 0.04351851851851852
0 0.01796875 0.42638888888888893 0.022395833333333334 0.049074074074074076
0 0.06666666666666667 0.3740740740740741 0.017708333333333333 0.037037037037037035
0 0.3171875 0.03425925925925926 0.011458333333333333 0.024074074074074074
0 0.6825520833333333 0.85 0.033854166666666664 0.061111111111111116
0 0.5885416666666666 0.2064814814814815 0.014583333333333334 0.037037037037037035
0 0.2947916666666667 0.2518518518518519 0.01875 0.03333333333333333
0 0.4518229166666667 0.8814814814814815 0.0265625 0.05555555555555556
0 0.240625 0.2189814814814815 0.017708333333333333 0.03425925925925926
0 0.2513020833333333 0.4027777777777778 0.021354166666666667 0.044444444444444446
0 0.28880208333333335 0.22268518518518518 0.019270833333333334 0.028703703703703703
0 0.346875 0.3013888888888889 0.01875 0.03796296296296296
0 0.14088541666666665 0.1462962962962963 0.013020833333333334 0.02962962962962963
0 0.134375 0.1550925925925926 0.017708333333333333 0.032407407407407406
0 0.5786458333333333 0.31342592592592594 0.016666666666666666 0.036111111111111115
0 0.6692708333333334 0.012037037037037037 0.015625 0.020370370370370372
0 0.7671875 0.011111111111111112 0.010416666666666666 0.022222222222222223
0 0.77421875 0.020833333333333336 0.0140625 0.02314814814814815
0 0.9401041666666666 0.006944444444444445 0.010416666666666666 0.01388888888888889
0 0.9755208333333333 0.3578703703703704 0.015625 0.03425925925925926
0 0.96953125 0.3731481481481482 0.018229166666666668 0.037037037037037035
0 0.007552083333333333 0.5740740740740741 0.013020833333333334 0.04259259259259259
