0 0.4002604166666667 0.762962962962963 0.024479166666666666 0.053703703703703705
0 0.14010416666666667 0.2162037037037037 0.021875 0.036111111111111115
0 0.065625 0.20694444444444446 0.017708333333333333 0.03425925925925926
0 0.36015625 0.9157407407407407 0.027604166666666666 0.05740740740740741
0 0.78125 0.09444444444444444 0.015625 0.03333333333333333
0 0.58984375 0.21944444444444444 0.018229166666666668 0.037037037037037035
0 0.3341145833333333 0.22546296296296298 0.018229166666666668 0.03981481481481482
0 0.38619791666666664 0.825462962962963 0.025520833333333333 0.049074074074074076
0 0.9169270833333333 0.5356481481481482 0.028645833333333332 0.05462962962962963
0 0.45234375 0.8912037037037037 0.024479166666666666 0.05648148148148149
0 0.3966145833333333 0.27731481481481485 0.015104166666666667 0.036111111111111115
0 0.5229166666666667 0.24351851851851852 0.015625 0.037037037037037035
0 0.6463541666666667 0.23425925925925928 0.015625 0.03518518518518519
0 0.9692708333333333 0.38101851851851853 0.017708333333333333 0.04166666666666667
0 0.20390624999999998 0.33333333333333337 0.0203125 0.03518518518518519
0 0.84765625 0.6518518518518519 0.024479166666666666 0.05185185185185186
0 0.85703125 0.2833333333333333 0.0203125 0.044444444444444446
0 0.22838541666666667 0.1726851851851852 0.015104166666666667 0.030555555555555558
0 0.5072916666666667 0.20787037037037037 0.015625 0.036111111111111115
0 0.62265625 0.15 0.01614583333333333 0.03333333333333333
0 0.8528645833333334 0.09953703703703703 0.011979166666666666 0.028703703703703703
0 0.68203125 0.28240740740740744 0.0140625 0.03333333333333333
0 0.6815104166666667 0.8518518518518519 0.0328125 0.06296296296296297
0 0.25286458333333334 0.030092592592592594 0.008854166666666666 0.02314814814814815
0 0.8591145833333333 0.3490740740740741 0.019270833333333334 0.044444444444444446
0 0.22109375 0.28935185185185186 0.0171875 0.032407407407407406
0 0.67578125 0.012037037037037037 0.015104166666666667 0.024074074074074074
0 0.2677083333333333 0.21805555555555556 0.01875 0.03796296296296296
0 0.8375 0.007407407407407408 0.010416666666666666 0.014814814814814815
0 0.8794270833333333 0.029166666666666667 0.0109375 0.025
0 0.24140625 0.15092592592592594 0.0140625 0.031481481481481485
0 0.8505208333333333 0.3652777777777778 0.020833333333333332 0.04351851851851852
0 0.8588541666666667 0.018055555555555557 0.016666666666666666 0.026851851851851852
0 0.19765625 0.22175925925925927 0.024479166666666666 0.03425925925925926
0 0.19453125 0.2523148148148148 0.0203125 0.036111111111111115
0 0.15911458333333334 0.38472222222222224 0.0265625 0.04722222222222222
