0 0.4005208333333333 0.7620370370370371 0.025 0.05185185185185186
0 0.1375 0.2162037037037037 0.021875 0.036111111111111115
0 0.06328125 0.20555555555555557 0.0171875 0.031481481481481485
0 0.3606770833333333 0.9148148148148149 0.028645833333333332 0.05925925925925926
0 0.33203125 0.22592592592592595 0.018229166666666668 0.03888888888888889
0 0.78359375 0.09583333333333334 0.01614583333333333 0.036111111111111115
0 0.3927083333333333 0.27592592592592596 0.014583333333333334 0.031481481481481485
0 0.2 0.33194444444444443 0.020833333333333332 0.036111111111111115
0 0.9125 0.5347222222222222 0.028125 0.05277777777777778
0 0.965625 0.37777777777777777 0.019791666666666666 0.040740740740740744
0 0.3859375 0.825462962962963 0.026041666666666668 0.049074074074074076
0 0.6434895833333333 0.23564814814814816 0.018229166666666668 0.036111111111111115
0 0.4513020833333333 0.8907407407407407 0.022395833333333334 0.053703703703703705
0 0.5877604166666667 0.21944444444444444 0.018229166666666668 0.037037037037037035
0 0.8427083333333333 0.6518518518518519 0.02395833333333333 0.05185185185185186
0 0.52109375 0.24537037037037038 0.015104166666666667 0.040740740740740744
0 0.5052083333333334 0.2087962962962963 0.016666666666666666 0.03796296296296296
0 0.8541666666666666 0.09953703703703703 0.0125 0.03425925925925926
0 0.23046875 0.1726851851851852 0.01614583333333333 0.030555555555555558
0 0.8533854166666667 0.2837962962962963 0.0203125 0.04166666666666667
0 0.6838541666666667 0.28055555555555556 0.016666666666666666 0.03333333333333333
0 0.6203125 0.1513888888888889 0.014583333333333334 0.032407407407407406
0 0.6807291666666666 0.8518518518518519 0.03333333333333333 0.06296296296296297
0 0.8575520833333333 0.3490740740740741 0.019270833333333334 0.04259259259259259
0 0.190625 0.25324074074074077 0.01875 0.036111111111111115
0 0.21640625 0.2888888888888889 0.0171875 0.03333333333333333
0 0.265625 0.22175925925925927 0.017708333333333333 0.04166666666666667
0 0.88125 0.029166666666666667 0.014583333333333334 0.028703703703703703
0 0.67578125 0.011574074074074075 0.0140625 0.02314814814814815
0 0.19661458333333334 0.2240740740740741 0.0171875 0.03518518518518519
0 0.8359375 0.006944444444444445 0.009375 0.01388888888888889
0 0.8447916666666666 0.3648148148148148 0.016666666666666666 0.03888888888888889
0 0.2515625 0.028240740740740743 0.0125 0.025
0 0.24583333333333332 0.14722222222222223 0.016666666666666666 0.02962962962962963
0 0.15833333333333333 0.3824074074074074 0.022916666666666665 0.040740740740740744
0 0.8606770833333334 0.02314814814814815 0.015104166666666667 0.031481481481481485
