0 0.40260416666666665 0.22175925925925927 0.017708333333333333 0.03981481481481482
0 0.13697916666666665 0.20555555555555557 0.017708333333333333 0.031481481481481485
0 0.471875 0.2796296296296296 0.01875 0.037037037037037035
0 0.023177083333333334 0.03518518518518519 0.0140625 0.02777777777777778
0 0.3989583333333333 0.7694444444444445 0.026041666666666668 0.05555555555555556
0 0.9346354166666666 0.2796296296296296 0.0234375 0.044444444444444446
0 0.45208333333333334 0.8842592592592593 0.029166666666666667 0.061111111111111116
0 0.9322916666666666 0.9444444444444445 0.035416666666666666 0.07037037037037037
0 0.7236979166666666 0.09537037037037037 0.01614583333333333 0.03333333333333333
0 0.36614583333333334 0.9069444444444444 0.028125 0.05462962962962963
0 0.33489583333333334 0.21851851851851853 0.017708333333333333 0.03888888888888889
0 0.5643229166666667 0.21296296296296297 0.01614583333333333 0.04259259259259259
0 0.29244791666666664 0.34305555555555556 0.021354166666666667 0.03981481481481482
0 0.6424479166666667 0.21342592592592594 0.0140625 0.036111111111111115
0 0.6127604166666667 0.3027777777777778 0.0171875 0.03888888888888889
0 0.38567708333333334 0.825925925925926 0.0265625 0.05185185185185186
0 0.03697916666666667 0.34490740740740744 0.01875 0.036111111111111115
0 0.9502604166666666 0.6337962962962963 0.021354166666666667 0.04537037037037037
0 0.66875 0.13703703703703704 0.016666666666666666 0.037037037037037035
0 0.3067708333333333 0.30185185185185187 0.017708333333333333 0.03888888888888889
0 0.6973958333333333 0.20787037037037037 0.016666666666666666 0.036111111111111115
0 0.7950520833333333 0.09814814814814815 0.0109375 0.024074074074074074
0 0.011197916666666667 0.375 0.019270833333333334 0.03888888888888889
0 0.6822916666666666 0.85 0.03333333333333333 0.061111111111111116
0 0.5643229166666667 0.1824074074074074 0.015104166666666667 0.03518518518518519
0 0.16171875 0.16898148148148148 0.015104166666666667 0.030555555555555558
0 0.21744791666666666 0.4064814814814815 0.022395833333333334 0.044444444444444446
0 0.25677083333333334 0.23101851851851854 0.019791666666666666 0.03981481481481482
0 0.2947916666666667 0.03333333333333333 0.011458333333333333 0.02592592592592593
0 0.90625 0.007870370370370371 0.0125 0.015740740740740743
0 0.8036458333333333 0.030555555555555558 0.010416666666666666 0.02592592592592593
0 0.7947916666666667 0.015277777777777779 0.011458333333333333 0.025
0 0.9361979166666666 0.35462962962962963 0.018229166666666668 0.037037037037037035
0 0.92578125 0.3712962962962963 0.018229166666666668 0.03888888888888889
0 0.6692708333333334 0.011111111111111112 0.016666666666666666 0.022222222222222223
0 0.2622395833333333 0.2564814814814815 0.0203125 0.040740740740740744
0 0.21458333333333332 0.22222222222222224 0.017708333333333333 0.031481481481481485
0 0.20104166666666667 0.22175925925925927 0.017708333333333333 0.03425925925925926
0 0.17161458333333332 0.1462962962962963 0.013020833333333334 0.02777777777777778
