0 0.4010416666666667 0.7606481481481482 0.026041666666666668 0.05277777777777778
0 0.4986979166666667 0.26944444444444443 0.01614583333333333 0.03518518518518519
0 0.07916666666666666 0.21203703703703705 0.017708333333333333 0.03888888888888889
0 0.8013020833333333 0.5259259259259259 0.027604166666666666 0.053703703703703705
0 0.38619791666666664 0.8226851851851852 0.028645833333333332 0.05277777777777778
0 0.36015625 0.9171296296296296 0.025520833333333333 0.058333333333333334
0 0.5736979166666667 0.16527777777777777 0.018229166666666668 0.036111111111111115
0 0.6140625 0.26435185185185184 0.016666666666666666 0.03796296296296296
0 0.12421875 0.3175925925925926 0.019270833333333334 0.03518518518518519
0 0.8351562499999999 0.08842592592592594 0.01614583333333333 0.032407407407407406
0 0.5330729166666667 0.22037037037037038 0.019270833333333334 0.037037037037037035
0 0.91171875 0.3768518518518519 0.022395833333333334 0.037037037037037035
0 0.4505208333333333 0.888888888888889 0.025 0.06296296296296297
0 0.9091145833333333 0.09305555555555556 0.013020833333333334 0.028703703703703703
0 0.2682291666666667 0.21574074074074076 0.01875 0.03888888888888889
0 0.3208333333333333 0.27592592592592596 0.017708333333333333 0.037037037037037035
0 0.20859375 0.2189814814814815 0.018229166666666668 0.03796296296296296
0 0.7848958333333333 0.2833333333333333 0.020833333333333332 0.04814814814814815
0 0.7393229166666666 0.26481481481481484 0.015104166666666667 0.03518518518518519
0 0.14036458333333332 0.2138888888888889 0.015104166666666667 0.031481481481481485
0 0.45208333333333334 0.22731481481481483 0.017708333333333333 0.03796296296296296
0 0.9536458333333333 0.033796296296296297 0.011458333333333333 0.028703703703703703
0 0.28880208333333335 0.18055555555555555 0.015104166666666667 0.02962962962962963
0 0.678125 0.8481481481481482 0.03229166666666666 0.05555555555555556
0 0.14375 0.2837962962962963 0.017708333333333333 0.03425925925925926
0 0.12786458333333334 0.24675925925925926 0.0171875 0.03425925925925926
0 0.009375 0.2125 0.015625 0.032407407407407406
0 0.022916666666666665 0.016666666666666666 0.014583333333333334 0.02592592592592593
0 0.3059895833333333 0.15092592592592594 0.0109375 0.02592592592592593
0 0.21614583333333334 0.01990740740740741 0.010416666666666666 0.021296296296296296
0 0.7518229166666667 0.6652777777777779 0.0265625 0.05648148148148149
0 0.6671875 0.012037037037037037 0.014583333333333334 0.024074074074074074
0 0.1015625 0.3861111111111111 0.020833333333333332 0.040740740740740744
0 0.7953125 0.34814814814814815 0.017708333333333333 0.04259259259259259
0 0.7841145833333333 0.35879629629629634 0.0203125 0.04537037037037037
0 0.9182291666666667 0.017592592592592594 0.015625 0.02962962962962963
