0 0.45989583333333334 0.27870370370370373 0.01875 0.03888888888888889
0 0.3984375 0.7680555555555556 0.026041666666666668 0.05462962962962963
0 0.3927083333333333 0.22314814814814815 0.016666666666666666 0.040740740740740744
0 0.125 0.2050925925925926 0.017708333333333333 0.032407407407407406
0 0.4510416666666667 0.8865740740740741 0.030208333333333334 0.06018518518518519
0 0.6346354166666667 0.2175925925925926 0.015104166666666667 0.03888888888888889
0 0.3229166666666667 0.2175925925925926 0.016666666666666666 0.040740740740740744
0 0.7322916666666667 0.09490740740740741 0.014583333333333334 0.032407407407407406
0 0.36302083333333335 0.9074074074074074 0.025 0.05
0 0.9231770833333334 0.2800925925925926 0.021354166666666667 0.04537037037037037
0 0.3859375 0.826388888888889 0.029166666666666667 0.05092592592592593
0 0.6885416666666666 0.2101851851851852 0.016666666666666666 0.037037037037037035
0 0.2786458333333333 0.34120370370370373 0.017708333333333333 0.03796296296296296
0 0.68125 0.8578703703703704 0.035416666666666666 0.06944444444444445
0 0.6625 0.1375 0.016666666666666666 0.03425925925925926
0 0.5565104166666667 0.21944444444444444 0.015104166666666667 0.03888888888888889
0 0.018229166666666668 0.34490740740740744 0.019791666666666666 0.036111111111111115
0 0.290625 0.3 0.016666666666666666 0.03888888888888889
0 0.9385416666666666 0.6449074074074075 0.021875 0.049074074074074076
0 0.20911458333333333 0.40092592592592596 0.021354166666666667 0.04259259259259259
0 0.8135416666666666 0.027314814814814816 0.0125 0.028703703703703703
0 0.8020833333333334 0.09861111111111112 0.011458333333333333 0.026851851851851852
0 0.0171875 0.03518518518518519 0.0125 0.02777777777777778
0 0.24661458333333333 0.22546296296296298 0.018229166666666668 0.03425925925925926
0 0.9203125 0.9597222222222223 0.036458333333333336 0.06944444444444445
0 0.55625 0.18611111111111112 0.016666666666666666 0.037037037037037035
0 0.62265625 0.3023148148148148 0.01614583333333333 0.04166666666666667
0 0.18125 0.1527777777777778 0.013541666666666667 0.02777777777777778
0 0.8955729166666666 0.008333333333333333 0.009895833333333333 0.016666666666666666
0 0.2877604166666667 0.030555555555555558 0.0109375 0.03333333333333333
0 0.6705729166666666 0.010185185185185186 0.013020833333333334 0.018518518518518517
0 0.8033854166666666 0.014351851851851852 0.0140625 0.025
0 0.9268229166666666 0.3611111111111111 0.015104166666666667 0.040740740740740744
0 0.9135416666666667 0.36712962962962964 0.020833333333333332 0.04351851851851852
0 0.25 0.25277777777777777 0.021875 0.037037037037037035
0 0.16901041666666666 0.16574074074074074 0.015104166666666667 0.031481481481481485
0 0.19270833333333334 0.22175925925925927 0.017708333333333333 0.03425925925925926
