0 0.10885416666666667 0.20694444444444446 0.017708333333333333 0.032407407407407406
0 0.6236979166666666 0.21805555555555556 0.01614583333333333 0.03981481481481482
0 0.30963541666666666 0.21712962962962964 0.018229166666666668 0.03981481481481482
0 0.4002604166666667 0.7662037037037037 0.025520833333333333 0.05092592592592593
0 0.3776041666666667 0.22592592592592595 0.016666666666666666 0.040740740740740744
0 0.8117187499999999 0.0976851851851852 0.011979166666666666 0.028703703703703703
0 0.3611979166666667 0.9125000000000001 0.028645833333333332 0.049074074074074076
0 0.7453125 0.08750000000000001 0.014583333333333334 0.032407407407407406
0 0.19635416666666666 0.3995370370370371 0.019791666666666666 0.036111111111111115
0 0.5484375 0.22824074074074074 0.017708333333333333 0.04351851851851852
0 0.38619791666666664 0.8245370370370371 0.028645833333333332 0.04722222222222222
0 0.9169270833333333 0.6513888888888889 0.0234375 0.049074074074074076
0 0.44166666666666665 0.27870370370370373 0.015625 0.037037037037037035
0 0.54296875 0.1912037037037037 0.0171875 0.03425925925925926
0 0.6807291666666666 0.851388888888889 0.03229166666666666 0.062037037037037036
0 0.27109375 0.2935185185185185 0.018229166666666668 0.03333333333333333
0 0.6760416666666667 0.2212962962962963 0.015625 0.037037037037037035
0 0.64921875 0.1398148148148148 0.0171875 0.03333333333333333
0 0.4510416666666667 0.8851851851851852 0.029166666666666667 0.05555555555555556
0 0.9065104166666667 0.2796296296296296 0.022395833333333334 0.04259259259259259
0 0.98984375 0.5333333333333333 0.0203125 0.053703703703703705
0 0.009635416666666667 0.036111111111111115 0.013020833333333334 0.02962962962962963
0 0.18515625 0.16990740740740742 0.01614583333333333 0.032407407407407406
0 0.278125 0.027314814814814816 0.0125 0.03796296296296296
0 0.828125 0.029166666666666667 0.0125 0.026851851851851852
0 0.8195312499999999 0.019444444444444445 0.009895833333333333 0.020370370370370372
0 0.8981770833333333 0.9796296296296296 0.0359375 0.05185185185185186
0 0.23385416666666667 0.2263888888888889 0.017708333333333333 0.032407407407407406
0 0.88046875 0.008333333333333333 0.011979166666666666 0.016666666666666666
0 0.25885416666666666 0.3425925925925926 0.017708333333333333 0.02962962962962963
0 0.19713541666666667 0.1513888888888889 0.011979166666666666 0.025
0 0.9091145833333333 0.3550925925925926 0.018229166666666668 0.04537037037037037
0 0.8937499999999999 0.3615740740740741 0.020833333333333332 0.04537037037037037
0 0.6723958333333333 0.008796296296296297 0.010416666666666666 0.012037037037037037
0 0.6395833333333333 0.29814814814814816 0.015625 0.037037037037037035
0 0.23489583333333333 0.2574074074074074 0.021875 0.037037037037037035
0 0.17786458333333333 0.2212962962962963 0.0203125 0.037037037037037035
