0 0.3182291666666667 0.21944444444444444 0.016666666666666666 0.040740740740740744
0 0.8861979166666667 0.5351851851851852 0.028645833333333332 0.05555555555555556
0 0.3614583333333333 0.9106481481481482 0.029166666666666667 0.06018518518518519
0 0.05130208333333333 0.20185185185185187 0.018229166666666668 0.03333333333333333
0 0.12395833333333334 0.21481481481481482 0.019791666666666666 0.037037037037037035
0 0.5135416666666667 0.24351851851851852 0.015625 0.037037037037037035
0 0.39947916666666666 0.7606481481481482 0.025 0.05092592592592593
0 0.3859375 0.8245370370370371 0.026041666666666668 0.049074074074074076
0 0.37994791666666666 0.2791666666666667 0.01614583333333333 0.03796296296296296
0 0.4518229166666667 0.8921296296296297 0.025520833333333333 0.058333333333333334
0 0.6109375 0.15416666666666667 0.016666666666666666 0.03425925925925926
0 0.8395833333333333 0.2865740740740741 0.020833333333333332 0.04351851851851852
0 0.7947916666666667 0.09398148148148149 0.013541666666666667 0.032407407407407406
0 0.9502604166666666 0.36944444444444446 0.0203125 0.040740740740740744
0 0.8643229166666666 0.09814814814814815 0.011979166666666666 0.031481481481481485
0 0.5755208333333334 0.2138888888888889 0.016666666666666666 0.037037037037037035
0 0.6341145833333334 0.23796296296296296 0.01614583333333333 0.03518518518518519
0 0.6940104166666666 0.2740740740740741 0.015104166666666667 0.03333333333333333
0 0.24140625 0.17824074074074076 0.0171875 0.03425925925925926
0 0.49453125 0.20925925925925926 0.01614583333333333 0.03518518518518519
0 0.8244791666666667 0.6513888888888889 0.028125 0.05277777777777778
0 0.6802083333333333 0.8495370370370371 0.03229166666666666 0.06018518518518519
0 0.18307291666666667 0.32962962962962966 0.0203125 0.037037037037037035
0 0.18359375 0.22083333333333335 0.0171875 0.036111111111111115
0 0.89453125 0.03564814814814815 0.011979166666666666 0.026851851851851852
0 0.20260416666666667 0.2902777777777778 0.016666666666666666 0.032407407407407406
0 0.2544270833333333 0.15 0.015104166666666667 0.02962962962962963
0 0.17708333333333334 0.2490740740740741 0.019791666666666666 0.03333333333333333
0 0.24270833333333333 0.027314814814814816 0.010416666666666666 0.02314814814814815
0 0.8223958333333333 0.006481481481481482 0.008333333333333333 0.012962962962962964
0 0.6309895833333333 0.006944444444444445 0.009895833333333333 0.01388888888888889
0 0.8744791666666667 0.020833333333333336 0.013541666666666667 0.02314814814814815
0 0.8453125 0.35000000000000003 0.015625 0.037037037037037035
0 0.8348958333333333 0.3597222222222222 0.015625 0.032407407407407406
0 0.14479166666666665 0.38287037037037036 0.020833333333333332 0.04351851851851852
0 0.25338541666666664 0.22222222222222224 0.0203125 0.03888888888888889
0 0.6736979166666667 0.013425925925925926 0.013020833333333334 0.02314814814814815
