0 0.7346354166666667 0.27731481481481485 0.0203125 0.04537037037037037
0 0.22682291666666665 0.2138888888888889 0.0203125 0.03333333333333333
0 0.5856770833333333 0.287962962962963 0.018229166666666668 0.03888888888888889
0 0.05234375 0.020370370370370372 0.0140625 0.02592592592592593
0 0.8723958333333334 0.0912037037037037 0.016666666666666666 0.032407407407407406
0 0.7796875 0.26342592592592595 0.01875 0.03796296296296296
0 0.5450520833333333 0.1851851851851852 0.0171875 0.03333333333333333
0 0.38776041666666666 0.8236111111111112 0.0265625 0.05277777777777778
0 0.45234375 0.888425925925926 0.027604166666666666 0.0638888888888889
0 0.7231770833333333 0.5222222222222223 0.0265625 0.053703703703703705
0 0.10546875 0.2101851851851852 0.0203125 0.031481481481481485
0 0.16822916666666665 0.21296296296296297 0.017708333333333333 0.03518518518518519
0 0.26536458333333335 0.2726851851851852 0.019270833333333334 0.036111111111111115
0 0.9510416666666667 0.09351851851851853 0.014583333333333334 0.031481481481481485
0 0.49453125 0.22731481481481483 0.019270833333333334 0.032407407407407406
0 0.4809895833333333 0.2902777777777778 0.0171875 0.03981481481481482
0 0.36276041666666664 0.9162037037037037 0.027604166666666666 0.05277777777777778
0 0.4161458333333333 0.2439814814814815 0.016666666666666666 0.036111111111111115
0 0.07083333333333333 0.31666666666666665 0.019791666666666666 0.03333333333333333
0 0.3997395833333333 0.7648148148148148 0.025520833333333333 0.05
0 0.03411458333333333 0.13657407407407407 0.01614583333333333 0.030555555555555558
0 0.9611979166666667 0.01990740740740741 0.01614583333333333 0.028703703703703703
0 0.0421875 0.2101851851851852 0.017708333333333333 0.03333333333333333
0 0.8963541666666667 0.3787037037037037 0.020833333333333332 0.03518518518518519
0 0.09479166666666666 0.2791666666666667 0.01875 0.036111111111111115
0 0.334375 0.18333333333333335 0.014583333333333334 0.02962962962962963
0 0.08932291666666667 0.24444444444444446 0.0203125 0.031481481481481485
0 0.18880208333333334 0.01990740740740741 0.011979166666666666 0.02314814814814815
0 0.3481770833333333 0.1564814814814815 0.013020833333333334 0.02592592592592593
0 0.6848958333333334 0.6583333333333333 0.029166666666666667 0.05740740740740741
0 0.061718749999999996 0.38842592592592595 0.024479166666666666 0.03981481481481482
0 0.6697916666666667 0.0125 0.01875 0.025
0 0.7453125 0.34305555555555556 0.015625 0.032407407407407406
0 0.7416666666666667 0.3615740740740741 0.017708333333333333 0.032407407407407406
0 0.67890625 0.8439814814814816 0.034895833333333334 0.05648148148148149
0 0.028645833333333332 0.16666666666666669 0.016666666666666666 0.02962962962962963
