0 0.3609375 0.9120370370370371 0.030208333333333334 0.05925925925925926
0 0.13255208333333332 0.21481481481481482 0.0203125 0.03518518518518519
0 0.3263020833333333 0.22314814814814815 0.018229166666666668 0.03888888888888889
0 0.058854166666666666 0.20555555555555557 0.017708333333333333 0.03518518518518519
0 0.5184895833333333 0.2439814814814815 0.01614583333333333 0.03796296296296296
0 0.7880208333333333 0.09490740740740741 0.014583333333333334 0.03425925925925926
0 0.19244791666666666 0.3314814814814815 0.021354166666666667 0.037037037037037035
0 0.5825520833333333 0.21712962962962964 0.0171875 0.036111111111111115
0 0.9591145833333333 0.3768518518518519 0.0203125 0.040740740740740744
0 0.4010416666666667 0.7611111111111112 0.025 0.05185185185185186
0 0.38645833333333335 0.8240740740740741 0.026041666666666668 0.04814814814814815
0 0.90234375 0.5342592592592593 0.028645833333333332 0.05
0 0.8479166666666667 0.2847222222222222 0.020833333333333332 0.04351851851851852
0 0.6169270833333333 0.1527777777777778 0.01614583333333333 0.031481481481481485
0 0.45260416666666664 0.8925925925925926 0.022916666666666665 0.05555555555555556
0 0.8361979166666667 0.6509259259259259 0.025520833333333333 0.053703703703703705
0 0.8598958333333333 0.09814814814814815 0.013541666666666667 0.02777777777777778
0 0.23697916666666666 0.17453703703703705 0.013541666666666667 0.026851851851851852
0 0.6877604166666667 0.27870370370370373 0.01614583333333333 0.03518518518518519
0 0.5013020833333334 0.20833333333333334 0.0171875 0.03518518518518519
0 0.38828125 0.27870370370370373 0.0140625 0.03518518518518519
0 0.68125 0.8495370370370371 0.03229166666666666 0.06018518518518519
0 0.8520833333333333 0.34814814814814815 0.01875 0.04259259259259259
0 0.21171874999999998 0.2888888888888889 0.018229166666666668 0.03518518518518519
0 0.6395833333333333 0.23842592592592593 0.016666666666666666 0.03425925925925926
0 0.8427083333333333 0.3601851851851852 0.01875 0.03518518518518519
0 0.24765625 0.02777777777777778 0.009895833333333333 0.02592592592592593
0 0.1859375 0.24675925925925926 0.01875 0.03796296296296296
0 0.26119791666666664 0.22083333333333335 0.0171875 0.032407407407407406
0 0.19166666666666665 0.22592592592592595 0.016666666666666666 0.03518518518518519
0 0.8869791666666667 0.02962962962962963 0.0125 0.02777777777777778
0 0.865625 0.015740740740740743 0.014583333333333334 0.02592592592592593
0 0.24765625 0.14907407407407408 0.011979166666666666 0.02777777777777778
0 0.8307291666666666 0.006481481481481482 0.007291666666666667 0.012962962962962964
0 0.6236979166666666 0.0060185185185185185 0.008854166666666666 0.012037037037037037
0 0.15234375 0.38472222222222224 0.0203125 0.03425925925925926
0 0.6739583333333333 0.012037037037037037 0.017708333333333333 0.020370370370370372
