0 0.39791666666666664 0.22175925925925927 0.016666666666666666 0.03981481481481482
0 0.39869791666666665 0.7689814814814815 0.025520833333333333 0.05648148148148149
0 0.13072916666666667 0.2050925925925926 0.016666666666666666 0.032407407407407406
0 0.6393229166666666 0.21574074074074076 0.015104166666666667 0.040740740740740744
0 0.6651041666666666 0.1388888888888889 0.016666666666666666 0.03888888888888889
0 0.9299479166666667 0.2814814814814815 0.021354166666666667 0.04259259259259259
0 0.4513020833333333 0.8861111111111112 0.030729166666666665 0.06296296296296297
0 0.9445312499999999 0.638888888888889 0.024479166666666666 0.05
0 0.46510416666666665 0.2796296296296296 0.017708333333333333 0.03888888888888889
0 0.2989583333333333 0.3013888888888889 0.01875 0.03981481481481482
0 0.7283854166666667 0.09583333333333334 0.013020833333333334 0.032407407407407406
0 0.21354166666666666 0.40185185185185185 0.021875 0.040740740740740744
0 0.3854166666666667 0.8277777777777778 0.029166666666666667 0.053703703703703705
0 0.68125 0.851388888888889 0.034375 0.0638888888888889
0 0.6934895833333333 0.21203703703703705 0.0171875 0.03518518518518519
0 0.02109375 0.03564814814814815 0.011979166666666666 0.026851851851851852
0 0.6182291666666666 0.3 0.016666666666666666 0.037037037037037035
0 0.5591145833333333 0.21666666666666667 0.0171875 0.03888888888888889
0 0.36302083333333335 0.9064814814814816 0.021875 0.05
0 0.028385416666666666 0.3458333333333333 0.019270833333333334 0.03425925925925926
0 0.28463541666666664 0.3421296296296296 0.019270833333333334 0.03796296296296296
0 0.9260416666666667 0.950462962962963 0.034375 0.06944444444444445
0 0.79609375 0.0962962962962963 0.0109375 0.02962962962962963
0 0.328125 0.22037037037037038 0.016666666666666666 0.040740740740740744
0 0.5606770833333333 0.1865740740740741 0.0171875 0.036111111111111115
0 0.8080729166666667 0.02962962962962963 0.0109375 0.02592592592592593
0 0.2916666666666667 0.031018518518518518 0.011458333333333333 0.028703703703703703
0 0.2520833333333333 0.23101851851851854 0.019791666666666666 0.04166666666666667
0 0.2544270833333333 0.24629629629629632 0.0203125 0.037037037037037035
0 0.17552083333333332 0.1462962962962963 0.016666666666666666 0.02962962962962963
0 0.16588541666666667 0.1638888888888889 0.0140625 0.031481481481481485
0 0.007291666666666667 0.37453703703703706 0.015625 0.03425925925925926
0 0.6692708333333334 0.010648148148148148 0.011458333333333333 0.017592592592592594
0 0.796875 0.012962962962962964 0.010416666666666666 0.022222222222222223
0 0.9002604166666667 0.010648148148148148 0.013020833333333334 0.015740740740740743
0 0.93046875 0.3597222222222222 0.019270833333333334 0.04537037037037037
0 0.9213541666666667 0.3675925925925926 0.021875 0.040740740740740744
0 0.20807291666666666 0.22222222222222224 0.0140625 0.031481481481481485
0 0.19557291666666665 0.2199074074074074 0.018229166666666668 0.03425925925925926
