0 0.5252604166666667 0.28055555555555556 0.018229166666666668 0.037037037037037035
0 0.44557291666666665 0.2212962962962963 0.01614583333333333 0.037037037037037035
0 0.026822916666666665 0.4217592592592593 0.021354166666666667 0.04537037037037037
0 0.4005208333333333 0.7736111111111111 0.027083333333333334 0.058333333333333334
0 0.08046875 0.3680555555555556 0.019270833333333334 0.03425925925925926
0 0.32395833333333335 0.032407407407407406 0.011458333333333333 0.024074074074074074
0 0.6981770833333333 0.13148148148148148 0.018229166666666668 0.03518518518518519
0 0.9794270833333333 0.875 0.028645833333333332 0.06666666666666667
0 0.3776041666666667 0.2152777777777778 0.017708333333333333 0.03425925925925926
0 0.7380208333333333 0.19861111111111113 0.015625 0.036111111111111115
0 0.05234375 0.029166666666666667 0.013020833333333334 0.028703703703703703
0 0.23489583333333333 0.22361111111111112 0.019791666666666666 0.032407407407407406
0 0.10989583333333333 0.33240740740740743 0.016666666666666666 0.03333333333333333
0 0.45 0.8842592592592593 0.029166666666666667 0.06481481481481481
0 0.1875 0.19583333333333333 0.015625 0.030555555555555558
0 0.04739583333333333 0.37222222222222223 0.016666666666666666 0.03888888888888889
0 0.3875 0.8296296296296297 0.029166666666666667 0.05925925925925926
0 0.9838541666666667 0.275 0.02395833333333333 0.044444444444444446
0 0.7606770833333333 0.0912037037037037 0.011979166666666666 0.03425925925925926
0 0.3703125 0.9060185185185186 0.03125 0.06018518518518519
0 0.5963541666666666 0.20555555555555557 0.014583333333333334 0.037037037037037035
0 0.690625 0.09490740740740741 0.015625 0.03425925925925926
0 0.678125 0.2199074074074074 0.017708333333333333 0.03796296296296296
0 0.68203125 0.8495370370370371 0.0328125 0.058333333333333334
0 0.5677083333333334 0.3092592592592593 0.017708333333333333 0.03888888888888889
0 0.5971354166666667 0.16805555555555557 0.015104166666666667 0.03425925925925926
0 0.2505208333333333 0.22037037037037038 0.01875 0.03518518518518519
0 0.12421875 0.16527777777777777 0.0171875 0.03425925925925926
0 0.30755208333333334 0.2518518518518519 0.018229166666666668 0.02962962962962963
0 0.2981770833333333 0.22361111111111112 0.019270833333333334 0.03425925925925926
0 0.6690104166666666 0.010648148148148148 0.011979166666666666 0.021296296296296296
0 0.95 0.007870370370370371 0.015625 0.015740740740740743
0 0.7609375 0.007870370370370371 0.010416666666666666 0.015740740740740743
0 0.7619791666666667 0.026851851851851852 0.015625 0.02962962962962963
0 0.9890625 0.3685185185185185 0.016666666666666666 0.040740740740740744
0 0.98203125 0.3814814814814815 0.0203125 0.03888888888888889
0 0.3625 0.3055555555555556 0.021875 0.03888888888888889
0 0.34869791666666666 0.3421296296296296 0.019270833333333334 0.04722222222222222
0 0.26328125 0.4101851851851852 0.0203125 0.04814814814814815
0 0.13333333333333333 0.14722222222222223 0.015625 0.031481481481481485
0 0.0125 0.5722222222222223 0.021875 0.03888888888888889
