0 0.53203125 0.2800925925925926 0.018229166666666668 0.036111111111111115
0 0.19348958333333333 0.19166666666666668 0.01614583333333333 0.031481481481481485
0 0.4005208333333333 0.7726851851851853 0.028125 0.05648148148148149
0 0.029947916666666668 0.41944444444444445 0.022395833333333334 0.0462962962962963
0 0.7427083333333333 0.19861111111111113 0.015625 0.036111111111111115
0 0.703125 0.13101851851851853 0.017708333333333333 0.032407407407407406
0 0.11692708333333333 0.3277777777777778 0.0171875 0.03518518518518519
0 0.45026041666666666 0.21944444444444444 0.01614583333333333 0.037037037037037035
0 0.3677083333333333 0.3143518518518519 0.017708333333333333 0.036111111111111115
0 0.36666666666666664 0.9101851851851852 0.028125 0.053703703703703705
0 0.45 0.8805555555555555 0.030208333333333334 0.061111111111111116
0 0.05546875 0.3675925925925926 0.0171875 0.037037037037037035
0 0.38671875 0.8300925925925926 0.0296875 0.062037037037037036
0 0.0890625 0.3689814814814815 0.016666666666666666 0.03425925925925926
0 0.23984375 0.22268518518518518 0.019270833333333334 0.030555555555555558
0 0.9890625 0.27685185185185185 0.020833333333333332 0.0462962962962963
0 0.32838541666666665 0.031018518518518518 0.013020833333333334 0.025
0 0.3833333333333333 0.2162037037037037 0.01875 0.03796296296296296
0 0.6015625 0.20555555555555557 0.015625 0.037037037037037035
0 0.3145833333333333 0.25462962962962965 0.014583333333333334 0.031481481481481485
0 0.9846354166666667 0.8731481481481482 0.025520833333333333 0.06851851851851852
0 0.3575520833333333 0.350462962962963 0.0171875 0.04166666666666667
0 0.6825520833333333 0.8537037037037037 0.034895833333333334 0.06481481481481481
0 0.0546875 0.029166666666666667 0.011458333333333333 0.028703703703703703
0 0.6841145833333333 0.22083333333333335 0.01614583333333333 0.036111111111111115
0 0.6018229166666667 0.16481481481481483 0.015104166666666667 0.031481481481481485
0 0.6861979166666666 0.09537037037037037 0.0140625 0.02962962962962963
0 0.75703125 0.0962962962962963 0.0109375 0.02592592592592593
0 0.5614583333333333 0.30972222222222223 0.017708333333333333 0.036111111111111115
0 0.25494791666666666 0.2175925925925926 0.01614583333333333 0.031481481481481485
0 0.3033854166666667 0.22175925925925927 0.0171875 0.032407407407407406
0 0.6690104166666666 0.009722222222222222 0.0109375 0.019444444444444445
0 0.11822916666666666 0.16527777777777777 0.015625 0.030555555555555558
0 0.26927083333333335 0.41574074074074074 0.01875 0.03518518518518519
0 0.9885416666666667 0.37962962962962965 0.020833333333333332 0.040740740740740744
0 0.9557291666666666 0.007870370370370371 0.011458333333333333 0.012037037037037037
0 0.7541666666666667 0.008796296296296297 0.0125 0.01388888888888889
0 0.7596354166666667 0.02777777777777778 0.018229166666666668 0.02777777777777778
0 0.12708333333333333 0.14537037037037037 0.016666666666666666 0.031481481481481485
0 0.0171875 0.5745370370370371 0.016666666666666666 0.03425925925925926
