0 0.359375 0.9185185185185185 0.028125 0.06296296296296297
0 0.09869791666666666 0.21342592592592594 0.0203125 0.036111111111111115
0 0.5041666666666667 0.2555555555555556 0.016666666666666666 0.037037037037037035
0 0.38567708333333334 0.825462962962963 0.0265625 0.05277777777777778
0 0.3984375 0.7606481481481482 0.025 0.05277777777777778
0 0.029947916666666668 0.20601851851851852 0.018229166666666668 0.030555555555555558
0 0.8395833333333333 0.5203703703703704 0.025 0.053703703703703705
0 0.8104166666666667 0.2828703703703704 0.021875 0.04722222222222222
0 0.5880208333333333 0.15555555555555556 0.016666666666666666 0.03333333333333333
0 0.3494791666666667 0.27546296296296297 0.017708333333333333 0.03796296296296296
0 0.5526041666666667 0.21157407407407408 0.017708333333333333 0.03796296296296296
0 0.45026041666666666 0.8898148148148148 0.025520833333333333 0.061111111111111116
0 0.9294270833333333 0.3736111111111111 0.0203125 0.04166666666666667
0 0.9265625 0.02638888888888889 0.011458333333333333 0.028703703703703703
0 0.6216145833333333 0.2513888888888889 0.01614583333333333 0.036111111111111115
0 0.2635416666666667 0.17731481481481481 0.015625 0.03425925925925926
0 0.88671875 0.0962962962962963 0.013020833333333334 0.02962962962962963
0 0.01015625 0.01712962962962963 0.0140625 0.028703703703703703
0 0.7854166666666667 0.6625 0.025 0.05092592592592593
0 0.8161458333333333 0.0912037037037037 0.016666666666666666 0.03425925925925926
0 0.47031249999999997 0.21944444444444444 0.014583333333333334 0.03333333333333333
0 0.22916666666666666 0.21666666666666667 0.016666666666666666 0.03888888888888889
0 0.89609375 0.018055555555555557 0.013020833333333334 0.028703703703703703
0 0.7192708333333333 0.26805555555555555 0.013541666666666667 0.030555555555555558
0 0.22864583333333333 0.026851851851851852 0.009375 0.022222222222222223
0 0.15885416666666666 0.2199074074074074 0.01875 0.03981481481481482
0 0.153125 0.3282407407407408 0.019791666666666666 0.036111111111111115
0 0.12239583333333333 0.38333333333333336 0.022916666666666665 0.04259259259259259
0 0.6776041666666667 0.8476851851851852 0.03229166666666666 0.06018518518518519
0 0.2942708333333333 0.21203703703703705 0.017708333333333333 0.037037037037037035
0 0.16875 0.275 0.019791666666666666 0.04259259259259259
0 0.15104166666666666 0.2518518518518519 0.020833333333333332 0.03518518518518519
0 0.8208333333333333 0.35185185185185186 0.015625 0.03888888888888889
0 0.8041666666666667 0.35694444444444445 0.017708333333333333 0.036111111111111115
0 0.6697916666666667 0.013425925925925926 0.010416666666666666 0.02314814814814815
0 0.2830729166666667 0.14953703703703705 0.018229166666666668 0.03425925925925926
