0 0.16614583333333333 0.2175925925925926 0.021875 0.03518518518518519
0 0.4002604166666667 0.7643518518518518 0.024479166666666666 0.049074074074074076
0 0.09270833333333334 0.2111111111111111 0.017708333333333333 0.037037037037037035
0 0.3625 0.913425925925926 0.029166666666666667 0.05648148148148149
0 0.6114583333333333 0.2152777777777778 0.015625 0.03796296296296296
0 0.3619791666666667 0.22175925925925927 0.015625 0.03796296296296296
0 0.8877604166666666 0.2847222222222222 0.0203125 0.04351851851851852
0 0.7567708333333333 0.09027777777777778 0.015625 0.03425925925925926
0 0.6661458333333333 0.2263888888888889 0.017708333333333333 0.03981481481481482
0 0.38619791666666664 0.8250000000000001 0.027604166666666666 0.04814814814814815
0 0.6403645833333333 0.14583333333333334 0.01614583333333333 0.032407407407407406
0 0.2950520833333333 0.22175925925925927 0.0171875 0.03981481481481482
0 0.42578125 0.28101851851851856 0.015104166666666667 0.03796296296296296
0 0.53046875 0.1953703703703704 0.01614583333333333 0.03333333333333333
0 0.5403645833333334 0.23148148148148148 0.01614583333333333 0.040740740740740744
0 0.8885416666666667 0.3601851851851852 0.020833333333333332 0.04814814814814815
0 0.9666666666666667 0.5305555555555556 0.027083333333333334 0.0462962962962963
0 0.20130208333333333 0.17453703703703705 0.015104166666666667 0.030555555555555558
0 0.25546875 0.300462962962963 0.0171875 0.03796296296296296
0 0.6830729166666667 0.8481481481481482 0.0296875 0.05555555555555556
0 0.27109375 0.02962962962962963 0.009895833333333333 0.024074074074074074
0 0.8940104166666667 0.6550925925925927 0.024479166666666666 0.05092592592592593
0 0.8283854166666667 0.09675925925925927 0.011979166666666666 0.030555555555555558
0 0.45078124999999997 0.888888888888889 0.0296875 0.05555555555555556
0 0.21197916666666666 0.14583333333333334 0.0125 0.025
0 0.24244791666666665 0.33425925925925926 0.0171875 0.037037037037037035
0 0.8463541666666666 0.033796296296296297 0.010416666666666666 0.025
0 0.9955729166666667 0.38101851851851853 0.0109375 0.030555555555555558
0 0.18359375 0.39351851851851855 0.0234375 0.04259259259259259
0 0.8763020833333334 0.3675925925925926 0.0171875 0.04814814814814815
0 0.8658854166666666 0.006481481481481482 0.009895833333333333 0.012962962962962964
0 0.00390625 0.03935185185185185 0.008854166666666666 0.030555555555555558
0 0.675 0.011111111111111112 0.0125 0.022222222222222223
0 0.8322916666666667 0.022685185185185187 0.0125 0.02314814814814815
0 0.6546875 0.2888888888888889 0.020833333333333332 0.040740740740740744
0 0.22239583333333332 0.22314814814814815 0.015625 0.02777777777777778
0 0.22109375 0.25324074074074077 0.0203125 0.03425925925925926
0 0.5875 0.007870370370370371 0.011458333333333333 0.015740740740740743
