0 0.07057291666666667 0.4203703703703704 0.0203125 0.0462962962962963
0 0.5947916666666666 0.2833333333333333 0.020833333333333332 0.04259259259259259
0 0.7236979166666666 0.21666666666666667 0.018229166666666668 0.037037037037037035
0 0.24765625 0.1763888888888889 0.01614583333333333 0.028703703703703703
0 0.50078125 0.2152777777777778 0.01614583333333333 0.03796296296296296
0 0.38567708333333334 0.8282407407407407 0.028645833333333332 0.06018518518518519
0 0.4015625 0.7726851851851853 0.027083333333333334 0.05648148148148149
0 0.7856770833333333 0.18611111111111112 0.01614583333333333 0.037037037037037035
0 0.18723958333333332 0.3287037037037037 0.0171875 0.037037037037037035
0 0.16328125 0.3768518518518519 0.0234375 0.03888888888888889
0 0.13151041666666666 0.3592592592592593 0.0171875 0.03888888888888889
0 0.6515625 0.09583333333333334 0.014583333333333334 0.03425925925925926
0 0.45026041666666666 0.8847222222222223 0.030729166666666665 0.0712962962962963
0 0.6809895833333334 0.8527777777777779 0.0328125 0.061111111111111116
0 0.6432291666666666 0.1912037037037037 0.014583333333333334 0.03796296296296296
0 0.28020833333333334 0.22361111111111112 0.019791666666666666 0.03425925925925926
0 0.37005208333333334 0.9046296296296297 0.028645833333333332 0.053703703703703705
0 0.08515625 0.024074074074074074 0.0140625 0.03333333333333333
0 0.4276041666666667 0.21481481481481482 0.016666666666666666 0.03888888888888889
0 0.4145833333333333 0.3615740740740741 0.017708333333333333 0.03796296296296296
0 0.35625 0.03425925925925926 0.011458333333333333 0.024074074074074074
0 0.3013020833333333 0.2152777777777778 0.019270833333333334 0.03796296296296296
0 0.7346354166666667 0.1175925925925926 0.01614583333333333 0.037037037037037035
0 0.3619791666666667 0.25462962962962965 0.019791666666666666 0.037037037037037035
0 0.42942708333333335 0.325 0.01614583333333333 0.03333333333333333
0 0.6393229166666666 0.14814814814814814 0.0140625 0.031481481481481485
0 0.7216145833333333 0.0962962962962963 0.0140625 0.03333333333333333
0 0.06822916666666666 0.16712962962962963 0.014583333333333334 0.028703703703703703
0 0.5104166666666666 0.31342592592592594 0.016666666666666666 0.036111111111111115
0 0.35 0.21574074074074076 0.016666666666666666 0.02777777777777778
0 0.3151041666666667 0.4199074074074074 0.019791666666666666 0.03981481481481482
0 0.07864583333333333 0.14814814814814814 0.016666666666666666 0.02777777777777778
0 0.05520833333333333 0.5740740740740741 0.02395833333333333 0.03888888888888889
0 0.7111979166666667 0.02777777777777778 0.013020833333333334 0.031481481481481485
0 0.6658854166666667 0.012037037037037037 0.0140625 0.020370370370370372
