0 0.37109375 0.9083333333333333 0.027604166666666666 0.061111111111111116
0 0.40338541666666666 0.7731481481481481 0.027604166666666666 0.05740740740740741
0 0.35494791666666664 0.4236111111111111 0.021354166666666667 0.03981481481481482
0 0.5401041666666666 0.21944444444444444 0.014583333333333334 0.037037037037037035
0 0.3815104166666667 0.036111111111111115 0.013020833333333334 0.024074074074074074
0 0.10677083333333333 0.425462962962963 0.021875 0.04722222222222222
0 0.7588541666666666 0.2101851851851852 0.017708333333333333 0.03888888888888889
0 0.24375 0.33425925925925926 0.017708333333333333 0.03518518518518519
0 0.29322916666666665 0.16990740740740742 0.016666666666666666 0.032407407407407406
0 0.4640625 0.21296296296296297 0.016666666666666666 0.040740740740740744
0 0.6434895833333333 0.28564814814814815 0.021354166666666667 0.036111111111111115
0 0.7604166666666666 0.1087962962962963 0.015625 0.036111111111111115
0 0.6255208333333333 0.09583333333333334 0.014583333333333334 0.03425925925925926
0 0.19088541666666667 0.3666666666666667 0.019270833333333334 0.040740740740740744
0 0.6809895833333334 0.8550925925925926 0.030729166666666665 0.0638888888888889
0 0.6768229166666666 0.17685185185185187 0.0140625 0.037037037037037035
0 0.33489583333333334 0.2175925925925926 0.01875 0.03888888888888889
0 0.40234375 0.2625 0.018229166666666668 0.04166666666666667
0 0.8195312499999999 0.1736111111111111 0.01614583333333333 0.03425925925925926
0 0.315625 0.225 0.019791666666666666 0.03518518518518519
0 0.22369791666666666 0.3773148148148148 0.022395833333333334 0.036111111111111115
0 0.6893229166666667 0.0976851851851852 0.013020833333333334 0.032407407407407406
0 0.10416666666666667 0.024537037037037038 0.010416666666666666 0.02314814814814815
0 0.0421875 0.15694444444444444 0.017708333333333333 0.03425925925925926
0 0.0359375 0.16666666666666669 0.016666666666666666 0.031481481481481485
0 0.6677083333333333 0.14305555555555557 0.013541666666666667 0.032407407407407406
0 0.3932291666666667 0.8250000000000001 0.029166666666666667 0.05925925925925926
0 0.45078124999999997 0.8870370370370371 0.0265625 0.07037037037037037
0 0.09505208333333333 0.5680555555555555 0.018229166666666668 0.032407407407407406
0 0.38776041666666666 0.2175925925925926 0.018229166666666668 0.03888888888888889
0 0.6671875 0.008796296296296297 0.011458333333333333 0.017592592592592594
0 0.6783854166666666 0.024537037037037038 0.008854166666666666 0.025
0 0.46979166666666666 0.3143518518518519 0.016666666666666666 0.032407407407407406
0 0.4825520833333333 0.33611111111111114 0.019270833333333334 0.040740740740740744
0 0.46901041666666665 0.3736111111111111 0.0203125 0.04351851851851852
