0 0.37083333333333335 0.9074074074074074 0.028125 0.05740740740740741
0 0.14322916666666666 0.4134259259259259 0.019791666666666666 0.04537037037037037
0 0.5778645833333333 0.2152777777777778 0.01614583333333333 0.03796296296296296
0 0.33671875 0.1625 0.015104166666666667 0.030555555555555558
0 0.4028645833333333 0.7722222222222223 0.028645833333333332 0.05
0 0.38958333333333334 0.4375 0.021875 0.04722222222222222
0 0.8450520833333334 0.1574074074074074 0.015104166666666667 0.037037037037037035
0 0.5291666666666667 0.337037037037037 0.01875 0.040740740740740744
0 0.51640625 0.37824074074074077 0.019270833333333334 0.049074074074074076
0 0.7994791666666666 0.2152777777777778 0.017708333333333333 0.03981481481481482
0 0.25026041666666665 0.37083333333333335 0.01614583333333333 0.03981481481481482
0 0.596875 0.08935185185185185 0.0125 0.032407407407407406
0 0.778125 0.0976851851851852 0.015625 0.03425925925925926
0 0.28411458333333334 0.3773148148148148 0.022395833333333334 0.03981481481481482
0 0.690625 0.2791666666666667 0.019791666666666666 0.03796296296296296
0 0.6817708333333333 0.8555555555555556 0.03125 0.06296296296296297
0 0.49609375 0.2101851851851852 0.0140625 0.037037037037037035
0 0.35 0.22361111111111112 0.019791666666666666 0.03796296296296296
0 0.7106770833333333 0.17222222222222222 0.0140625 0.02962962962962963
0 0.36640625 0.21435185185185185 0.018229166666666668 0.03981481481481482
0 0.40390624999999997 0.03935185185185185 0.011979166666666666 0.026851851851851852
0 0.2950520833333333 0.33842592592592596 0.0171875 0.036111111111111115
0 0.3950520833333333 0.8296296296296297 0.0359375 0.06481481481481481
0 0.4419270833333333 0.25833333333333336 0.0171875 0.037037037037037035
0 0.4205729166666667 0.21203703703703705 0.0171875 0.03333333333333333
0 0.6427083333333333 0.016666666666666666 0.0125 0.02962962962962963
0 0.43333333333333335 0.3050925925925926 0.01875 0.03981481481481482
0 0.3846354166666667 0.0837962962962963 0.008854166666666666 0.019444444444444445
0 0.6763020833333333 0.010648148148148148 0.013020833333333334 0.017592592592592594
0 0.6981770833333333 0.1337962962962963 0.015104166666666667 0.032407407407407406
0 0.6630208333333333 0.10185185185185186 0.016666666666666666 0.031481481481481485
0 0.4505208333333333 0.887962962962963 0.027083333333333334 0.07037037037037037
0 0.13385416666666666 0.5643518518518519 0.017708333333333333 0.032407407407407406
0 0.009114583333333334 0.15231481481481482 0.013020833333333334 0.026851851851851852
0 0.12239583333333333 0.018518518518518517 0.011458333333333333 0.02777777777777778
