0 0.565625 0.2796296296296296 0.019791666666666666 0.03888888888888889
0 0.3848958333333333 0.826388888888889 0.029166666666666667 0.058333333333333334
0 0.7640625 0.18703703703703706 0.017708333333333333 0.03518518518518519
0 0.4002604166666667 0.7712962962962964 0.0265625 0.05740740740740741
0 0.36744791666666665 0.9078703703703704 0.027604166666666666 0.05277777777777778
0 0.22161458333333334 0.18425925925925926 0.01614583333333333 0.02962962962962963
0 0.34453125 0.03657407407407408 0.011979166666666666 0.025
0 0.05182291666666666 0.41574074074074074 0.019270833333333334 0.044444444444444446
0 0.47890625 0.21944444444444444 0.01614583333333333 0.03888888888888889
0 0.7072916666666667 0.21666666666666667 0.01875 0.03888888888888889
0 0.15755208333333334 0.33101851851851855 0.018229166666666668 0.036111111111111115
0 0.09765625 0.3689814814814815 0.0171875 0.03796296296296296
0 0.40911458333333334 0.2087962962962963 0.018229166666666668 0.03425925925925926
0 0.6265625 0.19490740740740742 0.015625 0.03796296296296296
0 0.2794270833333333 0.21944444444444444 0.0203125 0.03888888888888889
0 0.12864583333333332 0.375462962962963 0.021875 0.036111111111111115
0 0.68046875 0.8537037037037037 0.03177083333333333 0.061111111111111116
0 0.7356770833333334 0.09675925925925927 0.013020833333333334 0.030555555555555558
0 0.7174479166666666 0.11944444444444445 0.015104166666666667 0.03518518518518519
0 0.26197916666666665 0.22175925925925927 0.01875 0.032407407407407406
0 0.07109375 0.02592592592592593 0.0109375 0.02777777777777778
0 0.3872395833333333 0.35370370370370374 0.0171875 0.04259259259259259
0 0.6213541666666667 0.1574074074074074 0.014583333333333334 0.031481481481481485
0 0.08932291666666667 0.16435185185185186 0.015104166666666667 0.030555555555555558
0 0.6658854166666667 0.08981481481481482 0.01614583333333333 0.031481481481481485
0 0.3380208333333333 0.25462962962962965 0.020833333333333332 0.03333333333333333
0 0.29401041666666666 0.41620370370370374 0.0203125 0.04351851851851852
0 0.32786458333333335 0.21481481481481482 0.019270833333333334 0.03518518518518519
0 0.5325520833333334 0.3055555555555556 0.0171875 0.03333333333333333
0 0.10390624999999999 0.1527777777777778 0.019270833333333334 0.04259259259259259
0 0.03802083333333333 0.5680555555555555 0.021875 0.032407407407407406
0 0.4505208333333333 0.8787037037037038 0.029166666666666667 0.061111111111111116
0 0.3989583333333333 0.31851851851851853 0.022916666666666665 0.04259259259259259
0 0.7302083333333333 0.026851851851851852 0.0125 0.02962962962962963
0 0.6651041666666666 0.007870370370370371 0.015625 0.015740740740740743
0 0.9833333333333333 0.010648148148148148 0.0125 0.017592592592592594
