0 0.37057291666666664 0.9083333333333333 0.0265625 0.061111111111111116
0 0.840625 0.16064814814814815 0.015625 0.03981481481481482
0 0.77578125 0.10046296296296296 0.01614583333333333 0.03425925925925926
0 0.5713541666666666 0.21666666666666667 0.014583333333333334 0.03888888888888889
0 0.40260416666666665 0.7726851851851853 0.027083333333333334 0.05092592592592593
0 0.6002604166666666 0.08935185185185185 0.015104166666666667 0.032407407407407406
0 0.13828125 0.412962962962963 0.021354166666666667 0.044444444444444446
0 0.2877604166666667 0.33842592592592596 0.0171875 0.036111111111111115
0 0.4505208333333333 0.8870370370370371 0.02395833333333333 0.061111111111111116
0 0.3833333333333333 0.4375 0.021875 0.04351851851851852
0 0.3302083333333333 0.16527777777777777 0.015625 0.03425925925925926
0 0.34609375 0.22453703703703703 0.019270833333333334 0.036111111111111115
0 0.27578125 0.3791666666666667 0.022395833333333334 0.03796296296296296
0 0.79375 0.21666666666666667 0.017708333333333333 0.03888888888888889
0 0.24453125 0.3699074074074074 0.0140625 0.032407407407407406
0 0.6822916666666666 0.8560185185185185 0.030208333333333334 0.062037037037037036
0 0.5216145833333333 0.33425925925925926 0.0171875 0.037037037037037035
0 0.6846354166666666 0.27870370370370373 0.0171875 0.037037037037037035
0 0.4921875 0.20972222222222223 0.015625 0.03796296296296296
0 0.43671875 0.2564814814814815 0.018229166666666668 0.03518518518518519
0 0.646875 0.022222222222222223 0.0125 0.031481481481481485
0 0.5083333333333333 0.3763888888888889 0.017708333333333333 0.049074074074074076
0 0.6635416666666667 0.10092592592592593 0.010416666666666666 0.02777777777777778
0 0.4158854166666667 0.21157407407407408 0.0171875 0.032407407407407406
0 0.36171875 0.21296296296296297 0.0171875 0.03333333333333333
0 0.4010416666666667 0.037037037037037035 0.0125 0.02962962962962963
0 0.38177083333333334 0.0837962962962963 0.007291666666666667 0.017592592592592594
0 0.12057291666666667 0.022222222222222223 0.011979166666666666 0.02777777777777778
0 0.696875 0.13564814814814816 0.017708333333333333 0.036111111111111115
0 0.70703125 0.17592592592592593 0.015104166666666667 0.037037037037037035
0 0.3927083333333333 0.8296296296296297 0.028125 0.05
0 0.4395833333333333 0.30972222222222223 0.017708333333333333 0.032407407407407406
0 0.12708333333333333 0.5657407407407408 0.015625 0.031481481481481485
0 0.011979166666666666 0.15231481481481482 0.015625 0.032407407407407406
0 0.00859375 0.16296296296296298 0.0140625 0.031481481481481485
0 0.6765625 0.010648148148148148 0.010416666666666666 0.017592592592592594
