0 0.9057291666666667 0.6166666666666667 0.02395833333333333 0.05
0 0.62734375 0.4 0.019270833333333334 0.0462962962962963
0 0.6856770833333333 0.287962962962963 0.018229166666666668 0.037037037037037035
0 0.696875 0.3861111111111111 0.016666666666666666 0.05185185185185186
0 0.42291666666666666 0.3513888888888889 0.017708333333333333 0.03796296296296296
0 0.8598958333333333 0.40694444444444444 0.020833333333333332 0.03796296296296296
0 0.13697916666666665 0.1337962962962963 0.011458333333333333 0.026851851851851852
0 0.25677083333333334 0.7310185185185185 0.01875 0.05277777777777778
0 0.42161458333333335 0.10138888888888889 0.011979166666666666 0.028703703703703703
0 0.6606770833333333 0.3787037037037037 0.015104166666666667 0.037037037037037035
0 0.41432291666666665 0.8268518518518518 0.024479166666666666 0.0462962962962963
0 0.7653645833333333 0.8893518518518518 0.021354166666666667 0.05092592592592593
0 0.14479166666666665 0.4416666666666667 0.019791666666666666 0.03518518518518519
0 0.46848958333333335 0.938425925925926 0.025520833333333333 0.05648148148148149
0 0.6950520833333333 0.900462962962963 0.0296875 0.0638888888888889
0 0.8619791666666666 0.4740740740740741 0.025 0.05
0 0.03229166666666666 0.7199074074074074 0.019791666666666666 0.04722222222222222
0 0.18151041666666667 0.04583333333333334 0.013020833333333334 0.026851851851851852
0 0.05416666666666667 0.46620370370370373 0.01875 0.03796296296296296
0 0.7580729166666667 0.9810185185185185 0.0265625 0.04722222222222222
0 0.30807291666666664 0.17777777777777778 0.0109375 0.022222222222222223
0 0.15989583333333332 0.04027777777777778 0.0125 0.025
0 0.46067708333333335 0.7986111111111112 0.0265625 0.05277777777777778
0 0.3338541666666667 0.12222222222222223 0.008333333333333333 0.016666666666666666
0 0.6770833333333334 0.27222222222222225 0.015625 0.02962962962962963
0 0.21692708333333333 0.011111111111111112 0.0067708333333333336 0.022222222222222223
0 0.315625 0.08842592592592594 0.010416666666666666 0.026851851851851852
0 0.30390625 0.10833333333333334 0.009895833333333333 0.022222222222222223
0 0.37890625 0.033796296296296297 0.013020833333333334 0.02314814814814815
0 0.3755208333333333 0.04490740740740741 0.0125 0.026851851851851852
0 0.40572916666666664 0.1726851851851852 0.015625 0.032407407407407406
0 0.013020833333333334 0.7662037037037037 0.020833333333333332 0.04351851851851852
0 0.40338541666666666 0.9166666666666667 0.0265625 0.05185185185185186
0 0.9322916666666666 0.024537037037037038 0.010416666666666666 0.017592592592592594
0 0.99375 0.040740740740740744 0.010416666666666666 0.022222222222222223
