0 0.7184895833333333 0.42638888888888893 0.019270833333333334 0.049074074074074076
0 0.6557291666666667 0.45231481481481484 0.01875 0.04722222222222222
0 0.24713541666666666 0.7310185185185185 0.019270833333333334 0.05092592592592593
0 0.08645833333333333 0.12453703703703704 0.011458333333333333 0.025
0 0.8572916666666667 0.6273148148148149 0.021875 0.04537037037037037
0 0.334375 0.34814814814814815 0.017708333333333333 0.03888888888888889
0 0.41328125 0.8300925925925926 0.022395833333333334 0.05277777777777778
0 0.62578125 0.28194444444444444 0.018229166666666668 0.036111111111111115
0 0.37734375 0.1050925925925926 0.011979166666666666 0.030555555555555558
0 0.25755208333333335 0.17685185185185187 0.013020833333333334 0.02592592592592593
0 0.21015625 0.4462962962962963 0.018229166666666668 0.037037037037037035
0 0.030989583333333334 0.7194444444444444 0.021354166666666667 0.04259259259259259
0 0.9140625 0.4138888888888889 0.022916666666666665 0.040740740740740744
0 0.46640624999999997 0.9444444444444445 0.025520833333333333 0.06666666666666667
0 0.9854166666666666 0.22083333333333335 0.013541666666666667 0.028703703703703703
0 0.6950520833333333 0.9 0.030729166666666665 0.06296296296296297
0 0.284375 0.09212962962962963 0.0125 0.026851851851851852
0 0.659375 0.4166666666666667 0.016666666666666666 0.037037037037037035
0 0.2716145833333333 0.1712962962962963 0.008854166666666666 0.016666666666666666
0 0.75859375 0.9810185185185185 0.030729166666666665 0.049074074074074076
0 0.24973958333333332 0.0125 0.008854166666666666 0.021296296296296296
0 0.9796874999999999 0.18935185185185185 0.013541666666666667 0.032407407407407406
0 0.459375 0.7962962962962963 0.025 0.04814814814814815
0 0.6216145833333333 0.26157407407407407 0.0140625 0.026851851851851852
0 0.26875 0.10972222222222222 0.014583333333333334 0.028703703703703703
0 0.97890625 0.02592592592592593 0.008854166666666666 0.022222222222222223
0 0.9247395833333333 0.48750000000000004 0.0203125 0.03981481481481482
0 0.40234375 0.9217592592592593 0.0265625 0.05277777777777778
0 0.7671875 0.888888888888889 0.020833333333333332 0.05925925925925926
0 0.014322916666666666 0.7675925925925926 0.018229166666666668 0.04259259259259259
0 0.0026041666666666665 0.47222222222222227 0.0125 0.040740740740740744
0 0.3013020833333333 0.12361111111111112 0.008854166666666666 0.015740740740740743
0 0.36223958333333334 0.17685185185185187 0.018229166666666668 0.031481481481481485
0 0.16458333333333333 0.04120370370370371 0.011458333333333333 0.02314814814814815
0 0.14010416666666667 0.034722222222222224 0.011458333333333333 0.02314814814814815
0 0.3424479166666667 0.031018518518518518 0.015104166666666667 0.026851851851851852
0 0.33932291666666664 0.04953703703703704 0.0140625 0.025
