0 0.7541666666666667 0.4810185185185185 0.021875 0.05277777777777778
0 0.67890625 0.5324074074074074 0.021354166666666667 0.05555555555555556
0 0.8356770833333333 0.6310185185185185 0.022395833333333334 0.05277777777777778
0 0.67421875 0.46990740740740744 0.018229166666666668 0.04166666666666667
0 0.2916666666666667 0.4532407407407408 0.01875 0.03796296296296296
0 0.4127604166666667 0.8277777777777778 0.0234375 0.05185185185185186
0 0.026302083333333334 0.12361111111111112 0.013020833333333334 0.025
0 0.9341145833333333 0.22314814814814815 0.013020833333333334 0.02592592592592593
0 0.9239583333333333 0.19583333333333333 0.016666666666666666 0.032407407407407406
0 0.23932291666666666 0.33842592592592596 0.0171875 0.03981481481481482
0 0.9776041666666666 0.41805555555555557 0.021875 0.04166666666666667
0 0.19401041666666666 0.17546296296296296 0.011979166666666666 0.026851851851851852
0 0.23541666666666666 0.7333333333333334 0.020833333333333332 0.04259259259259259
0 0.56171875 0.2763888888888889 0.01614583333333333 0.036111111111111115
0 0.31927083333333334 0.11435185185185186 0.0125 0.028703703703703703
0 0.4661458333333333 0.9412037037037038 0.029166666666666667 0.058333333333333334
0 0.5544270833333333 0.25416666666666665 0.0140625 0.030555555555555558
0 0.23151041666666666 0.10648148148148148 0.0109375 0.024074074074074074
0 0.26640625 0.12314814814814816 0.008854166666666666 0.020370370370370372
0 0.946875 0.21851851851851853 0.014583333333333334 0.02962962962962963
0 0.029947916666666668 0.7203703703703704 0.021354166666666667 0.044444444444444446
0 0.2453125 0.08750000000000001 0.009375 0.025
0 0.4591145833333333 0.7958333333333334 0.024479166666666666 0.04537037037037037
0 0.6955729166666667 0.9064814814814816 0.0328125 0.06666666666666667
0 0.7643229166666666 0.8930555555555556 0.0203125 0.05462962962962963
0 0.290625 0.011111111111111112 0.007291666666666667 0.018518518518518517
0 0.75625 0.9828703703703704 0.030208333333333334 0.049074074074074076
0 0.23385416666666667 0.16666666666666669 0.0125 0.018518518518518517
0 0.134375 0.040740740740740744 0.010416666666666666 0.022222222222222223
0 0.1109375 0.04212962962962963 0.011458333333333333 0.025
0 0.015104166666666667 0.7666666666666667 0.021875 0.04259259259259259
0 0.4005208333333333 0.9180555555555556 0.029166666666666667 0.05462962962962963
0 0.9890625 0.48240740740740745 0.016666666666666666 0.040740740740740744
0 0.3015625 0.027314814814814816 0.010416666666666666 0.02314814814814815
0 0.2942708333333333 0.04490740740740741 0.015625 0.026851851851851852
0 0.3065104166666667 0.17314814814814816 0.015104166666666667 0.031481481481481485
