0 0.628125 0.3925925925925926 0.01875 0.0462962962962963
0 0.9177083333333333 0.6166666666666667 0.022916666666666665 0.0462962962962963
0 0.6947916666666667 0.3791666666666667 0.017708333333333333 0.049074074074074076
0 0.44453125 0.35879629629629634 0.0171875 0.03981481481481482
0 0.8473958333333333 0.4050925925925926 0.021875 0.04166666666666667
0 0.8533854166666667 0.48194444444444445 0.019270833333333334 0.04722222222222222
0 0.41432291666666665 0.8273148148148148 0.024479166666666666 0.04722222222222222
0 0.6572916666666666 0.3731481481481482 0.016666666666666666 0.03888888888888889
0 0.128125 0.43703703703703706 0.01875 0.03518518518518519
0 0.25755208333333335 0.7314814814814815 0.018229166666666668 0.05185185185185186
0 0.15104166666666666 0.12962962962962962 0.011458333333333333 0.02592592592592593
0 0.46822916666666664 0.9393518518518519 0.02395833333333333 0.05648148148148149
0 0.43255208333333334 0.10555555555555556 0.0109375 0.02777777777777778
0 0.6966145833333334 0.9 0.0296875 0.05925925925925926
0 0.03229166666666666 0.7212962962962963 0.020833333333333332 0.04814814814814815
0 0.6979166666666666 0.29212962962962963 0.016666666666666666 0.03796296296296296
0 0.18541666666666667 0.04537037037037037 0.013541666666666667 0.02777777777777778
0 0.7661458333333333 0.8898148148148148 0.022916666666666665 0.05
0 0.46041666666666664 0.7986111111111112 0.026041666666666668 0.049074074074074076
0 0.06614583333333333 0.46990740740740744 0.019791666666666666 0.03981481481481482
0 0.7578125 0.9787037037037037 0.029166666666666667 0.0462962962962963
0 0.69296875 0.2726851851851852 0.015104166666666667 0.032407407407407406
0 0.32265625 0.09351851851851853 0.011979166666666666 0.02962962962962963
0 0.9825520833333333 0.04953703703703704 0.008854166666666666 0.019444444444444445
0 0.3138020833333333 0.11296296296296297 0.011979166666666666 0.02777777777777778
0 0.9229166666666666 0.02962962962962963 0.011458333333333333 0.022222222222222223
0 0.40338541666666666 0.9189814814814815 0.0265625 0.05648148148148149
0 0.3859375 0.033796296296296297 0.010416666666666666 0.02314814814814815
0 0.3848958333333333 0.04583333333333334 0.010416666666666666 0.02314814814814815
0 0.4161458333333333 0.16666666666666669 0.016666666666666666 0.02777777777777778
0 0.3424479166666667 0.12592592592592594 0.009895833333333333 0.020370370370370372
0 0.32135416666666666 0.17685185185185187 0.015625 0.031481481481481485
0 0.20963541666666666 0.01990740740740741 0.0140625 0.025
0 0.16536458333333334 0.04351851851851852 0.013020833333333334 0.02777777777777778
0 0.01614583333333333 0.7694444444444445 0.02395833333333333 0.04259259259259259
