0 0.6770833333333334 0.32685185185185184 0.017708333333333333 0.044444444444444446
0 0.6190104166666667 0.36435185185185187 0.022395833333333334 0.03796296296296296
0 0.4125 0.8361111111111111 0.02395833333333333 0.05185185185185186
0 0.84921875 0.22731481481481483 0.0171875 0.032407407407407406
0 0.7299479166666667 0.4078703703703704 0.022395833333333334 0.04537037037037037
0 0.8169270833333333 0.3226851851851852 0.018229166666666668 0.03796296296296296
0 0.7611979166666667 0.8819444444444445 0.024479166666666666 0.05462962962962963
0 0.24765625 0.14675925925925926 0.011979166666666666 0.026851851851851852
0 0.5075520833333333 0.10601851851851853 0.013020833333333334 0.026851851851851852
0 0.25338541666666664 0.7347222222222223 0.0203125 0.05277777777777778
0 0.37994791666666666 0.18796296296296297 0.009895833333333333 0.018518518518518517
0 0.7442708333333333 0.48333333333333334 0.020833333333333332 0.044444444444444446
0 0.62421875 0.32037037037037036 0.018229166666666668 0.04259259259259259
0 0.4549479166666667 0.06296296296296297 0.013020833333333334 0.022222222222222223
0 0.4705729166666667 0.950462962962963 0.0265625 0.06018518518518519
0 0.6401041666666667 0.32546296296296295 0.015625 0.036111111111111115
0 0.503125 0.16527777777777777 0.015625 0.03425925925925926
0 0.2328125 0.04861111111111111 0.013541666666666667 0.026851851851851852
0 0.0328125 0.7296296296296296 0.021875 0.04814814814814815
0 0.80703125 0.3027777777777778 0.01614583333333333 0.037037037037037035
0 0.41119791666666666 0.1763888888888889 0.011979166666666666 0.028703703703703703
0 0.13880208333333333 0.036111111111111115 0.009895833333333333 0.018518518518518517
0 0.69296875 0.9064814814814816 0.0328125 0.05925925925925926
0 0.1671875 0.4777777777777778 0.019791666666666666 0.03888888888888889
0 0.4544270833333333 0.04537037037037037 0.0109375 0.020370370370370372
0 0.8841145833333334 0.05694444444444444 0.009895833333333333 0.02314814814814815
0 0.82265625 0.053703703703703705 0.0109375 0.020370370370370372
0 0.21848958333333332 0.05092592592592593 0.013020833333333334 0.024074074074074074
0 0.39791666666666664 0.924537037037037 0.03333333333333333 0.05092592592592593
0 0.384375 0.09722222222222222 0.010416666666666666 0.022222222222222223
0 0.020572916666666666 0.7819444444444444 0.024479166666666666 0.04351851851851852
0 0.4575520833333333 0.8115740740740741 0.030729166666666665 0.05462962962962963
0 0.7736979166666667 0.9814814814814815 0.025520833333333333 0.037037037037037035
0 0.03229166666666666 0.06666666666666667 0.010416666666666666 0.018518518518518517
0 0.025260416666666667 0.07962962962962963 0.0140625 0.022222222222222223
0 0.01015625 0.1925925925925926 0.013020833333333334 0.02962962962962963
0 0.3846354166666667 0.12037037037037038 0.0140625 0.02777777777777778
