0 0.6768229166666666 0.3287037037037037 0.0171875 0.044444444444444446
0 0.4125 0.8365740740740741 0.02395833333333333 0.05092592592592593
0 0.6145833333333334 0.3648148148148148 0.021875 0.03888888888888889
0 0.8533854166666667 0.22731481481481483 0.0171875 0.032407407407407406
0 0.7614583333333333 0.8824074074074074 0.025 0.053703703703703705
0 0.7328125 0.4101851851851852 0.02395833333333333 0.0462962962962963
0 0.24557291666666667 0.1462962962962963 0.011979166666666666 0.02777777777777778
0 0.746875 0.48194444444444445 0.021875 0.04351851851851852
0 0.8130208333333333 0.32083333333333336 0.01875 0.03796296296296296
0 0.25390625 0.7356481481481482 0.0203125 0.05462962962962963
0 0.5057291666666667 0.10648148148148148 0.011458333333333333 0.02777777777777778
0 0.8046875 0.30185185185185187 0.015625 0.037037037037037035
0 0.23124999999999998 0.04861111111111111 0.013541666666666667 0.026851851851851852
0 0.64140625 0.32592592592592595 0.015104166666666667 0.037037037037037035
0 0.032552083333333336 0.7300925925925926 0.021354166666666667 0.049074074074074076
0 0.47031249999999997 0.9523148148148148 0.026041666666666668 0.0638888888888889
0 0.4088541666666667 0.1763888888888889 0.011458333333333333 0.028703703703703703
0 0.6234375 0.3212962962962963 0.017708333333333333 0.04259259259259259
0 0.453125 0.043055555555555555 0.011458333333333333 0.019444444444444445
0 0.37838541666666664 0.1875 0.009895833333333333 0.019444444444444445
0 0.45286458333333335 0.06435185185185185 0.013020833333333334 0.02314814814814815
0 0.6934895833333333 0.9060185185185186 0.03177083333333333 0.05648148148148149
0 0.16484375 0.475462962962963 0.019270833333333334 0.036111111111111115
0 0.8864583333333333 0.05694444444444444 0.009375 0.02314814814814815
0 0.5015625 0.16574074074074074 0.014583333333333334 0.03333333333333333
0 0.21822916666666667 0.050462962962962966 0.0125 0.021296296296296296
0 0.3997395833333333 0.9236111111111112 0.030729166666666665 0.04722222222222222
0 0.14140625 0.037037037037037035 0.008854166666666666 0.018518518518518517
0 0.4557291666666667 0.8074074074074075 0.027083333333333334 0.05185185185185186
0 0.019791666666666666 0.7851851851851852 0.027083333333333334 0.053703703703703705
0 0.032552083333333336 0.06759259259259259 0.008854166666666666 0.022222222222222223
0 0.022916666666666665 0.08009259259259259 0.0125 0.02314814814814815
0 0.011979166666666666 0.1953703703703704 0.016666666666666666 0.02777777777777778
0 0.7713541666666667 0.9791666666666667 0.020833333333333332 0.03425925925925926
0 0.8247395833333333 0.050462962962962966 0.015104166666666667 0.02314814814814815
0 0.38385416666666666 0.09305555555555556 0.010416666666666666 0.02314814814814815
0 0.3833333333333333 0.11944444444444445 0.017708333333333333 0.02962962962962963
