0 0.9322916666666666 0.6199074074074075 0.020833333333333332 0.05092592592592593
0 0.62890625 0.3763888888888889 0.0171875 0.03981481481481482
0 0.6955729166666667 0.375462962962963 0.015104166666666667 0.04722222222222222
0 0.44244791666666666 0.10462962962962963 0.013020833333333334 0.031481481481481485
0 0.4640625 0.3560185185185185 0.01875 0.03981481481481482
0 0.41380208333333335 0.8291666666666667 0.024479166666666666 0.049074074074074076
0 0.83359375 0.40092592592592596 0.021354166666666667 0.044444444444444446
0 0.6536458333333334 0.3685185185185185 0.014583333333333334 0.03518518518518519
0 0.1125 0.4416666666666667 0.019791666666666666 0.03333333333333333
0 0.25885416666666666 0.7328703703703704 0.01875 0.05277777777777778
0 0.8401041666666667 0.4810185185185185 0.019791666666666666 0.04537037037037037
0 0.9880208333333333 0.2388888888888889 0.014583333333333334 0.031481481481481485
0 0.46796875 0.9402777777777778 0.024479166666666666 0.05648148148148149
0 0.032552083333333336 0.7208333333333333 0.0203125 0.04537037037037037
0 0.7114583333333333 0.2967592592592593 0.015625 0.032407407407407406
0 0.6953125 0.9023148148148149 0.030208333333333334 0.05648148148148149
0 0.7557291666666667 0.9796296296296296 0.028125 0.0462962962962963
0 0.1640625 0.1328703703703704 0.011458333333333333 0.026851851851851852
0 0.46015625 0.8023148148148148 0.027604166666666666 0.05277777777777778
0 0.76640625 0.8907407407407407 0.0234375 0.05
0 0.4265625 0.16898148148148148 0.013541666666666667 0.030555555555555558
0 0.40208333333333335 0.9259259259259259 0.03333333333333333 0.05740740740740741
0 0.7072916666666667 0.28101851851851856 0.015625 0.03425925925925926
0 0.07838541666666667 0.47314814814814815 0.0203125 0.037037037037037035
0 0.321875 0.17546296296296296 0.009375 0.019444444444444445
0 0.20182291666666666 0.025462962962962965 0.0109375 0.021296296296296296
0 0.19036458333333334 0.04814814814814815 0.0140625 0.02962962962962963
0 0.9708333333333333 0.04398148148148148 0.010416666666666666 0.02314814814814815
0 0.9098958333333333 0.037037037037037035 0.011458333333333333 0.020370370370370372
0 0.39348958333333334 0.037037037037037035 0.0140625 0.02777777777777778
0 0.39427083333333335 0.05740740740740741 0.011458333333333333 0.02777777777777778
0 0.3333333333333333 0.09027777777777778 0.0125 0.026851851851851852
0 0.32447916666666665 0.11342592592592593 0.0125 0.026851851851851852
0 0.3502604166666667 0.1287037037037037 0.009895833333333333 0.020370370370370372
0 0.3346354166666667 0.17731481481481481 0.009895833333333333 0.02314814814814815
0 0.17213541666666665 0.04490740740740741 0.0140625 0.026851851851851852
0 0.015885416666666666 0.7703703703703704 0.024479166666666666 0.040740740740740744
