0 0.93828125 0.6231481481481481 0.0234375 0.05185185185185186
0 0.628125 0.3736111111111111 0.017708333333333333 0.04537037037037037
0 0.47239583333333335 0.3601851851851852 0.01875 0.03888888888888889
0 0.8346354166666666 0.47962962962962963 0.018229166666666668 0.04259259259259259
0 0.41380208333333335 0.8291666666666667 0.0234375 0.04722222222222222
0 0.828125 0.39861111111111114 0.019791666666666666 0.04166666666666667
0 0.9802083333333333 0.23981481481481481 0.016666666666666666 0.03333333333333333
0 0.2583333333333333 0.7324074074074074 0.01875 0.05185185185185186
0 0.6953125 0.3689814814814815 0.014583333333333334 0.03981481481481482
0 0.6518229166666667 0.36388888888888893 0.015104166666666667 0.037037037037037035
0 0.46796875 0.9421296296296297 0.024479166666666666 0.062037037037037036
0 0.44557291666666665 0.10462962962962963 0.0109375 0.02777777777777778
0 0.03203125 0.7212962962962963 0.021354166666666667 0.0462962962962963
0 0.10598958333333333 0.4449074074074074 0.0203125 0.036111111111111115
0 0.16901041666666666 0.13518518518518519 0.011979166666666666 0.02592592592592593
0 0.6947916666666667 0.9027777777777778 0.03229166666666666 0.05925925925925926
0 0.76640625 0.8930555555555556 0.024479166666666666 0.05277777777777778
0 0.75625 0.9800925925925926 0.029166666666666667 0.049074074074074076
0 0.459375 0.8009259259259259 0.026041666666666668 0.05
0 0.325 0.17546296296296296 0.009375 0.019444444444444445
0 0.35182291666666665 0.13055555555555556 0.0109375 0.024074074074074074
0 0.7127604166666667 0.27824074074074073 0.0140625 0.032407407407407406
0 0.71796875 0.2972222222222222 0.019270833333333334 0.031481481481481485
0 0.90625 0.03518518518518519 0.011458333333333333 0.020370370370370372
0 0.96875 0.046759259259259264 0.011458333333333333 0.025
0 0.40260416666666665 0.9185185185185185 0.028125 0.05
0 0.39817708333333335 0.03888888888888889 0.0140625 0.02777777777777778
0 0.39427083333333335 0.05648148148148149 0.011458333333333333 0.02777777777777778
0 0.43124999999999997 0.1726851851851852 0.015625 0.026851851851851852
0 0.33203125 0.09074074074074075 0.0140625 0.02777777777777778
0 0.3286458333333333 0.11018518518518519 0.0125 0.020370370370370372
0 0.33671875 0.17777777777777778 0.013020833333333334 0.02777777777777778
0 0.19661458333333334 0.024074074074074074 0.0140625 0.02962962962962963
0 0.1921875 0.04490740740740741 0.015625 0.025
0 0.17291666666666666 0.04537037037037037 0.010416666666666666 0.022222222222222223
0 0.08489583333333334 0.47500000000000003 0.020833333333333332 0.037037037037037035
0 0.014583333333333334 0.7708333333333334 0.021875 0.04537037037037037
