0 0.70078125 0.39722222222222225 0.0171875 0.05
0 0.6330729166666667 0.41435185185185186 0.0203125 0.049074074074074076
0 0.2552083333333333 0.7305555555555556 0.019791666666666666 0.05185185185185186
0 0.890625 0.6189814814814815 0.027083333333333334 0.04537037037037037
0 0.12057291666666667 0.12962962962962962 0.011979166666666666 0.02592592592592593
0 0.16380208333333332 0.4388888888888889 0.021354166666666667 0.03518518518518519
0 0.4140625 0.8268518518518518 0.02395833333333333 0.04814814814814815
0 0.396875 0.35185185185185186 0.016666666666666666 0.03888888888888889
0 0.87734375 0.41111111111111115 0.021354166666666667 0.037037037037037035
0 0.41041666666666665 0.09722222222222222 0.010416666666666666 0.02592592592592593
0 0.6609375 0.38981481481481484 0.014583333333333334 0.03333333333333333
0 0.76640625 0.888888888888889 0.021354166666666667 0.05
0 0.6703125 0.28101851851851856 0.015625 0.03425925925925926
0 0.2947916666666667 0.17546296296296296 0.014583333333333334 0.025
0 0.6635416666666667 0.26296296296296295 0.014583333333333334 0.02962962962962963
0 0.69765625 0.899537037037037 0.028645833333333332 0.0638888888888889
0 0.031510416666666666 0.7189814814814816 0.021354166666666667 0.04537037037037037
0 0.46822916666666664 0.937962962962963 0.025 0.05740740740740741
0 0.03958333333333333 0.4671296296296297 0.020833333333333332 0.04166666666666667
0 0.7591145833333334 0.9796296296296296 0.028645833333333332 0.04814814814814815
0 0.22734374999999998 0.015277777777777779 0.0078125 0.019444444444444445
0 0.46067708333333335 0.7986111111111112 0.0265625 0.05277777777777778
0 0.2942708333333333 0.11203703703703705 0.0125 0.02777777777777778
0 0.4036458333333333 0.9263888888888889 0.029166666666666667 0.062037037037037036
0 0.17682291666666666 0.04490740740740741 0.013020833333333334 0.025
0 0.9455729166666667 0.030092592592592594 0.008854166666666666 0.019444444444444445
0 0.15364583333333334 0.04120370370370371 0.0125 0.02314814814814815
0 0.30625 0.09212962962962963 0.010416666666666666 0.026851851851851852
0 0.014583333333333334 0.7671296296296296 0.02395833333333333 0.04351851851851852
0 0.32578125 0.125 0.009895833333333333 0.018518518518518517
0 0.36744791666666665 0.034722222222222224 0.013020833333333334 0.025
0 0.3653645833333333 0.05277777777777778 0.0140625 0.031481481481481485
0 0.39348958333333334 0.17500000000000002 0.0140625 0.031481481481481485
0 0.8822916666666667 0.47824074074074074 0.022916666666666665 0.04351851851851852
