0 0.7854166666666667 0.5032407407407408 0.020833333333333332 0.05277777777777778
0 0.7111979166666667 0.5694444444444444 0.024479166666666666 0.05740740740740741
0 0.8309895833333333 0.6370370370370371 0.0203125 0.053703703703703705
0 0.6828125 0.5023148148148149 0.017708333333333333 0.04166666666666667
0 0.4114583333333333 0.8282407407407407 0.02395833333333333 0.05277777777777778
0 0.3307291666666667 0.45787037037037037 0.020833333333333332 0.04166666666666667
0 0.19453125 0.33194444444444443 0.01614583333333333 0.03981481481481482
0 0.1609375 0.17777777777777778 0.011458333333333333 0.02777777777777778
0 0.28854166666666664 0.11944444444444445 0.011458333333333333 0.02962962962962963
0 0.23098958333333333 0.7398148148148148 0.0234375 0.05185185185185186
0 0.89921875 0.19490740740740742 0.015104166666666667 0.030555555555555558
0 0.5260416666666666 0.2777777777777778 0.014583333333333334 0.03518518518518519
0 0.6940104166666666 0.9097222222222222 0.027604166666666666 0.06018518518518519
0 0.4661458333333333 0.9393518518518519 0.029166666666666667 0.05462962962962963
0 0.22578125 0.08842592592592594 0.0109375 0.026851851851851852
0 0.4578125 0.7976851851851852 0.025 0.049074074074074076
0 0.27109375 0.04814814814814815 0.0109375 0.022222222222222223
0 0.21354166666666666 0.10601851851851853 0.010416666666666666 0.025
0 0.028906249999999998 0.7194444444444444 0.0234375 0.0462962962962963
0 0.7645833333333333 0.8962962962962964 0.022916666666666665 0.05555555555555556
0 0.5182291666666666 0.2574074074074074 0.013541666666666667 0.031481481481481485
0 0.90390625 0.22361111111111112 0.0140625 0.028703703703703703
0 0.25078125 0.1212962962962963 0.0109375 0.020370370370370372
0 0.3098958333333333 0.009259259259259259 0.007291666666666667 0.018518518518518517
0 0.75546875 0.9800925925925926 0.028645833333333332 0.04722222222222222
0 0.2109375 0.1675925925925926 0.009375 0.018518518518518517
0 0.9161458333333333 0.22592592592592595 0.014583333333333334 0.02777777777777778
0 0.278125 0.02592592592592593 0.009375 0.020370370370370372
0 0.3984375 0.9231481481481482 0.03229166666666666 0.05925925925925926
0 0.013020833333333334 0.7680555555555556 0.02395833333333333 0.04537037037037037
0 0.09739583333333333 0.03796296296296296 0.010416666666666666 0.022222222222222223
0 0.27890625 0.1736111111111111 0.013020833333333334 0.032407407407407406
0 0.28984375 0.17685185185185187 0.009895833333333333 0.02962962962962963
0 0.121875 0.033796296296296297 0.010416666666666666 0.02314814814814815
