0 0.77734375 0.4981481481481482 0.021354166666666667 0.05555555555555556
0 0.7033854166666667 0.5611111111111111 0.022395833333333334 0.053703703703703705
0 0.8309895833333333 0.6375000000000001 0.021354166666666667 0.06018518518518519
0 0.9065104166666667 0.19212962962962965 0.01614583333333333 0.030555555555555558
0 0.4119791666666667 0.8273148148148148 0.025 0.05092592592592593
0 0.17083333333333334 0.1787037037037037 0.011458333333333333 0.02777777777777778
0 0.67734375 0.49074074074074076 0.019270833333333334 0.04259259259259259
0 0.3182291666666667 0.45555555555555555 0.021875 0.040740740740740744
0 0.5299479166666666 0.2611111111111111 0.015104166666666667 0.031481481481481485
0 0.23385416666666667 0.7384259259259259 0.02395833333333333 0.05092592592592593
0 0.209375 0.3375 0.016666666666666666 0.03796296296296296
0 0.5348958333333333 0.2814814814814815 0.017708333333333333 0.037037037037037035
0 0.29609375 0.11666666666666667 0.011979166666666666 0.02962962962962963
0 0.69296875 0.9115740740740741 0.028645833333333332 0.0638888888888889
0 0.46588541666666666 0.9439814814814815 0.028645833333333332 0.058333333333333334
0 0.005729166666666666 0.12037037037037038 0.011458333333333333 0.02592592592592593
0 0.4575520833333333 0.7986111111111112 0.025520833333333333 0.05092592592592593
0 0.21848958333333332 0.17175925925925928 0.008854166666666666 0.017592592592592594
0 0.21901041666666665 0.10787037037037038 0.009895833333333333 0.02314814814814815
0 0.23151041666666666 0.08750000000000001 0.013020833333333334 0.026851851851851852
0 0.76484375 0.8939814814814815 0.0234375 0.05462962962962963
0 0.028906249999999998 0.7217592592592593 0.024479166666666666 0.049074074074074076
0 0.30234375 0.008333333333333333 0.0067708333333333336 0.016666666666666666
0 0.9127604166666666 0.22592592592592595 0.0140625 0.02777777777777778
0 0.75546875 0.9800925925925926 0.028645833333333332 0.04722222222222222
0 0.10260416666666666 0.04120370370370371 0.008333333333333333 0.019444444444444445
0 0.9286458333333333 0.22268518518518518 0.010416666666666666 0.02314814814814815
0 0.2877604166666667 0.1685185185185185 0.015104166666666667 0.037037037037037035
0 0.12890625 0.03796296296296296 0.013020833333333334 0.022222222222222223
0 0.28463541666666664 0.028703703703703703 0.009895833333333333 0.022222222222222223
0 0.2786458333333333 0.04861111111111111 0.0125 0.02314814814814815
0 0.2546875 0.12314814814814816 0.010416666666666666 0.018518518518518517
0 0.013802083333333333 0.7717592592592593 0.0203125 0.04722222222222222
0 0.39869791666666665 0.9180555555555556 0.0296875 0.05462962962962963
0 0.9955729166666667 0.42592592592592593 0.0140625 0.04259259259259259
