0 0.8052083333333333 0.5287037037037037 0.025 0.05740740740740741
0 0.8388020833333333 0.6430555555555556 0.021354166666666667 0.05462962962962963
0 0.7317708333333334 0.6175925925925926 0.026041666666666668 0.061111111111111116
0 0.69765625 0.5240740740740741 0.018229166666666668 0.044444444444444446
0 0.5 0.2791666666666667 0.015625 0.036111111111111115
0 0.41354166666666664 0.826388888888889 0.025 0.05092592592592593
0 0.36614583333333334 0.46342592592592596 0.01875 0.03796296296296296
0 0.15885416666666666 0.32916666666666666 0.01875 0.04537037037037037
0 0.8846354166666667 0.225 0.01614583333333333 0.031481481481481485
0 0.2622395833333333 0.11990740740740741 0.011979166666666666 0.026851851851851852
0 0.19479166666666667 0.17222222222222222 0.010416666666666666 0.018518518518518517
0 0.22708333333333333 0.7449074074074075 0.019791666666666666 0.05092592592592593
0 0.46484375 0.9449074074074074 0.028645833333333332 0.06574074074074074
0 0.6942708333333333 0.9106481481481482 0.03125 0.0638888888888889
0 0.45677083333333335 0.7935185185185185 0.022916666666666665 0.040740740740740744
0 0.2125 0.08333333333333334 0.010416666666666666 0.022222222222222223
0 0.028645833333333332 0.7203703703703704 0.025 0.05
0 0.49244791666666665 0.25601851851851853 0.013020833333333334 0.028703703703703703
0 0.20104166666666667 0.10370370370370371 0.009375 0.022222222222222223
0 0.8763020833333334 0.19490740740740742 0.0140625 0.028703703703703703
0 0.23828125 0.12222222222222223 0.009895833333333333 0.020370370370370372
0 0.10755208333333333 0.03888888888888889 0.0140625 0.02777777777777778
0 0.7622395833333333 0.8930555555555556 0.0234375 0.05648148148148149
0 0.25494791666666666 0.04212962962962963 0.0109375 0.02314814814814815
0 0.8979166666666667 0.2263888888888889 0.015625 0.032407407407407406
0 0.009635416666666667 0.4314814814814815 0.0140625 0.037037037037037035
0 0.32526041666666666 0.007407407407407408 0.005729166666666666 0.014814814814814815
0 0.7572916666666667 0.9810185185185185 0.03125 0.04722222222222222
0 0.26979166666666665 0.17592592592592593 0.0125 0.02777777777777778
0 0.25859375 0.17500000000000002 0.0140625 0.031481481481481485
0 0.39791666666666664 0.9189814814814815 0.029166666666666667 0.04537037037037037
0 0.011458333333333333 0.7648148148148148 0.017708333333333333 0.04259259259259259
0 0.2635416666666667 0.028240740740740743 0.0125 0.025
0 0.0859375 0.037037037037037035 0.011458333333333333 0.018518518518518517
0 0.13567708333333334 0.1824074074074074 0.015104166666666667 0.02777777777777778
