0 0.8377604166666667 0.5546296296296297 0.024479166666666666 0.05740740740740741
0 0.7776041666666667 0.6685185185185185 0.027083333333333334 0.06481481481481481
0 0.22786458333333334 0.7537037037037038 0.018229166666666668 0.05
0 0.4109375 0.475462962962963 0.019791666666666666 0.03981481481481482
0 0.8575520833333333 0.6574074074074074 0.021354166666666667 0.05
0 0.9489583333333333 0.3611111111111111 0.01875 0.03888888888888889
0 0.41562499999999997 0.8305555555555556 0.027083333333333334 0.05555555555555556
0 0.70625 0.5643518518518519 0.01875 0.04722222222222222
0 0.4671875 0.27546296296296297 0.016666666666666666 0.03796296296296296
0 0.46458333333333335 0.9430555555555556 0.02395833333333333 0.05648148148148149
0 0.7625 0.8967592592592593 0.022916666666666665 0.06018518518518519
0 0.4583333333333333 0.2518518518518519 0.014583333333333334 0.03333333333333333
0 0.17291666666666666 0.17500000000000002 0.009375 0.018518518518518517
0 0.8575520833333333 0.22592592592592595 0.015104166666666667 0.031481481481481485
0 0.034895833333333334 0.42638888888888893 0.015625 0.036111111111111115
0 0.6927083333333334 0.9106481481481482 0.03229166666666666 0.06759259259259259
0 0.19505208333333332 0.08425925925925926 0.0109375 0.022222222222222223
0 0.45703125 0.7976851851851852 0.024479166666666666 0.049074074074074076
0 0.027604166666666666 0.7194444444444444 0.02395833333333333 0.05
0 0.11640625 0.3212962962962963 0.01614583333333333 0.040740740740740744
0 0.18072916666666666 0.10370370370370371 0.011458333333333333 0.024074074074074074
0 0.8494791666666667 0.1962962962962963 0.015625 0.031481481481481485
0 0.34296875 0.008333333333333333 0.0067708333333333336 0.016666666666666666
0 0.8703124999999999 0.22453703703703703 0.014583333333333334 0.030555555555555558
0 0.75703125 0.9828703703703704 0.030729166666666665 0.04537037037037037
0 0.09557291666666666 0.03935185185185185 0.011979166666666666 0.025
0 0.23020833333333332 0.04722222222222222 0.009375 0.020370370370370372
0 0.3971354166666667 0.9180555555555556 0.0265625 0.05462962962962963
0 0.01015625 0.7578703703703704 0.018229166666666668 0.04722222222222222
0 0.10598958333333333 0.18101851851851852 0.009895833333333333 0.025
0 0.07864583333333333 0.03888888888888889 0.011458333333333333 0.018518518518518517
0 0.24296874999999998 0.018518518518518517 0.009895833333333333 0.018518518518518517
0 0.2265625 0.12546296296296297 0.010416666666666666 0.02314814814814815
0 0.23541666666666666 0.1736111111111111 0.015625 0.032407407407407406
0 0.24791666666666667 0.17731481481481481 0.015625 0.032407407407407406
