0 0.8690104166666667 0.5782407407407407 0.0234375 0.058333333333333334
0 0.23411458333333332 0.7708333333333334 0.0203125 0.05648148148148149
0 0.8302083333333333 0.19861111111111113 0.014583333333333334 0.032407407407407406
0 0.8231770833333333 0.7064814814814815 0.030729166666666665 0.06851851851851852
0 0.4635416666666667 0.9439814814814815 0.02395833333333333 0.06018518518518519
0 0.9078125 0.3560185185185185 0.017708333333333333 0.036111111111111115
0 0.72109375 0.5958333333333333 0.0203125 0.04351851851851852
0 0.86953125 0.6717592592592593 0.022395833333333334 0.05648148148148149
0 0.41380208333333335 0.8333333333333334 0.025520833333333333 0.04814814814814815
0 0.07916666666666666 0.31712962962962965 0.01875 0.03981481481481482
0 0.4375 0.27870370370370373 0.016666666666666666 0.03888888888888889
0 0.834375 0.2300925925925926 0.015625 0.032407407407407406
0 0.42994791666666665 0.25416666666666665 0.013020833333333334 0.032407407407407406
0 0.05026041666666667 0.4291666666666667 0.018229166666666668 0.03796296296296296
0 0.6927083333333334 0.9083333333333333 0.03229166666666666 0.06851851851851852
0 0.027083333333333334 0.7180555555555556 0.022916666666666665 0.04351851851851852
0 0.17916666666666667 0.08333333333333334 0.011458333333333333 0.024074074074074074
0 0.15703125 0.17685185185185187 0.011979166666666666 0.020370370370370372
0 0.07005208333333333 0.034722222222222224 0.009895833333333333 0.021296296296296296
0 0.765625 0.9027777777777778 0.02395833333333333 0.05185185185185186
0 0.44635416666666666 0.4791666666666667 0.014583333333333334 0.03796296296296296
0 0.08411458333333333 0.0375 0.013020833333333334 0.026851851851851852
0 0.21015625 0.12407407407407407 0.009895833333333333 0.024074074074074074
0 0.45546875 0.7981481481481482 0.024479166666666666 0.0462962962962963
0 0.753125 0.9842592592592593 0.030208333333333334 0.0462962962962963
0 0.08333333333333333 0.17777777777777778 0.011458333333333333 0.02777777777777778
0 0.8489583333333334 0.23287037037037037 0.013541666666666667 0.030555555555555558
0 0.19973958333333333 0.13333333333333333 0.013020833333333334 0.02962962962962963
0 0.21145833333333333 0.04583333333333334 0.011458333333333333 0.02314814814814815
0 0.225 0.022222222222222223 0.010416666666666666 0.020370370370370372
0 0.16666666666666666 0.10601851851851853 0.010416666666666666 0.026851851851851852
0 0.21588541666666666 0.1726851851851852 0.013020833333333334 0.026851851851851852
0 0.22786458333333334 0.17592592592592593 0.013020833333333334 0.02777777777777778
0 0.009114583333333334 0.7671296296296296 0.019270833333333334 0.04722222222222222
0 0.39921875 0.9189814814814815 0.025520833333333333 0.05648148148148149
0 0.3578125 0.008796296296296297 0.010416666666666666 0.01388888888888889
