0 0.7791666666666667 0.4986111111111111 0.020833333333333332 0.05277777777777778
0 0.7052083333333333 0.5615740740740741 0.022916666666666665 0.058333333333333334
0 0.8309895833333333 0.6365740740740741 0.021354166666666667 0.05648148148148149
0 0.6786458333333333 0.4935185185185185 0.017708333333333333 0.04259259259259259
0 0.41171874999999997 0.8268518518518518 0.024479166666666666 0.05
0 0.32057291666666665 0.4550925925925926 0.018229166666666668 0.03796296296296296
0 0.23307291666666666 0.7375 0.022395833333333334 0.049074074074074076
0 0.16822916666666665 0.17777777777777778 0.0125 0.02777777777777778
0 0.2950520833333333 0.11851851851851852 0.013020833333333334 0.031481481481481485
0 0.69453125 0.9097222222222222 0.0296875 0.062037037037037036
0 0.5268229166666667 0.26157407407407407 0.0140625 0.030555555555555558
0 0.20598958333333334 0.337037037037037 0.015104166666666667 0.037037037037037035
0 0.5333333333333333 0.28101851851851856 0.015625 0.03425925925925926
0 0.4661458333333333 0.9430555555555556 0.029166666666666667 0.06018518518518519
0 0.21614583333333334 0.17037037037037037 0.008333333333333333 0.018518518518518517
0 0.4575520833333333 0.7939814814814815 0.0234375 0.04351851851851852
0 0.7643229166666666 0.8958333333333334 0.0234375 0.05648148148148149
0 0.9096354166666667 0.225 0.0140625 0.02777777777777778
0 0.92578125 0.22268518518518518 0.015104166666666667 0.030555555555555558
0 0.3046875 0.008333333333333333 0.007291666666666667 0.016666666666666666
0 0.028906249999999998 0.7217592592592593 0.024479166666666666 0.049074074074074076
0 0.9044270833333333 0.1925925925925926 0.0140625 0.031481481481481485
0 0.75546875 0.9800925925925926 0.028645833333333332 0.04722222222222222
0 0.21744791666666666 0.10833333333333334 0.008854166666666666 0.022222222222222223
0 0.0049479166666666664 0.11990740740740741 0.009895833333333333 0.026851851851851852
0 0.25390625 0.12314814814814816 0.009895833333333333 0.024074074074074074
0 0.10104166666666667 0.037037037037037035 0.010416666666666666 0.020370370370370372
0 0.125 0.036111111111111115 0.011458333333333333 0.022222222222222223
0 0.28489583333333335 0.027314814814814816 0.0125 0.02314814814814815
0 0.27708333333333335 0.04583333333333334 0.011458333333333333 0.026851851851851852
0 0.23020833333333332 0.08472222222222223 0.0125 0.032407407407407406
0 0.28411458333333334 0.17314814814814816 0.013020833333333334 0.02777777777777778
0 0.014322916666666666 0.7680555555555556 0.0265625 0.04537037037037037
0 0.3984375 0.9189814814814815 0.02395833333333333 0.04537037037037037
