0 0.7010416666666667 0.5587962962962963 0.02395833333333333 0.05462962962962963
0 0.775 0.4949074074074074 0.022916666666666665 0.05277777777777778
0 0.83203125 0.6375000000000001 0.0203125 0.06018518518518519
0 0.4119791666666667 0.8277777777777778 0.025 0.05185185185185186
0 0.6770833333333334 0.48888888888888893 0.017708333333333333 0.040740740740740744
0 0.21328125 0.33796296296296297 0.01614583333333333 0.037037037037037035
0 0.315625 0.4564814814814815 0.019791666666666666 0.040740740740740744
0 0.17317708333333334 0.17962962962962964 0.013020833333333334 0.02777777777777778
0 0.23359375 0.7356481481481482 0.021354166666666667 0.04537037037037037
0 0.5317708333333333 0.2611111111111111 0.014583333333333334 0.031481481481481485
0 0.465625 0.9453703703703704 0.029166666666666667 0.06296296296296297
0 0.008854166666666666 0.1212962962962963 0.0125 0.024074074074074074
0 0.6932291666666667 0.9106481481481482 0.027083333333333334 0.058333333333333334
0 0.2986979166666667 0.11712962962962964 0.011979166666666666 0.030555555555555558
0 0.22005208333333334 0.1726851851851852 0.008854166666666666 0.017592592592592594
0 0.23333333333333334 0.08750000000000001 0.011458333333333333 0.026851851851851852
0 0.22005208333333334 0.10925925925925926 0.009895833333333333 0.024074074074074074
0 0.4578125 0.7967592592592593 0.025 0.04722222222222222
0 0.9083333333333333 0.19212962962962965 0.015625 0.028703703703703703
0 0.029427083333333333 0.7208333333333333 0.0234375 0.04537037037037037
0 0.5388020833333333 0.28240740740740744 0.0171875 0.037037037037037035
0 0.7645833333333333 0.8930555555555556 0.022916666666666665 0.05277777777777778
0 0.7552083333333334 0.9810185185185185 0.029166666666666667 0.049074074074074076
0 0.9171874999999999 0.22453703703703703 0.015625 0.030555555555555558
0 0.9302083333333333 0.22083333333333335 0.013541666666666667 0.026851851851851852
0 0.9934895833333334 0.42314814814814816 0.013020833333333334 0.04259259259259259
0 0.2557291666666667 0.12685185185185185 0.011458333333333333 0.02592592592592593
0 0.4010416666666667 0.9203703703703704 0.02395833333333333 0.05
0 0.01640625 0.7675925925925926 0.019270833333333334 0.03888888888888889
0 0.10442708333333334 0.03796296296296296 0.009895833333333333 0.020370370370370372
0 0.12682291666666667 0.03564814814814815 0.013020833333333334 0.025
0 0.3013020833333333 0.007870370370370371 0.009895833333333333 0.015740740740740743
0 0.2864583333333333 0.02962962962962963 0.0125 0.022222222222222223
0 0.2799479166666667 0.04722222222222222 0.013020833333333334 0.020370370370370372
0 0.2877604166666667 0.17453703703703705 0.013020833333333334 0.03425925925925926
