0 0.4109375 0.8268518518518518 0.02395833333333333 0.053703703703703705
0 0.8976562499999999 0.7425925925925926 0.025520833333333333 0.061111111111111116
0 0.9643229166666667 0.6995370370370371 0.024479166666666666 0.06574074074074074
0 0.7486979166666666 0.19351851851851853 0.015104166666666667 0.031481481481481485
0 0.46171875 0.9398148148148149 0.025520833333333333 0.061111111111111116
0 0.5921875 0.48379629629629634 0.016666666666666666 0.04166666666666667
0 0.33671875 0.23796296296296296 0.011979166666666666 0.02962962962962963
0 0.45260416666666664 0.7972222222222223 0.027083333333333334 0.05
0 0.11119791666666666 0.42685185185185187 0.0171875 0.040740740740740744
0 0.80078125 0.7171296296296297 0.018229166666666668 0.04351851851851852
0 0.75546875 0.2300925925925926 0.013020833333333334 0.030555555555555558
0 0.75703125 0.3550925925925926 0.0171875 0.036111111111111115
0 0.21979166666666666 0.8712962962962963 0.021875 0.05
0 0.09817708333333333 0.14027777777777778 0.0140625 0.028703703703703703
0 0.6908854166666667 0.9013888888888889 0.027604166666666666 0.05462962962962963
0 0.024739583333333332 0.7180555555555556 0.021354166666666667 0.049074074074074076
0 0.11171874999999999 0.10462962962962963 0.011979166666666666 0.02777777777777778
0 0.7645833333333333 0.9060185185185186 0.025 0.049074074074074076
0 0.008333333333333333 0.1685185185185185 0.010416666666666666 0.02592592592592593
0 0.9859375 0.9152777777777779 0.027083333333333334 0.08055555555555556
0 0.16119791666666666 0.02175925925925926 0.009895833333333333 0.019444444444444445
0 0.753125 0.9814814814814815 0.027083333333333334 0.0462962962962963
0 0.04479166666666667 0.03425925925925926 0.013541666666666667 0.02592592592592593
0 0.34713541666666664 0.26805555555555555 0.0171875 0.036111111111111115
0 0.12604166666666666 0.08055555555555556 0.0125 0.024074074074074074
0 0.012760416666666666 0.5152777777777778 0.021354166666666667 0.04351851851851852
0 0.7713541666666667 0.23055555555555557 0.013541666666666667 0.02962962962962963
0 0.9627604166666667 0.1564814814814815 0.015104166666666667 0.03333333333333333
0 0.9596354166666666 0.17314814814814816 0.01614583333333333 0.02962962962962963
0 0.4114583333333333 0.006481481481481482 0.010416666666666666 0.012962962962962964
0 0.39427083333333335 0.9175925925925926 0.026041666666666668 0.053703703703703705
0 0.01015625 0.7675925925925926 0.021354166666666667 0.0462962962962963
0 0.02578125 0.038425925925925926 0.011979166666666666 0.02314814814814815
0 0.14401041666666667 0.04259259259259259 0.01614583333333333 0.031481481481481485
0 0.15677083333333333 0.12268518518518519 0.010416666666666666 0.025
0 0.14869791666666665 0.16620370370370371 0.013020833333333334 0.028703703703703703
0 0.16145833333333334 0.16805555555555557 0.010416666666666666 0.02314814814814815
