0 0.7315104166666666 0.46435185185185185 0.019270833333333334 0.04351851851851852
0 0.6309895833333333 0.33287037037037037 0.018229166666666668 0.03796296296296296
0 0.41041666666666665 0.8125 0.025 0.05648148148148149
0 0.44921875 0.7796296296296297 0.0265625 0.05
0 0.46171875 0.925 0.0265625 0.061111111111111116
0 0.9231770833333334 0.8166666666666667 0.024479166666666666 0.061111111111111116
0 0.8932291666666666 0.8787037037037038 0.02395833333333333 0.05925925925925926
0 0.06067708333333333 0.5037037037037038 0.024479166666666666 0.04259259259259259
0 0.26067708333333334 0.2138888888888889 0.013020833333333334 0.02777777777777778
0 0.14609375 0.4217592592592593 0.018229166666666668 0.04166666666666667
0 0.6877604166666667 0.888425925925926 0.030729166666666665 0.06018518518518519
0 0.6807291666666666 0.18101851851851852 0.014583333333333334 0.030555555555555558
0 0.9302083333333333 0.34074074074074073 0.01875 0.037037037037037035
0 0.91640625 0.312962962962963 0.018229166666666668 0.03888888888888889
0 0.026041666666666668 0.701388888888889 0.021875 0.04722222222222222
0 0.6872395833333333 0.21342592592592594 0.0140625 0.03425925925925926
0 0.7614583333333333 0.9777777777777779 0.029166666666666667 0.053703703703703705
0 0.05364583333333333 0.15462962962962964 0.009375 0.018518518518518517
0 0.7638020833333333 0.887962962962963 0.027604166666666666 0.053703703703703705
0 0.39375 0.9064814814814816 0.03125 0.05925925925925926
0 0.06744791666666666 0.08564814814814815 0.011979166666666666 0.021296296296296296
0 0.26796875 0.24583333333333335 0.0171875 0.036111111111111115
0 0.08072916666666667 0.06342592592592593 0.011458333333333333 0.021296296296296296
0 0.7067708333333333 0.2138888888888889 0.0125 0.02962962962962963
0 0.8848958333333333 0.14212962962962963 0.016666666666666666 0.03796296296296296
0 0.8809895833333333 0.1574074074074074 0.015104166666666667 0.03518518518518519
0 0.21953124999999998 0.9657407407407408 0.0234375 0.053703703703703705
0 0.009895833333333333 0.7412037037037037 0.017708333333333333 0.04351851851851852
0 0.009635416666666667 0.015277777777777779 0.0140625 0.026851851851851852
0 0.014322916666666666 0.12268518518518519 0.011979166666666666 0.028703703703703703
0 0.08359375 0.028240740740740743 0.011979166666666666 0.02314814814814815
0 0.10234375 0.015277777777777779 0.015104166666666667 0.02314814814814815
0 0.09140625 0.1425925925925926 0.01614583333333333 0.02962962962962963
0 0.10755208333333333 0.14351851851851852 0.015104166666666667 0.031481481481481485
