0 0.5674479166666666 0.32407407407407407 0.019270833333333334 0.037037037037037035
0 0.9625 0.8541666666666667 0.026041666666666668 0.062037037037037036
0 0.103125 0.4930555555555556 0.020833333333333332 0.04166666666666667
0 0.46588541666666666 0.9180555555555556 0.0265625 0.062037037037037036
0 0.41562499999999997 0.8050925925925926 0.025 0.05462962962962963
0 0.22682291666666665 0.23611111111111113 0.0171875 0.037037037037037035
0 0.4549479166666667 0.7722222222222223 0.0265625 0.0462962962962963
0 0.8104166666666667 0.45555555555555555 0.019791666666666666 0.04259259259259259
0 0.15338541666666666 0.41435185185185186 0.0203125 0.04722222222222222
0 0.8627604166666667 0.3337962962962963 0.021354166666666667 0.03981481481481482
0 0.7622395833333333 0.9699074074074074 0.027604166666666666 0.058333333333333334
0 0.8479166666666667 0.3023148148148148 0.016666666666666666 0.04351851851851852
0 0.21979166666666666 0.20370370370370372 0.0125 0.02777777777777778
0 0.6783854166666666 0.20324074074074075 0.011979166666666666 0.026851851851851852
0 0.6919270833333333 0.8819444444444445 0.0296875 0.06018518518518519
0 0.030729166666666665 0.6967592592592593 0.022916666666666665 0.05092592592592593
0 0.64765625 0.17824074074074076 0.0140625 0.036111111111111115
0 0.9575520833333333 0.976388888888889 0.03177083333333333 0.05462962962962963
0 0.6578125 0.20185185185185187 0.0125 0.02777777777777778
0 0.04869791666666667 0.14120370370370372 0.008854166666666666 0.015740740740740743
0 0.7692708333333333 0.8810185185185185 0.025 0.05092592592592593
0 0.39739583333333334 0.8962962962962964 0.03125 0.05740740740740741
0 0.22395833333333334 0.9527777777777778 0.030208333333333334 0.05555555555555556
0 0.8507812499999999 0.13425925925925927 0.01614583333333333 0.03518518518518519
0 0.8442708333333333 0.15185185185185185 0.016666666666666666 0.03333333333333333
0 0.013802083333333333 0.7393518518518519 0.022395833333333334 0.03981481481481482
0 0.07265625 0.016203703703703703 0.0140625 0.02314814814814815
0 0.053906249999999996 0.02777777777777778 0.01614583333333333 0.02962962962962963
0 0.061718749999999996 0.0587962962962963 0.013020833333333334 0.026851851851851852
0 0.04609375 0.07916666666666666 0.011979166666666666 0.025
0 0.0671875 0.13240740740740742 0.01875 0.031481481481481485
0 0.08307291666666666 0.12731481481481483 0.013020833333333334 0.028703703703703703
