0 0.09453125 0.4935185185185185 0.021354166666666667 0.044444444444444446
0 0.41354166666666664 0.8087962962962963 0.026041666666666668 0.05648148148148149
0 0.58125 0.32453703703703707 0.017708333333333333 0.036111111111111115
0 0.7927083333333333 0.4615740740740741 0.019791666666666666 0.04166666666666667
0 0.9528645833333333 0.8472222222222222 0.027604166666666666 0.06666666666666667
0 0.4640625 0.9185185185185185 0.025 0.05740740740740741
0 0.8606770833333334 0.30092592592592593 0.01614583333333333 0.03888888888888889
0 0.15208333333333332 0.4138888888888889 0.01875 0.044444444444444446
0 0.23020833333333332 0.20833333333333334 0.013541666666666667 0.02962962962962963
0 0.6546875 0.17685185185185187 0.013541666666666667 0.02962962962962963
0 0.87890625 0.33194444444444443 0.0203125 0.036111111111111115
0 0.9408854166666667 0.9541666666666667 0.0296875 0.0712962962962963
0 0.6911458333333333 0.8824074074074074 0.029166666666666667 0.05740740740740741
0 0.23567708333333334 0.23842592592592593 0.018229166666666668 0.03796296296296296
0 0.028906249999999998 0.701388888888889 0.024479166666666666 0.058333333333333334
0 0.45390625 0.7740740740740741 0.0265625 0.0462962962962963
0 0.7622395833333333 0.9731481481481482 0.0296875 0.05925925925925926
0 0.6635416666666667 0.2050925925925926 0.014583333333333334 0.028703703703703703
0 0.6841145833333333 0.20416666666666666 0.0109375 0.026851851851851852
0 0.04973958333333333 0.14120370370370372 0.008854166666666666 0.015740740740740743
0 0.7677083333333333 0.8814814814814815 0.025 0.05
0 0.39479166666666665 0.8986111111111111 0.03125 0.05277777777777778
0 0.8565104166666666 0.1388888888888889 0.01614583333333333 0.03518518518518519
0 0.85234375 0.15185185185185185 0.0140625 0.03333333333333333
0 0.22473958333333333 0.9638888888888889 0.033854166666666664 0.053703703703703705
0 0.012760416666666666 0.7402777777777778 0.021354166666666667 0.04166666666666667
0 0.07682291666666667 0.014814814814814815 0.013020833333333334 0.02962962962962963
0 0.058854166666666666 0.02638888888888889 0.011458333333333333 0.028703703703703703
0 0.06536458333333334 0.059722222222222225 0.015104166666666667 0.028703703703703703
0 0.049479166666666664 0.07916666666666666 0.011458333333333333 0.028703703703703703
0 0.07005208333333333 0.13194444444444445 0.015104166666666667 0.025
0 0.08697916666666666 0.13564814814814816 0.011458333333333333 0.025
