0 0.13072916666666667 0.48888888888888893 0.021875 0.044444444444444446
0 0.52578125 0.3023148148148148 0.0171875 0.036111111111111115
0 0.47213541666666664 0.9037037037037038 0.0234375 0.06296296296296297
0 0.42291666666666666 0.7898148148148149 0.02395833333333333 0.05
0 0.7729166666666667 0.8541666666666667 0.026041666666666668 0.06018518518518519
0 0.8703124999999999 0.4416666666666667 0.019791666666666666 0.04259259259259259
0 0.03697916666666667 0.688425925925926 0.025 0.05462962962962963
0 0.9838541666666667 0.8800925925925926 0.02395833333333333 0.0638888888888889
0 0.20442708333333334 0.22592592592592595 0.015104166666666667 0.037037037037037035
0 0.15625 0.40925925925925927 0.017708333333333333 0.040740740740740744
0 0.6966145833333334 0.8675925925925926 0.028645833333333332 0.05925925925925926
0 0.7651041666666667 0.9569444444444445 0.027083333333333334 0.062037037037037036
0 0.6583333333333333 0.1851851851851852 0.013541666666666667 0.02962962962962963
0 0.8171875 0.312962962962963 0.013541666666666667 0.03518518518518519
0 0.21875 0.9152777777777779 0.029166666666666667 0.06018518518518519
0 0.19453125 0.19583333333333333 0.011979166666666666 0.026851851851851852
0 0.6307291666666667 0.16342592592592592 0.013541666666666667 0.03425925925925926
0 0.6369791666666667 0.18888888888888888 0.011458333333333333 0.02592592592592593
0 0.4630208333333333 0.7712962962962964 0.027083333333333334 0.06481481481481481
0 0.40390624999999997 0.8847222222222223 0.027604166666666666 0.05462962962962963
0 0.8018229166666666 0.28101851851851856 0.015104166666666667 0.03425925925925926
0 0.8263020833333333 0.11851851851851852 0.01614583333333333 0.031481481481481485
0 0.8197916666666667 0.13101851851851853 0.017708333333333333 0.03981481481481482
0 0.020572916666666666 0.7361111111111112 0.022395833333333334 0.04814814814814815
0 0.029166666666666667 0.01712962962962963 0.011458333333333333 0.026851851851851852
0 0.049479166666666664 0.008333333333333333 0.009375 0.016666666666666666
0 0.05234375 0.04351851851851852 0.013020833333333334 0.02962962962962963
0 0.0421875 0.06435185185185185 0.011458333333333333 0.025
0 0.07005208333333333 0.11064814814814815 0.013020833333333334 0.028703703703703703
0 0.054947916666666666 0.11620370370370371 0.01614583333333333 0.026851851851851852
0 0.040625 0.12962962962962962 0.010416666666666666 0.020370370370370372
0 0.8302083333333333 0.9773148148148149 0.017708333333333333 0.03981481481481482
