0 0.75546875 0.1912037037037037 0.0140625 0.030555555555555558
0 0.8919270833333334 0.7388888888888889 0.024479166666666666 0.05740740740740741
0 0.46249999999999997 0.9407407407407408 0.025 0.061111111111111116
0 0.9770833333333333 0.8972222222222223 0.03229166666666666 0.07777777777777778
0 0.21848958333333332 0.8643518518518519 0.022395833333333334 0.049074074074074076
0 0.41171874999999997 0.8287037037037037 0.0234375 0.053703703703703705
0 0.95703125 0.6912037037037038 0.024479166666666666 0.062037037037037036
0 0.7916666666666666 0.7101851851851853 0.020833333333333332 0.04814814814814815
0 0.6890625 0.9032407407407408 0.030208333333333334 0.05648148148148149
0 0.5794270833333334 0.48842592592592593 0.0171875 0.04722222222222222
0 0.10703125 0.42685185185185187 0.0171875 0.04259259259259259
0 0.34479166666666666 0.24212962962962964 0.0125 0.030555555555555558
0 0.45260416666666664 0.7967592592592593 0.028125 0.04722222222222222
0 0.165625 0.02361111111111111 0.010416666666666666 0.021296296296296296
0 0.10677083333333333 0.14074074074074075 0.014583333333333334 0.02962962962962963
0 0.11510416666666666 0.10601851851851853 0.013541666666666667 0.028703703703703703
0 0.013541666666666667 0.17222222222222222 0.009375 0.024074074074074074
0 0.76796875 0.3550925925925926 0.015104166666666667 0.03425925925925926
0 0.12890625 0.08287037037037037 0.011979166666666666 0.025
0 0.7604166666666666 0.2300925925925926 0.014583333333333334 0.030555555555555558
0 0.7776041666666667 0.23055555555555557 0.014583333333333334 0.03333333333333333
0 0.353125 0.2726851851851852 0.015625 0.036111111111111115
0 0.025 0.7208333333333333 0.020833333333333332 0.04722222222222222
0 0.75078125 0.9796296296296296 0.028645833333333332 0.04814814814814815
0 0.3932291666666667 0.9194444444444445 0.028125 0.05740740740740741
0 0.16067708333333333 0.1212962962962963 0.013020833333333334 0.02592592592592593
0 0.7645833333333333 0.9037037037037038 0.028125 0.05185185185185186
0 0.9684895833333333 0.17314814814814816 0.01614583333333333 0.03333333333333333
0 0.40781249999999997 0.006944444444444445 0.010416666666666666 0.010185185185185186
0 0.046614583333333334 0.033796296296296297 0.013020833333333334 0.021296296296296296
0 0.03125 0.038425925925925926 0.011458333333333333 0.02314814814814815
0 0.14895833333333333 0.04212962962962963 0.011458333333333333 0.025
0 0.15390625 0.16435185185185186 0.0140625 0.025
0 0.16666666666666666 0.16481481481481483 0.007291666666666667 0.020370370370370372
0 0.0078125 0.513425925925926 0.020833333333333332 0.04537037037037037
0 0.012760416666666666 0.7652777777777778 0.021354166666666667 0.04166666666666667
