0 0.8869791666666667 0.7314814814814815 0.026041666666666668 0.05925925925925926
0 0.9606770833333333 0.888425925925926 0.030729166666666665 0.0712962962962963
0 0.9471354166666667 0.6814814814814815 0.025520833333333333 0.061111111111111116
0 0.11458333333333333 0.14027777777777778 0.014583333333333334 0.030555555555555558
0 0.4627604166666667 0.9416666666666667 0.024479166666666666 0.061111111111111116
0 0.10130208333333333 0.425462962962963 0.018229166666666668 0.03981481481481482
0 0.4114583333333333 0.8291666666666667 0.02395833333333333 0.05462962962962963
0 0.7614583333333333 0.1912037037037037 0.0125 0.030555555555555558
0 0.019010416666666665 0.17407407407407408 0.0109375 0.024074074074074074
0 0.7815104166666667 0.7032407407407407 0.022395833333333334 0.05092592592592593
0 0.5669270833333333 0.48564814814814816 0.01614583333333333 0.04351851851851852
0 0.3609375 0.27731481481481485 0.016666666666666666 0.03796296296296296
0 0.13229166666666667 0.08472222222222223 0.009375 0.02314814814814815
0 0.3536458333333333 0.24537037037037038 0.013541666666666667 0.02962962962962963
0 0.45286458333333335 0.8032407407407408 0.027604166666666666 0.06018518518518519
0 0.6893229166666667 0.9032407407407408 0.0296875 0.062037037037037036
0 0.7671875 0.23148148148148148 0.013541666666666667 0.031481481481481485
0 0.21744791666666666 0.8564814814814815 0.021354166666666667 0.05
0 0.17057291666666666 0.025 0.0109375 0.024074074074074074
0 0.7497395833333333 0.9805555555555556 0.0296875 0.04814814814814815
0 0.7778645833333333 0.35694444444444445 0.015104166666666667 0.036111111111111115
0 0.40182291666666664 0.008333333333333333 0.0067708333333333336 0.016666666666666666
0 0.7822916666666666 0.23240740740740742 0.014583333333333334 0.031481481481481485
0 0.12083333333333333 0.10601851851851853 0.011458333333333333 0.025
0 0.025 0.7189814814814816 0.021875 0.04722222222222222
0 0.7643229166666666 0.9078703703703704 0.025520833333333333 0.05092592592592593
0 0.051041666666666666 0.038425925925925926 0.011458333333333333 0.026851851851851852
0 0.15338541666666666 0.04027777777777778 0.01614583333333333 0.02314814814814815
0 0.032552083333333336 0.04212962962962963 0.0140625 0.026851851851851852
0 0.009114583333333334 0.5152777777777778 0.01614583333333333 0.03796296296296296
0 0.01171875 0.7643518518518518 0.021354166666666667 0.04351851851851852
0 0.3984375 0.9166666666666667 0.029166666666666667 0.05185185185185186
0 0.16588541666666667 0.11898148148148148 0.011979166666666666 0.021296296296296296
0 0.15755208333333334 0.1638888888888889 0.0140625 0.031481481481481485
0 0.17213541666666665 0.16712962962962963 0.013020833333333334 0.021296296296296296
0 0.9736979166666666 0.17222222222222222 0.015104166666666667 0.031481481481481485
