0 0.41041666666666665 0.8120370370370371 0.026041666666666668 0.053703703703703705
0 0.9216145833333333 0.8148148148148149 0.024479166666666666 0.06481481481481481
0 0.46197916666666666 0.925462962962963 0.025 0.062037037037037036
0 0.7276041666666666 0.46574074074074073 0.017708333333333333 0.04259259259259259
0 0.6341145833333334 0.33194444444444443 0.018229166666666668 0.03796296296296296
0 0.44947916666666665 0.7810185185185186 0.028125 0.05277777777777778
0 0.14479166666666665 0.4236111111111111 0.020833333333333332 0.04537037037037037
0 0.8901041666666667 0.8699074074074075 0.027083333333333334 0.05648148148148149
0 0.05703125 0.5050925925925926 0.021354166666666667 0.04166666666666667
0 0.2703125 0.24814814814814815 0.016666666666666666 0.040740740740740744
0 0.026041666666666668 0.701388888888889 0.021875 0.04537037037037037
0 0.06901041666666667 0.08657407407407408 0.011979166666666666 0.02314814814814815
0 0.9210937499999999 0.3148148148148148 0.019270833333333334 0.040740740740740744
0 0.76171875 0.9787037037037037 0.0296875 0.053703703703703705
0 0.7630208333333334 0.8907407407407407 0.027083333333333334 0.05740740740740741
0 0.6877604166666667 0.888888888888889 0.030729166666666665 0.05925925925925926
0 0.2635416666666667 0.21712962962962964 0.011458333333333333 0.026851851851851852
0 0.08255208333333333 0.0638888888888889 0.0109375 0.022222222222222223
0 0.68359375 0.18055555555555555 0.0140625 0.02962962962962963
0 0.9341145833333333 0.34074074074074073 0.018229166666666668 0.03888888888888889
0 0.6901041666666666 0.2138888888888889 0.0125 0.031481481481481485
0 0.05364583333333333 0.1564814814814815 0.009375 0.018518518518518517
0 0.39401041666666664 0.9083333333333333 0.034895833333333334 0.061111111111111116
0 0.70859375 0.21574074074074076 0.011979166666666666 0.02962962962962963
0 0.8856770833333333 0.1425925925925926 0.015104166666666667 0.03518518518518519
0 0.8822916666666667 0.16018518518518518 0.017708333333333333 0.037037037037037035
0 0.0109375 0.015277777777777779 0.016666666666666666 0.026851851851851852
0 0.01640625 0.12268518518518519 0.011979166666666666 0.025
0 0.08567708333333333 0.02361111111111111 0.011979166666666666 0.021296296296296296
0 0.103125 0.014351851851851852 0.011458333333333333 0.025
0 0.09609375 0.1425925925925926 0.01614583333333333 0.031481481481481485
0 0.10963541666666667 0.1476851851851852 0.015104166666666667 0.025
0 0.010416666666666666 0.7490740740740741 0.01875 0.0462962962962963
0 0.22265625 0.9625 0.025520833333333333 0.05462962962962963
