0 0.8937499999999999 0.7398148148148148 0.026041666666666668 0.061111111111111116
0 0.9614583333333333 0.6921296296296297 0.02395833333333333 0.06018518518518519
0 0.41171874999999997 0.8277777777777778 0.024479166666666666 0.053703703703703705
0 0.46249999999999997 0.9398148148148149 0.025 0.05925925925925926
0 0.765625 0.3527777777777778 0.017708333333333333 0.040740740740740744
0 0.58359375 0.487962962962963 0.0171875 0.0462962962962963
0 0.21848958333333332 0.8666666666666667 0.021354166666666667 0.05
0 0.9809895833333333 0.9055555555555556 0.033854166666666664 0.08333333333333334
0 0.7940104166666666 0.7111111111111111 0.021354166666666667 0.0462962962962963
0 0.10911458333333333 0.42824074074074076 0.018229166666666668 0.04351851851851852
0 0.7591145833333334 0.23055555555555557 0.0140625 0.02962962962962963
0 0.7533854166666667 0.19305555555555556 0.013020833333333334 0.032407407407407406
0 0.3421875 0.24027777777777778 0.0125 0.028703703703703703
0 0.45286458333333335 0.7972222222222223 0.027604166666666666 0.04814814814814815
0 0.10416666666666667 0.14120370370370372 0.0125 0.026851851851851852
0 0.1640625 0.022685185185185187 0.011458333333333333 0.02314814814814815
0 0.6895833333333333 0.9023148148148149 0.029166666666666667 0.058333333333333334
0 0.009895833333333333 0.1685185185185185 0.0125 0.02777777777777778
0 0.11432291666666666 0.1050925925925926 0.013020833333333334 0.026851851851851852
0 0.7752604166666667 0.23055555555555557 0.0140625 0.031481481481481485
0 0.025 0.7194444444444444 0.019791666666666666 0.04259259259259259
0 0.35078125 0.27175925925925926 0.015104166666666667 0.036111111111111115
0 0.12760416666666666 0.08101851851851852 0.010416666666666666 0.02314814814814815
0 0.15885416666666666 0.11990740740740741 0.010416666666666666 0.026851851851851852
0 0.7640625 0.9032407407407408 0.026041666666666668 0.05648148148148149
0 0.046875 0.03564814814814815 0.013541666666666667 0.026851851851851852
0 0.75078125 0.9814814814814815 0.028645833333333332 0.04814814814814815
0 0.9658854166666666 0.17453703703703705 0.01614583333333333 0.028703703703703703
0 0.14505208333333333 0.043055555555555555 0.013020833333333334 0.026851851851851852
0 0.02786458333333333 0.04212962962962963 0.013020833333333334 0.026851851851851852
0 0.15130208333333334 0.1675925925925926 0.0140625 0.02962962962962963
0 0.16432291666666665 0.16805555555555557 0.011979166666666666 0.02314814814814815
0 0.4083333333333333 0.006481481481481482 0.007291666666666667 0.012962962962962964
0 0.011458333333333333 0.5148148148148148 0.020833333333333332 0.04814814814814815
0 0.010416666666666666 0.7620370370370371 0.019791666666666666 0.03518518518518519
0 0.39817708333333335 0.924537037037037 0.0328125 0.05462962962962963
