0 0.4109375 0.8180555555555555 0.02395833333333333 0.05648148148148149
0 0.6604166666666667 0.3421296296296296 0.016666666666666666 0.036111111111111115
0 0.46171875 0.9287037037037037 0.025520833333333333 0.05925925925925926
0 0.9169270833333333 0.8013888888888889 0.024479166666666666 0.062037037037037036
0 0.44869791666666664 0.7837962962962963 0.024479166666666666 0.04722222222222222
0 0.8669270833333333 0.8388888888888889 0.024479166666666666 0.05185185185185186
0 0.2794270833333333 0.22037037037037038 0.0140625 0.031481481481481485
0 0.13958333333333334 0.4314814814814815 0.017708333333333333 0.04259259259259259
0 0.9494791666666667 0.3236111111111111 0.01875 0.036111111111111115
0 0.04296875 0.5148148148148148 0.0234375 0.044444444444444446
0 0.6885416666666666 0.8935185185185186 0.030208333333333334 0.061111111111111116
0 0.696875 0.475462962962963 0.017708333333333333 0.04166666666666667
0 0.09427083333333333 0.06898148148148149 0.010416666666666666 0.021296296296296296
0 0.6940104166666666 0.18611111111111112 0.013020833333333334 0.02592592592592593
0 0.9596354166666666 0.3509259259259259 0.019270833333333334 0.040740740740740744
0 0.078125 0.08750000000000001 0.011458333333333333 0.02314814814814815
0 0.7059895833333333 0.2199074074074074 0.011979166666666666 0.028703703703703703
0 0.28802083333333334 0.2537037037037037 0.017708333333333333 0.03888888888888889
0 0.7609375 0.9814814814814815 0.030208333333333334 0.05
0 0.02578125 0.7060185185185186 0.0234375 0.049074074074074076
0 0.7200520833333334 0.21851851851851853 0.011979166666666666 0.02777777777777778
0 0.7638020833333333 0.8935185185185186 0.025520833333333333 0.05185185185185186
0 0.22395833333333334 0.9453703703703704 0.021875 0.05740740740740741
0 0.99375 0.8027777777777778 0.013541666666666667 0.06481481481481481
0 0.9028645833333333 0.1527777777777778 0.0140625 0.03518518518518519
0 0.8986979166666667 0.16296296296296298 0.015104166666666667 0.03333333333333333
0 0.39375 0.9125000000000001 0.027083333333333334 0.05462962962962963
0 0.008072916666666666 0.7486111111111111 0.01614583333333333 0.04166666666666667
0 0.0018229166666666667 0.029166666666666667 0.0067708333333333336 0.025
0 0.018489583333333334 0.020833333333333336 0.013020833333333334 0.021296296296296296
0 0.09713541666666667 0.030092592592592594 0.013020833333333334 0.026851851851851852
0 0.11614583333333334 0.018518518518518517 0.011458333333333333 0.020370370370370372
0 0.06197916666666667 0.16203703703703703 0.011458333333333333 0.020370370370370372
0 0.03307291666666667 0.12824074074074074 0.011979166666666666 0.026851851851851852
0 0.10598958333333333 0.14444444444444446 0.015104166666666667 0.02962962962962963
0 0.12057291666666667 0.1486111111111111 0.0140625 0.021296296296296296
