0 0.096875 0.4930555555555556 0.020833333333333332 0.04166666666666667
0 0.9549479166666667 0.8476851851851852 0.0265625 0.06759259259259259
0 0.41354166666666664 0.8074074074074075 0.027083333333333334 0.05555555555555556
0 0.578125 0.3236111111111111 0.017708333333333333 0.036111111111111115
0 0.8515625 0.14675925925925926 0.016666666666666666 0.036111111111111115
0 0.46484375 0.9180555555555556 0.024479166666666666 0.062037037037037036
0 0.7973958333333333 0.45972222222222225 0.019791666666666666 0.04351851851851852
0 0.8575520833333333 0.2990740740740741 0.0171875 0.037037037037037035
0 0.653125 0.17592592592592593 0.014583333333333334 0.031481481481481485
0 0.22682291666666665 0.2064814814814815 0.0140625 0.031481481481481485
0 0.15234375 0.4134259259259259 0.019270833333333334 0.04722222222222222
0 0.6890625 0.8810185185185185 0.03125 0.06018518518518519
0 0.9447916666666667 0.962962962962963 0.029166666666666667 0.06851851851851852
0 0.45390625 0.7726851851851853 0.025520833333333333 0.04537037037037037
0 0.23333333333333334 0.24027777777777778 0.019791666666666666 0.03981481481481482
0 0.8760416666666666 0.33194444444444443 0.017708333333333333 0.036111111111111115
0 0.7627604166666666 0.9712962962962963 0.028645833333333332 0.05925925925925926
0 0.3966145833333333 0.8976851851851853 0.030729166666666665 0.05648148148148149
0 0.7682291666666666 0.8828703703703704 0.026041666666666668 0.05277777777777778
0 0.029427083333333333 0.7000000000000001 0.024479166666666666 0.053703703703703705
0 0.05026041666666667 0.14074074074074075 0.009895833333333333 0.016666666666666666
0 0.6833333333333333 0.20555555555555557 0.0125 0.02777777777777778
0 0.6630208333333333 0.20370370370370372 0.011458333333333333 0.02592592592592593
0 0.8559895833333333 0.13657407407407407 0.0140625 0.032407407407407406
0 0.07526041666666666 0.014351851851851852 0.0140625 0.025
0 0.05651041666666667 0.022685185185185187 0.011979166666666666 0.025
0 0.06432291666666666 0.06064814814814815 0.0140625 0.028703703703703703
0 0.047135416666666666 0.07916666666666666 0.011979166666666666 0.025
0 0.07005208333333333 0.13518518518518519 0.015104166666666667 0.031481481481481485
0 0.08697916666666666 0.13564814814814816 0.011458333333333333 0.025
0 0.011979166666666666 0.7430555555555556 0.019791666666666666 0.04537037037037037
0 0.22395833333333334 0.962037037037037 0.027083333333333334 0.053703703703703705
