0 0.5221354166666666 0.30185185185185187 0.0171875 0.037037037037037035
0 0.65703125 0.18425925925925926 0.015104166666666667 0.031481481481481485
0 0.7734375 0.8518518518518519 0.025 0.06296296296296297
0 0.8755208333333333 0.437962962962963 0.019791666666666666 0.040740740740740744
0 0.47161458333333334 0.9041666666666667 0.0234375 0.062037037037037036
0 0.4236979166666667 0.7902777777777779 0.024479166666666666 0.05277777777777778
0 0.13177083333333334 0.4902777777777778 0.020833333333333332 0.04537037037037037
0 0.7658854166666667 0.9550925925925926 0.028645833333333332 0.06574074074074074
0 0.9848958333333333 0.8824074074074074 0.026041666666666668 0.06666666666666667
0 0.20104166666666667 0.22361111111111112 0.016666666666666666 0.03425925925925926
0 0.6971354166666667 0.8666666666666667 0.0296875 0.06481481481481481
0 0.21875 0.912962962962963 0.029166666666666667 0.05925925925925926
0 0.46380208333333334 0.762962962962963 0.025520833333333333 0.05
0 0.03802083333333333 0.6861111111111111 0.025 0.053703703703703705
0 0.15651041666666665 0.40694444444444444 0.0171875 0.04537037037037037
0 0.7979166666666666 0.28194444444444444 0.015625 0.036111111111111115
0 0.6356770833333333 0.1875 0.011979166666666666 0.028703703703703703
0 0.8127604166666667 0.31342592592592594 0.018229166666666668 0.04166666666666667
0 0.40520833333333334 0.8856481481481482 0.029166666666666667 0.05648148148148149
0 0.19140625 0.19722222222222224 0.011979166666666666 0.024074074074074074
0 0.6294270833333333 0.16018518518518518 0.013020833333333334 0.031481481481481485
0 0.040364583333333336 0.12453703703703704 0.0067708333333333336 0.01388888888888889
0 0.82890625 0.9842592592592593 0.0234375 0.04259259259259259
0 0.82421875 0.11574074074074074 0.011979166666666666 0.031481481481481485
0 0.8169270833333333 0.1287037037037037 0.01614583333333333 0.03518518518518519
0 0.02109375 0.7296296296296296 0.021354166666666667 0.05185185185185186
0 0.028906249999999998 0.021296296296296296 0.015104166666666667 0.018518518518518517
0 0.049479166666666664 0.008333333333333333 0.011458333333333333 0.016666666666666666
0 0.05078125 0.04398148148148148 0.011979166666666666 0.025
0 0.037760416666666664 0.0625 0.0140625 0.025
0 0.05182291666666666 0.12407407407407407 0.011979166666666666 0.031481481481481485
0 0.0703125 0.11620370370370371 0.011458333333333333 0.02314814814814815
