0 0.42083333333333334 0.7768518518518519 0.02395833333333333 0.05185185185185186
0 0.7747395833333334 0.8217592592592593 0.022395833333333334 0.04722222222222222
0 0.42083333333333334 0.2791666666666667 0.016666666666666666 0.036111111111111115
0 0.47369791666666666 0.888888888888889 0.025520833333333333 0.061111111111111116
0 0.7572916666666667 0.9175925925925926 0.025 0.05925925925925926
0 0.7015625 0.29305555555555557 0.016666666666666666 0.036111111111111115
0 0.60390625 0.16990740740740742 0.013020833333333334 0.030555555555555558
0 0.17369791666666667 0.3902777777777778 0.015104166666666667 0.03981481481481482
0 0.69140625 0.26296296296296295 0.01614583333333333 0.037037037037037035
0 0.13463541666666667 0.1962962962962963 0.0171875 0.031481481481481485
0 0.21510416666666665 0.887962962962963 0.026041666666666668 0.05740740740740741
0 0.03984375 0.6671296296296296 0.022395833333333334 0.049074074074074076
0 0.6973958333333333 0.8537037037037037 0.030208333333333334 0.05925925925925926
0 0.46588541666666666 0.7472222222222222 0.024479166666666666 0.0462962962962963
0 0.58203125 0.16574074074074074 0.0109375 0.031481481481481485
0 0.019270833333333334 0.026851851851851852 0.010416666666666666 0.02592592592592593
0 0.8291666666666666 0.9671296296296297 0.026041666666666668 0.05462962962962963
0 0.12942708333333333 0.17500000000000002 0.013020833333333334 0.02962962962962963
0 0.5822916666666667 0.14675925925925926 0.0125 0.03425925925925926
0 0.7690104166666667 0.10648148148148148 0.015104166666666667 0.03333333333333333
0 0.7619791666666667 0.12037037037037038 0.016666666666666666 0.03518518518518519
0 0.009635416666666667 0.04166666666666667 0.0140625 0.020370370370370372
0 0.018489583333333334 0.08101851851851852 0.01614583333333333 0.028703703703703703
0 0.040625 0.08657407407407408 0.011458333333333333 0.026851851851851852
0 0.01796875 0.7097222222222223 0.021354166666666667 0.04537037037037037
0 0.4088541666666667 0.8675925925925926 0.026041666666666668 0.05
0 0.18828125 0.4810185185185185 0.024479166666666666 0.04351851851851852
