0 0.4223958333333333 0.775462962962963 0.025 0.05462962962962963
0 0.7752604166666667 0.8203703703703704 0.0234375 0.05185185185185186
0 0.43776041666666665 0.2833333333333333 0.0171875 0.03518518518518519
0 0.7588541666666666 0.9175925925925926 0.025 0.05925925925925926
0 0.4744791666666667 0.888888888888889 0.025 0.06481481481481481
0 0.21588541666666666 0.8856481481481482 0.0265625 0.062037037037037036
0 0.70859375 0.2662037037037037 0.0171875 0.03981481481481482
0 0.465625 0.7444444444444445 0.026041666666666668 0.0462962962962963
0 0.6135416666666667 0.17083333333333334 0.011458333333333333 0.028703703703703703
0 0.14557291666666666 0.19490740740740742 0.015104166666666667 0.03425925925925926
0 0.6986979166666667 0.8523148148148149 0.03177083333333333 0.06574074074074074
0 0.8296875 0.9689814814814816 0.026041666666666668 0.05462962962962963
0 0.7184895833333333 0.300462962962963 0.01614583333333333 0.03981481481481482
0 0.03984375 0.6666666666666667 0.021354166666666667 0.04814814814814815
0 0.9835937499999999 0.4351851851851852 0.019270833333333334 0.0462962962962963
0 0.1390625 0.17222222222222222 0.013541666666666667 0.031481481481481485
0 0.7783854166666666 0.10092592592592593 0.0140625 0.02962962962962963
0 0.7703125 0.1175925925925926 0.016666666666666666 0.03518518518518519
0 0.41119791666666666 0.8634259259259259 0.03177083333333333 0.05648148148148149
0 0.02265625 0.7115740740740741 0.024479166666666666 0.03796296296296296
0 0.18098958333333334 0.4708333333333333 0.021354166666666667 0.04537037037037037
0 0.17109375 0.3842592592592593 0.025520833333333333 0.0462962962962963
0 0.024739583333333332 0.02638888888888889 0.0140625 0.026851851851851852
0 0.015364583333333333 0.04212962962962963 0.011979166666666666 0.025
0 0.025260416666666667 0.08333333333333334 0.015104166666666667 0.02962962962962963
0 0.0046875 0.10462962962962963 0.007291666666666667 0.016666666666666666
0 0.04609375 0.08750000000000001 0.013020833333333334 0.025
0 0.5888020833333333 0.13796296296296298 0.015104166666666667 0.03333333333333333
0 0.5919270833333333 0.16712962962962963 0.011979166666666666 0.025
