0 0.42109375 0.7805555555555556 0.0234375 0.05
0 0.40390624999999997 0.2833333333333333 0.0171875 0.037037037037037035
0 0.7747395833333334 0.8277777777777778 0.0234375 0.04814814814814815
0 0.4739583333333333 0.8912037037037037 0.026041666666666668 0.062037037037037036
0 0.75703125 0.9199074074074074 0.025520833333333333 0.058333333333333334
0 0.571875 0.17314814814814816 0.011458333333333333 0.02777777777777778
0 0.5950520833333334 0.17037037037037037 0.011979166666666666 0.02777777777777778
0 0.6739583333333333 0.26990740740740743 0.016666666666666666 0.04166666666666667
0 0.465625 0.7490740740740741 0.025 0.0462962962962963
0 0.17682291666666666 0.3939814814814815 0.018229166666666668 0.03981481481481482
0 0.6981770833333333 0.8578703703703704 0.0296875 0.058333333333333334
0 0.03958333333333333 0.6671296296296296 0.019791666666666666 0.04351851851851852
0 0.11848958333333333 0.1787037037037037 0.0140625 0.02962962962962963
0 0.21510416666666665 0.8898148148148148 0.026041666666666668 0.05555555555555556
0 0.013020833333333334 0.026851851851851852 0.010416666666666666 0.02592592592592593
0 0.0125 0.3027777777777778 0.017708333333333333 0.03518518518518519
0 0.4041666666666667 0.8726851851851852 0.028125 0.05462962962962963
0 0.12317708333333333 0.20277777777777778 0.01614583333333333 0.031481481481481485
0 0.005989583333333333 0.04537037037037037 0.011979166666666666 0.02777777777777778
0 0.6833333333333333 0.2976851851851852 0.015625 0.03796296296296296
0 0.5736979166666667 0.14351851851851852 0.013020833333333334 0.02962962962962963
0 0.8286458333333333 0.9740740740740741 0.026041666666666668 0.05185185185185186
0 0.0171875 0.7171296296296297 0.025 0.05092592592592593
0 0.19921875 0.47962962962962963 0.019270833333333334 0.04259259259259259
0 0.034895833333333334 0.08611111111111111 0.0125 0.02592592592592593
0 0.75859375 0.10972222222222222 0.015104166666666667 0.03981481481481482
0 0.7526041666666666 0.12222222222222223 0.016666666666666666 0.03518518518518519
0 0.013020833333333334 0.08287037037037037 0.016666666666666666 0.028703703703703703
