0 0.4200520833333333 0.7833333333333333 0.0234375 0.05185185185185186
0 0.375 0.2902777777777778 0.016666666666666666 0.036111111111111115
0 0.7380208333333333 0.12222222222222223 0.016666666666666666 0.03333333333333333
0 0.4734375 0.8949074074074075 0.025 0.058333333333333334
0 0.03828125 0.3074074074074074 0.019270833333333334 0.03518518518518519
0 0.46484375 0.7527777777777778 0.025520833333333333 0.04814814814814815
0 0.64296875 0.26481481481481484 0.01614583333333333 0.037037037037037035
0 0.7557291666666667 0.9282407407407408 0.025 0.06018518518518519
0 0.7734375 0.8305555555555556 0.022916666666666665 0.04814814814814815
0 0.17942708333333332 0.40185185185185185 0.0171875 0.040740740740740744
0 0.5799479166666667 0.1787037037037037 0.011979166666666666 0.031481481481481485
0 0.21484375 0.9023148148148149 0.0265625 0.058333333333333334
0 0.6526041666666667 0.3041666666666667 0.017708333333333333 0.03981481481481482
0 0.1 0.20092592592592592 0.016666666666666666 0.040740740740740744
0 0.6979166666666666 0.8611111111111112 0.029166666666666667 0.05925925925925926
0 0.03854166666666667 0.6708333333333334 0.020833333333333332 0.04351851851851852
0 0.5598958333333334 0.14814814814814814 0.0125 0.02777777777777778
0 0.20963541666666666 0.48564814814814816 0.019270833333333334 0.03981481481481482
0 0.09921875 0.17731481481481481 0.015104166666666667 0.032407407407407406
0 0.40520833333333334 0.8773148148148149 0.028125 0.06018518518518519
0 0.7466145833333333 0.1125 0.015104166666666667 0.030555555555555558
0 0.8283854166666667 0.9773148148148149 0.028645833333333332 0.05092592592592593
0 0.00546875 0.028240740740740743 0.013020833333333334 0.026851851851851852
0 0.55859375 0.17592592592592593 0.01614583333333333 0.02962962962962963
0 0.018489583333333334 0.7152777777777778 0.022395833333333334 0.03981481481481482
0 0.00625 0.07731481481481482 0.010416666666666666 0.028703703703703703
0 0.028385416666666666 0.08101851851851852 0.015104166666666667 0.028703703703703703
