0 0.7627604166666666 0.9268518518518519 0.025520833333333333 0.05740740740740741
0 0.7752604166666667 0.8208333333333334 0.0234375 0.049074074074074076
0 0.47369791666666666 0.8902777777777778 0.0265625 0.0638888888888889
0 0.7549479166666666 0.2962962962962963 0.018229166666666668 0.04259259259259259
0 0.46979166666666666 0.2851851851851852 0.015625 0.037037037037037035
0 0.42473958333333334 0.7759259259259259 0.0234375 0.053703703703703705
0 0.9445312499999999 0.4226851851851852 0.0203125 0.03981481481481482
0 0.6307291666666667 0.16805555555555557 0.0125 0.028703703703703703
0 0.21848958333333332 0.888425925925926 0.0265625 0.06018518518518519
0 0.7434895833333334 0.2587962962962963 0.015104166666666667 0.03425925925925926
0 0.6984375 0.8523148148148149 0.030208333333333334 0.062037037037037036
0 0.6080729166666666 0.1685185185185185 0.013020833333333334 0.02592592592592593
0 0.16666666666666666 0.20462962962962963 0.01875 0.03333333333333333
0 0.15703125 0.17685185185185187 0.011979166666666666 0.024074074074074074
0 0.041666666666666664 0.6712962962962963 0.022916666666666665 0.05
0 0.16588541666666667 0.3907407407407408 0.018229166666666668 0.0462962962962963
0 0.4669270833333333 0.75 0.0265625 0.05185185185185186
0 0.8317708333333333 0.9722222222222222 0.022916666666666665 0.05
0 0.6033854166666667 0.14166666666666666 0.0140625 0.02962962962962963
0 0.99296875 0.9212962962962963 0.0140625 0.07037037037037037
0 0.79765625 0.10648148148148148 0.015104166666666667 0.03333333333333333
0 0.7885416666666667 0.11666666666666667 0.016666666666666666 0.037037037037037035
0 0.16692708333333334 0.47361111111111115 0.021354166666666667 0.04537037037037037
0 0.4114583333333333 0.862037037037037 0.027083333333333334 0.05
0 0.023697916666666666 0.712037037037037 0.024479166666666666 0.0462962962962963
0 0.004166666666666667 0.013425925925925926 0.008333333333333333 0.02314814814814815
0 0.032552083333333336 0.024537037037037038 0.013020833333333334 0.02314814814814815
0 0.022395833333333334 0.04583333333333334 0.011458333333333333 0.025
0 0.018229166666666668 0.1087962962962963 0.010416666666666666 0.021296296296296296
0 0.03307291666666667 0.09212962962962963 0.0140625 0.028703703703703703
0 0.05286458333333333 0.09027777777777778 0.011979166666666666 0.026851851851851852
