0 0.4197916666666667 0.7856481481481482 0.02395833333333333 0.05462962962962963
0 0.47213541666666664 0.8967592592592593 0.024479166666666666 0.058333333333333334
0 0.7723958333333333 0.8328703703703704 0.02395833333333333 0.05277777777777778
0 0.3541666666666667 0.28703703703703703 0.01875 0.037037037037037035
0 0.05703125 0.3143518518518519 0.019270833333333334 0.03425925925925926
0 0.17890625 0.4064814814814815 0.0171875 0.04259259259259259
0 0.46249999999999997 0.7546296296296297 0.027083333333333334 0.05
0 0.72734375 0.1277777777777778 0.01614583333333333 0.031481481481481485
0 0.6307291666666667 0.29814814814814816 0.017708333333333333 0.03888888888888889
0 0.5677083333333334 0.18101851851851852 0.013541666666666667 0.032407407407407406
0 0.21510416666666665 0.9046296296296297 0.028125 0.053703703703703705
0 0.6208333333333333 0.2675925925925926 0.014583333333333334 0.037037037037037035
0 0.084375 0.20601851851851852 0.014583333333333334 0.032407407407407406
0 0.54609375 0.17592592592592593 0.013020833333333334 0.02777777777777778
0 0.69765625 0.8662037037037037 0.028645833333333332 0.062037037037037036
0 0.7552083333333334 0.9314814814814815 0.02395833333333333 0.05555555555555556
0 0.5510416666666667 0.1476851851851852 0.0125 0.028703703703703703
0 0.03802083333333333 0.6736111111111112 0.02395833333333333 0.05092592592592593
0 0.82890625 0.9800925925925926 0.028645833333333332 0.049074074074074076
0 0.0859375 0.17731481481481481 0.013541666666666667 0.028703703703703703
0 0.21119791666666665 0.4898148148148148 0.0203125 0.040740740740740744
0 0.7419270833333333 0.11666666666666667 0.0140625 0.037037037037037035
0 0.4083333333333333 0.8731481481481482 0.026041666666666668 0.04814814814814815
0 0.02005208333333333 0.7175925925925927 0.021354166666666667 0.0462962962962963
0 0.004166666666666667 0.08148148148148149 0.011458333333333333 0.02962962962962963
0 0.02265625 0.08009259259259259 0.011979166666666666 0.026851851851851852
