0 0.4203125 0.7851851851851852 0.02395833333333333 0.05555555555555556
0 0.471875 0.8967592592592593 0.025 0.06018518518518519
0 0.7328125 0.12546296296296297 0.017708333333333333 0.03425925925925926
0 0.3640625 0.287962962962963 0.017708333333333333 0.037037037037037035
0 0.0484375 0.312962962962963 0.01875 0.03518518518518519
0 0.7729166666666667 0.8337962962962964 0.02395833333333333 0.05648148148148149
0 0.7549479166666666 0.9296296296296297 0.024479166666666666 0.05740740740740741
0 0.5520833333333334 0.17777777777777778 0.011458333333333333 0.02777777777777778
0 0.6317708333333333 0.2657407407407408 0.015625 0.03888888888888889
0 0.4640625 0.7611111111111112 0.029166666666666667 0.061111111111111116
0 0.17890625 0.4046296296296297 0.015104166666666667 0.03888888888888889
0 0.6408854166666667 0.29953703703703705 0.013020833333333334 0.036111111111111115
0 0.5744791666666667 0.17916666666666667 0.0125 0.028703703703703703
0 0.6981770833333333 0.862962962962963 0.028645833333333332 0.05925925925925926
0 0.21510416666666665 0.9009259259259259 0.028125 0.053703703703703705
0 0.038802083333333334 0.6699074074074074 0.0203125 0.04351851851851852
0 0.5559895833333334 0.14722222222222223 0.011979166666666666 0.02777777777777778
0 0.09348958333333333 0.20370370370370372 0.015104166666666667 0.03333333333333333
0 0.09375 0.17453703703703705 0.014583333333333334 0.026851851851851852
0 0.40546875 0.8782407407407408 0.0296875 0.062037037037037036
0 0.2109375 0.48842592592592593 0.01875 0.03981481481481482
0 0.025520833333333333 0.08564814814814815 0.014583333333333334 0.032407407407407406
0 0.7440104166666667 0.11481481481481481 0.01614583333333333 0.03333333333333333
0 0.003125 0.032407407407407406 0.009375 0.031481481481481485
0 0.8283854166666667 0.9800925925925926 0.022395833333333334 0.04351851851851852
0 0.02005208333333333 0.7162037037037037 0.021354166666666667 0.03796296296296296
0 0.005729166666666666 0.07962962962962963 0.009375 0.03333333333333333
