0 0.041666666666666664 0.3106481481481482 0.01875 0.03425925925925926
0 0.4205729166666667 0.7847222222222222 0.024479166666666666 0.05462962962962963
0 0.3723958333333333 0.2884259259259259 0.017708333333333333 0.036111111111111115
0 0.47291666666666665 0.8953703703703704 0.025 0.05740740740740741
0 0.6390625 0.2652777777777778 0.015625 0.03796296296296296
0 0.46432291666666664 0.7518518518518519 0.024479166666666666 0.0462962962962963
0 0.73671875 0.12314814814814816 0.015104166666666667 0.031481481481481485
0 0.7729166666666667 0.8337962962962964 0.022916666666666665 0.05462962962962963
0 0.1796875 0.4027777777777778 0.017708333333333333 0.04259259259259259
0 0.75546875 0.9282407407407408 0.024479166666666666 0.058333333333333334
0 0.21510416666666665 0.9032407407407408 0.028125 0.058333333333333334
0 0.5552083333333333 0.17777777777777778 0.011458333333333333 0.02777777777777778
0 0.6981770833333333 0.8615740740740742 0.0296875 0.058333333333333334
0 0.6466145833333333 0.300462962962963 0.01614583333333333 0.04166666666666667
0 0.039322916666666666 0.6712962962962963 0.021354166666666667 0.0462962962962963
0 0.5575520833333333 0.1486111111111111 0.0140625 0.030555555555555558
0 0.5786458333333333 0.17777777777777778 0.0125 0.02777777777777778
0 0.4067708333333333 0.8740740740740741 0.030208333333333334 0.06481481481481481
0 0.21119791666666665 0.4865740740740741 0.019270833333333334 0.03981481481481482
0 0.7447916666666666 0.11388888888888889 0.017708333333333333 0.03518518518518519
0 0.005208333333333333 0.029166666666666667 0.008333333333333333 0.028703703703703703
0 0.02005208333333333 0.7143518518518519 0.021354166666666667 0.03796296296296296
0 0.005729166666666666 0.07916666666666666 0.009375 0.028703703703703703
0 0.026822916666666665 0.08333333333333334 0.01614583333333333 0.02962962962962963
0 0.09557291666666666 0.17453703703703705 0.013020833333333334 0.02314814814814815
0 0.09817708333333333 0.20185185185185187 0.015104166666666667 0.031481481481481485
0 0.828125 0.9768518518518519 0.027083333333333334 0.0462962962962963
