0 0.4203125 0.7819444444444444 0.02395833333333333 0.05277777777777778
0 0.77421875 0.8300925925925926 0.022395833333333334 0.049074074074074076
0 0.3924479166666667 0.28935185185185186 0.018229166666666668 0.03796296296296296
0 0.4734375 0.8962962962962964 0.027083333333333334 0.06481481481481481
0 0.17890625 0.39583333333333337 0.01614583333333333 0.03796296296296296
0 0.6614583333333334 0.26944444444444443 0.015625 0.037037037037037035
0 0.7552083333333334 0.9236111111111112 0.022916666666666665 0.05648148148148149
0 0.6716145833333333 0.3027777777777778 0.01614583333333333 0.03888888888888889
0 0.5895833333333333 0.1726851851851852 0.0125 0.028703703703703703
0 0.022395833333333334 0.3013888888888889 0.017708333333333333 0.03425925925925926
0 0.1109375 0.1787037037037037 0.014583333333333334 0.02777777777777778
0 0.6986979166666667 0.8569444444444445 0.027604166666666666 0.05648148148148149
0 0.039322916666666666 0.6694444444444445 0.0203125 0.0462962962962963
0 0.21536458333333333 0.8939814814814815 0.027604166666666666 0.05462962962962963
0 0.46510416666666665 0.750925925925926 0.02395833333333333 0.0462962962962963
0 0.5661458333333333 0.1712962962962963 0.011458333333333333 0.02962962962962963
0 0.1140625 0.20324074074074075 0.016666666666666666 0.032407407407407406
0 0.56875 0.14814814814814814 0.0125 0.031481481481481485
0 0.20546875 0.4828703703703704 0.019270833333333334 0.03981481481481482
0 0.009895833333333333 0.028240740740740743 0.010416666666666666 0.026851851851851852
0 0.0328125 0.08611111111111111 0.014583333333333334 0.031481481481481485
0 0.82890625 0.9750000000000001 0.030729166666666665 0.05185185185185186
0 0.7536458333333333 0.11018518518518519 0.016666666666666666 0.03333333333333333
0 0.7463541666666667 0.125 0.016666666666666666 0.037037037037037035
0 0.004166666666666667 0.04490740740740741 0.008333333333333333 0.02314814814814815
0 0.01015625 0.08240740740740742 0.015104166666666667 0.031481481481481485
0 0.01875 0.7138888888888889 0.026041666666666668 0.037037037037037035
0 0.40989583333333335 0.8740740740740741 0.029166666666666667 0.053703703703703705
