0 0.42109375 0.7800925925925927 0.0234375 0.05277777777777778
0 0.41432291666666665 0.2800925925925926 0.0171875 0.03796296296296296
0 0.7744791666666666 0.8226851851851852 0.02395833333333333 0.05092592592592593
0 0.75703125 0.9185185185185185 0.025520833333333333 0.05925925925925926
0 0.6986979166666667 0.8537037037037037 0.0296875 0.05740740740740741
0 0.47421874999999997 0.8893518518518518 0.025520833333333333 0.06018518518518519
0 0.69375 0.2916666666666667 0.017708333333333333 0.03888888888888889
0 0.68359375 0.26435185185185184 0.0171875 0.03796296296296296
0 0.175 0.3907407407407408 0.017708333333333333 0.04259259259259259
0 0.6005208333333333 0.17083333333333334 0.011458333333333333 0.028703703703703703
0 0.5778645833333333 0.1712962962962963 0.0109375 0.02592592592592593
0 0.03958333333333333 0.6675925925925926 0.021875 0.04814814814814815
0 0.21432291666666667 0.888425925925926 0.0265625 0.058333333333333334
0 0.13020833333333334 0.19953703703703704 0.014583333333333334 0.030555555555555558
0 0.5786458333333333 0.14027777777777778 0.013541666666666667 0.028703703703703703
0 0.12552083333333333 0.17685185185185187 0.015625 0.031481481481481485
0 0.0067708333333333336 0.30462962962962964 0.013541666666666667 0.037037037037037035
0 0.8294270833333334 0.9722222222222222 0.027604166666666666 0.053703703703703705
0 0.46640624999999997 0.750925925925926 0.024479166666666666 0.05185185185185186
0 0.40546875 0.8699074074074075 0.027604166666666666 0.05462962962962963
0 0.01614583333333333 0.02592592592592593 0.010416666666666666 0.02592592592592593
0 0.7658854166666667 0.10370370370370371 0.015104166666666667 0.031481481481481485
0 0.759375 0.12361111111111112 0.016666666666666666 0.03796296296296296
0 0.0078125 0.04490740740740741 0.011458333333333333 0.026851851851851852
0 0.015364583333333333 0.08101851851851852 0.011979166666666666 0.028703703703703703
0 0.037760416666666664 0.08888888888888889 0.0140625 0.031481481481481485
0 0.19244791666666666 0.48194444444444445 0.021354166666666667 0.04537037037037037
0 0.018489583333333334 0.7143518518518519 0.022395833333333334 0.03981481481481482
