0 0.5677083333333334 0.10555555555555556 0.010416666666666666 0.024074074074074074
0 0.11927083333333333 0.0912037037037037 0.0125 0.02314814814814815
0 0.08151041666666667 0.04722222222222222 0.009895833333333333 0.020370370370370372
0 0.9111979166666666 0.2939814814814815 0.01614583333333333 0.028703703703703703
0 0.7609375 0.8949074074074075 0.022916666666666665 0.05462962962962963
0 0.18020833333333333 0.2087962962962963 0.014583333333333334 0.025
0 0.3208333333333333 0.28703703703703703 0.014583333333333334 0.02777777777777778
0 0.16536458333333334 0.22222222222222224 0.013020833333333334 0.02592592592592593
0 0.6080729166666666 0.34074074074074073 0.0140625 0.037037037037037035
0 0.48854166666666665 0.8976851851851853 0.021875 0.058333333333333334
0 0.07317708333333334 0.4763888888888889 0.019270833333333334 0.03425925925925926
0 0.053906249999999996 0.10833333333333334 0.0109375 0.022222222222222223
0 0.5510416666666667 0.11296296296296297 0.009375 0.022222222222222223
0 0.0640625 0.09027777777777778 0.013541666666666667 0.02314814814814815
0 0.44088541666666664 0.8407407407407408 0.022395833333333334 0.04814814814814815
0 0.06927083333333334 0.7277777777777779 0.020833333333333332 0.044444444444444446
0 0.40598958333333335 0.0625 0.0109375 0.019444444444444445
0 0.04609375 0.1398148148148148 0.013020833333333334 0.02592592592592593
0 0.23124999999999998 0.2902777777777778 0.009375 0.017592592592592594
0 0.024479166666666666 0.18194444444444446 0.0125 0.02314814814814815
0 0.47630208333333335 0.8180555555555555 0.0265625 0.04537037037037037
0 0.08645833333333333 0.12407407407407407 0.011458333333333333 0.024074074074074074
0 0.00703125 0.08564814814814815 0.013020833333333334 0.019444444444444445
0 0.061197916666666664 0.7689814814814815 0.0203125 0.04537037037037037
0 0.36484375 0.9273148148148148 0.018229166666666668 0.04537037037037037
0 0.9966145833333333 0.022222222222222223 0.0067708333333333336 0.020370370370370372
0 0.5447916666666667 0.18796296296296297 0.010416666666666666 0.022222222222222223
0 0.5536458333333333 0.18796296296296297 0.0125 0.022222222222222223
0 0.24583333333333332 0.3726851851851852 0.016666666666666666 0.032407407407407406
