0 0.46510416666666665 0.39212962962962966 0.020833333333333332 0.036111111111111115
0 0.33541666666666664 0.7671296296296296 0.02395833333333333 0.05092592592592593
0 0.3455729166666667 0.25324074074074077 0.01614583333333333 0.028703703703703703
0 0.5065104166666666 0.1564814814814815 0.011979166666666666 0.02962962962962963
0 0.8651041666666667 0.3365740740740741 0.015625 0.03425925925925926
0 0.5533854166666666 0.45555555555555555 0.0140625 0.03888888888888889
0 0.4388020833333333 0.8430555555555556 0.021354166666666667 0.049074074074074076
0 0.0703125 0.7314814814814815 0.017708333333333333 0.037037037037037035
0 0.6208333333333333 0.08287037037037037 0.011458333333333333 0.021296296296296296
0 0.18854166666666666 0.20787037037037037 0.013541666666666667 0.026851851851851852
0 0.48593749999999997 0.17407407407407408 0.009375 0.024074074074074074
0 0.2739583333333333 0.07824074074074075 0.011458333333333333 0.021296296296296296
0 0.65546875 0.24722222222222223 0.011979166666666666 0.02962962962962963
0 0.8526041666666666 0.32731481481481484 0.015625 0.03796296296296296
0 0.9372395833333333 0.09351851851851853 0.0109375 0.02592592592592593
0 0.7611979166666667 0.9041666666666667 0.022395833333333334 0.05648148148148149
0 0.9729166666666667 0.2652777777777778 0.014583333333333334 0.03425925925925926
0 0.3328125 0.26481481481481484 0.013541666666666667 0.02592592592592593
0 0.4739583333333333 0.8208333333333334 0.022916666666666665 0.049074074074074076
0 0.21119791666666665 0.10648148148148148 0.0109375 0.020370370370370372
0 0.48072916666666665 0.9032407407407408 0.020833333333333332 0.05462962962962963
0 0.225 0.08750000000000001 0.011458333333333333 0.021296296296296296
0 0.2296875 0.05185185185185186 0.008333333333333333 0.018518518518518517
0 0.08697916666666666 0.29583333333333334 0.013541666666666667 0.030555555555555558
0 0.9731770833333333 0.0976851851851852 0.013020833333333334 0.02314814814814815
0 0.07317708333333334 0.034722222222222224 0.0078125 0.015740740740740743
0 0.090625 0.9162037037037037 0.026041666666666668 0.04351851851851852
0 0.1671875 0.9675925925925927 0.035416666666666666 0.061111111111111116
0 0.396875 0.3314814814814815 0.010416666666666666 0.020370370370370372
0 0.8481770833333333 0.027314814814814816 0.008854166666666666 0.02314814814814815
0 0.8942708333333333 0.033796296296296297 0.011458333333333333 0.02314814814814815
0 0.9093749999999999 0.032407407407407406 0.0125 0.020370370370370372
0 0.0625 0.06435185185185185 0.010416666666666666 0.02314814814814815
0 0.2739583333333333 0.11898148148148148 0.011458333333333333 0.02314814814814815
0 0.053385416666666664 0.7787037037037038 0.0203125 0.04259259259259259
0 0.3859375 0.18564814814814815 0.0125 0.025
0 0.39010416666666664 0.1912037037037037 0.015625 0.026851851851851852
