0 0.33671875 0.8055555555555556 0.024479166666666666 0.05555555555555556
0 0.2859375 0.2490740740740741 0.0125 0.02592592592592593
0 0.4393229166666667 0.8398148148148148 0.022395833333333334 0.05
0 0.9598958333333333 0.08935185185185185 0.0125 0.026851851851851852
0 0.07135416666666666 0.7291666666666667 0.019791666666666666 0.03981481481481482
0 0.1484375 0.19398148148148148 0.014583333333333334 0.028703703703703703
0 0.23385416666666667 0.08148148148148149 0.008333333333333333 0.020370370370370372
0 0.3015625 0.23472222222222222 0.013541666666666667 0.026851851851851852
0 0.9572916666666667 0.3277777777777778 0.017708333333333333 0.03888888888888889
0 0.5278645833333333 0.13148148148148148 0.009895833333333333 0.024074074074074074
0 0.5705729166666667 0.42129629629629634 0.011979166666666666 0.03333333333333333
0 0.4770833333333333 0.8125 0.021875 0.04351851851851852
0 0.17265625 0.09907407407407408 0.0109375 0.018518518518518517
0 0.17890625 0.0837962962962963 0.009895833333333333 0.021296296296296296
0 0.9723958333333333 0.3402777777777778 0.015625 0.036111111111111115
0 0.4817708333333333 0.899537037037037 0.021875 0.05648148148148149
0 0.7119791666666666 0.2675925925925926 0.0125 0.03518518518518519
0 0.1875 0.046759259259259264 0.008333333333333333 0.021296296296296296
0 0.559375 0.075 0.011458333333333333 0.022222222222222223
0 0.7653645833333333 0.9027777777777778 0.021354166666666667 0.053703703703703705
0 0.3536458333333333 0.3125 0.009375 0.017592592592592594
0 0.026041666666666668 0.02962962962962963 0.008333333333333333 0.016666666666666666
0 0.39739583333333334 0.3842592592592593 0.016666666666666666 0.02777777777777778
0 0.41041666666666665 0.3837962962962963 0.020833333333333332 0.036111111111111115
0 0.040625 0.0712962962962963 0.011458333333333333 0.020370370370370372
0 0.22291666666666665 0.11527777777777778 0.015625 0.025
0 0.15234375 0.2884259259259259 0.013020833333333334 0.02314814814814815
0 0.4317708333333333 0.18472222222222223 0.017708333333333333 0.03425925925925926
0 0.5059895833333333 0.1537037037037037 0.015104166666666667 0.022222222222222223
0 0.8786458333333333 0.020833333333333336 0.010416666666666666 0.02314814814814815
0 0.9244791666666666 0.027314814814814816 0.0125 0.02314814814814815
0 0.93984375 0.02314814814814815 0.009895833333333333 0.022222222222222223
0 0.9846354166666667 0.08935185185185185 0.009895833333333333 0.02314814814814815
0 0.0515625 0.7722222222222223 0.016666666666666666 0.040740740740740744
