0 0.3403645833333333 0.7736111111111111 0.0234375 0.049074074074074076
0 0.48802083333333335 0.1685185185185185 0.009375 0.024074074074074074
0 0.51015625 0.15231481481481482 0.0109375 0.026851851851851852
0 0.45286458333333335 0.39537037037037037 0.019270833333333334 0.037037037037037035
0 0.5572916666666666 0.44953703703703707 0.015625 0.03796296296296296
0 0.39869791666666665 0.1865740740740741 0.015104166666666667 0.028703703703703703
0 0.06953125 0.7310185185185185 0.019270833333333334 0.04166666666666667
0 0.43828125 0.8421296296296297 0.021354166666666667 0.04722222222222222
0 0.33880208333333334 0.24814814814814815 0.015104166666666667 0.02777777777777778
0 0.32395833333333335 0.25925925925925924 0.0125 0.02592592592592593
0 0.875 0.33333333333333337 0.016666666666666666 0.03518518518518519
0 0.47213541666666664 0.8194444444444445 0.0234375 0.05
0 0.26640625 0.0763888888888889 0.0109375 0.021296296296296296
0 0.21588541666666666 0.08518518518518518 0.0109375 0.022222222222222223
0 0.98515625 0.26435185185185184 0.0140625 0.03425925925925926
0 0.7625 0.9055555555555556 0.022916666666666665 0.05925925925925926
0 0.6671875 0.24953703703703706 0.0125 0.030555555555555558
0 0.22213541666666667 0.052314814814814814 0.0078125 0.019444444444444445
0 0.9768229166666667 0.0962962962962963 0.013020833333333334 0.022222222222222223
0 0.6080729166666666 0.08518518518518518 0.009895833333333333 0.022222222222222223
0 0.18020833333333333 0.20555555555555557 0.013541666666666667 0.02962962962962963
0 0.06484375 0.03287037037037037 0.0078125 0.015740740740740743
0 0.48020833333333335 0.9023148148148149 0.022916666666666665 0.05462962962962963
0 0.8854166666666666 0.34305555555555556 0.014583333333333334 0.032407407407407406
0 0.10026041666666667 0.2967592592592593 0.013020833333333334 0.028703703703703703
0 0.20208333333333334 0.10277777777777779 0.011458333333333333 0.022222222222222223
0 0.3880208333333333 0.3277777777777778 0.010416666666666666 0.022222222222222223
0 0.14661458333333333 0.9750000000000001 0.033854166666666664 0.05185185185185186
0 0.2638020833333333 0.11712962962962964 0.009895833333333333 0.021296296296296296
0 0.8507812499999999 0.029166666666666667 0.013020833333333334 0.026851851851851852
0 0.8966145833333333 0.028703703703703703 0.009895833333333333 0.022222222222222223
0 0.91640625 0.030092592592592594 0.009895833333333333 0.02314814814814815
0 0.9411458333333333 0.0925925925925926 0.010416666666666666 0.020370370370370372
0 0.057812499999999996 0.06666666666666667 0.011458333333333333 0.020370370370370372
0 0.05260416666666667 0.7796296296296297 0.020833333333333332 0.05
0 0.07395833333333333 0.9333333333333333 0.028125 0.03888888888888889
