0 0.4700520833333333 0.3939814814814815 0.022395833333333334 0.03981481481481482
0 0.27734375 0.07824074074074075 0.011979166666666666 0.021296296296296296
0 0.4848958333333333 0.17546296296296296 0.010416666666666666 0.025
0 0.5520833333333334 0.45787037037037037 0.014583333333333334 0.03796296296296296
0 0.3333333333333333 0.7652777777777778 0.022916666666666665 0.05277777777777778
0 0.4388020833333333 0.8425925925925927 0.022395833333333334 0.05
0 0.50546875 0.1587962962962963 0.011979166666666666 0.028703703703703703
0 0.07005208333333333 0.7328703703703704 0.0171875 0.036111111111111115
0 0.47239583333333335 0.8189814814814815 0.022916666666666665 0.049074074074074076
0 0.19166666666666665 0.2087962962962963 0.0125 0.026851851851851852
0 0.23307291666666666 0.05092592592592593 0.008854166666666666 0.016666666666666666
0 0.9684895833333333 0.2625 0.0140625 0.032407407407407406
0 0.48151041666666666 0.9027777777777778 0.022395833333333334 0.05740740740740741
0 0.35 0.25416666666666665 0.016666666666666666 0.028703703703703703
0 0.8572916666666667 0.33425925925925926 0.016666666666666666 0.03518518518518519
0 0.9369791666666667 0.09212962962962963 0.011458333333333333 0.026851851851851852
0 0.65234375 0.2476851851851852 0.0109375 0.030555555555555558
0 0.7614583333333333 0.9041666666666667 0.022916666666666665 0.05648148148148149
0 0.6252604166666667 0.0837962962962963 0.011979166666666666 0.021296296296296296
0 0.3364583333333333 0.26666666666666666 0.0125 0.02592592592592593
0 0.08385416666666666 0.2976851851851852 0.014583333333333334 0.030555555555555558
0 0.8447916666666666 0.32592592592592595 0.017708333333333333 0.03888888888888889
0 0.22838541666666667 0.08703703703703704 0.0109375 0.02592592592592593
0 0.9716145833333333 0.09722222222222222 0.011979166666666666 0.024074074074074074
0 0.07578125 0.031018518518518518 0.008854166666666666 0.021296296296296296
0 0.21458333333333332 0.10694444444444445 0.008333333333333333 0.019444444444444445
0 0.0625 0.06064814814814815 0.009375 0.017592592592592594
0 0.17604166666666665 0.9611111111111111 0.03333333333333333 0.06666666666666667
0 0.0067708333333333336 0.3837962962962963 0.013541666666666667 0.03796296296296296
0 0.09817708333333333 0.9069444444444444 0.027604166666666666 0.05092592592592593
0 0.38125 0.1800925925925926 0.0125 0.025
0 0.38645833333333335 0.1902777777777778 0.010416666666666666 0.025
0 0.4005208333333333 0.33101851851851855 0.010416666666666666 0.017592592592592594
0 0.05234375 0.775 0.0203125 0.05
0 0.27890625 0.11851851851851852 0.013020833333333334 0.018518518518518517
0 0.8458333333333333 0.024074074074074074 0.011458333333333333 0.020370370370370372
0 0.8924479166666667 0.031018518518518518 0.015104166666666667 0.025
0 0.9072916666666666 0.031018518518518518 0.011458333333333333 0.026851851851851852
