0 0.3419270833333333 0.7912037037037037 0.022395833333333334 0.049074074074074076
0 0.2989583333333333 0.250462962962963 0.013541666666666667 0.026851851851851852
0 0.5213541666666667 0.1398148148148148 0.0125 0.02777777777777778
0 0.16354166666666667 0.19444444444444445 0.014583333333333334 0.02962962962962963
0 0.4986979166666667 0.15972222222222224 0.009895833333333333 0.025
0 0.4380208333333333 0.8412037037037038 0.020833333333333332 0.049074074074074076
0 0.5765625 0.07777777777777778 0.010416666666666666 0.022222222222222223
0 0.95078125 0.08842592592592594 0.0109375 0.021296296296296296
0 0.07057291666666667 0.7291666666666667 0.019270833333333334 0.03796296296296296
0 0.1828125 0.10138888888888889 0.011458333333333333 0.02314814814814815
0 0.92421875 0.32962962962962966 0.018229166666666668 0.040740740740740744
0 0.69296875 0.25925925925925924 0.011979166666666666 0.031481481481481485
0 0.19401041666666666 0.08703703703703704 0.009895833333333333 0.020370370370370372
0 0.42682291666666666 0.38472222222222224 0.013020833333333334 0.03425925925925926
0 0.47578125 0.8143518518518519 0.021354166666666667 0.03981481481481482
0 0.24609375 0.07824074074074075 0.0109375 0.021296296296296296
0 0.20104166666666667 0.04722222222222222 0.008333333333333333 0.020370370370370372
0 0.31666666666666665 0.24212962962962964 0.013541666666666667 0.028703703703703703
0 0.5661458333333333 0.4324074074074074 0.0125 0.03333333333333333
0 0.7645833333333333 0.9018518518518519 0.021875 0.05555555555555556
0 0.48151041666666666 0.9 0.021354166666666667 0.05555555555555556
0 0.13333333333333333 0.2865740740740741 0.014583333333333334 0.026851851851851852
0 0.9388020833333334 0.33796296296296297 0.01614583333333333 0.037037037037037035
0 0.04244791666666667 0.029166666666666667 0.008854166666666666 0.021296296296296296
0 0.98203125 0.09351851851851853 0.009895833333333333 0.022222222222222223
0 0.3653645833333333 0.31666666666666665 0.0067708333333333336 0.012962962962962964
0 0.4171875 0.3861111111111111 0.015625 0.03518518518518519
0 0.04869791666666667 0.06851851851851852 0.008854166666666666 0.016666666666666666
0 0.8692708333333333 0.025462962962962965 0.0125 0.026851851851851852
0 0.9132812499999999 0.02962962962962963 0.013020833333333334 0.02777777777777778
0 0.9317708333333333 0.029166666666666667 0.0125 0.026851851851851852
0 0.028385416666666666 0.9731481481481482 0.025520833333333333 0.040740740740740744
0 0.055989583333333336 0.7759259259259259 0.0203125 0.03888888888888889
0 0.23828125 0.1175925925925926 0.0140625 0.022222222222222223
0 0.41484375 0.17962962962962964 0.0140625 0.02777777777777778
0 0.42213541666666665 0.18981481481481483 0.013020833333333334 0.02962962962962963
