0 0.36822916666666666 0.8356481481481481 0.022916666666666665 0.04537037037037037
0 0.54765625 0.11898148148148148 0.011979166666666666 0.026851851851851852
0 0.10885416666666667 0.10462962962962963 0.010416666666666666 0.022222222222222223
0 0.5934895833333333 0.3805555555555556 0.015104166666666667 0.03518518518518519
0 0.225 0.23657407407407408 0.013541666666666667 0.026851851851851852
0 0.08463541666666667 0.1837962962962963 0.015104166666666667 0.025
0 0.3223958333333333 0.37962962962962965 0.016666666666666666 0.03518518518518519
0 0.4791666666666667 0.06527777777777778 0.010416666666666666 0.021296296296296296
0 0.47421874999999997 0.8125 0.022395833333333334 0.04537037037037037
0 0.48984374999999997 0.1912037037037037 0.013020833333333334 0.028703703703703703
0 0.8114583333333333 0.29212962962962963 0.016666666666666666 0.03425925925925926
0 0.4419270833333333 0.8416666666666667 0.022395833333333334 0.0462962962962963
0 0.17630208333333333 0.08842592592592594 0.009895833333333333 0.017592592592592594
0 0.484375 0.9009259259259259 0.020833333333333332 0.05555555555555556
0 0.13177083333333334 0.04814814814814815 0.009375 0.020370370370370372
0 0.06927083333333334 0.7287037037037037 0.01875 0.040740740740740744
0 0.1203125 0.08796296296296297 0.010416666666666666 0.024074074074074074
0 0.7640625 0.9009259259259259 0.021875 0.05555555555555556
0 0.15364583333333334 0.11898148148148148 0.009375 0.02314814814814815
0 0.014583333333333334 0.08009259259259259 0.011458333333333333 0.021296296296296296
0 0.2895833333333333 0.2990740740740741 0.008333333333333333 0.016666666666666666
0 0.9947916666666666 0.08657407407407408 0.009375 0.025
0 0.23932291666666666 0.22175925925925927 0.009895833333333333 0.021296296296296296
0 0.24010416666666667 0.2888888888888889 0.013541666666666667 0.02777777777777778
0 0.9690104166666667 0.037037037037037035 0.011979166666666666 0.02592592592592593
0 0.9838541666666667 0.10601851851851853 0.011458333333333333 0.025
0 0.9885416666666667 0.03888888888888889 0.015625 0.02777777777777778
0 0.93359375 0.024074074074074074 0.013020833333333334 0.020370370370370372
0 0.053906249999999996 0.7694444444444445 0.018229166666666668 0.04259259259259259
0 0.5268229166666667 0.13333333333333333 0.013020833333333334 0.02962962962962963
