0 0.33515625 0.8087962962962963 0.0234375 0.04722222222222222
0 0.4432291666666667 0.18703703703703706 0.0125 0.03518518518518519
0 0.2752604166666667 0.24305555555555555 0.013020833333333334 0.026851851851851852
0 0.44088541666666664 0.8393518518518519 0.0234375 0.05092592592592593
0 0.07005208333333333 0.7296296296296296 0.0203125 0.04259259259259259
0 0.5299479166666666 0.1287037037037037 0.0109375 0.024074074074074074
0 0.5763020833333333 0.412962962962963 0.01614583333333333 0.03333333333333333
0 0.5440104166666666 0.07083333333333333 0.0109375 0.021296296296296296
0 0.22161458333333334 0.08425925925925926 0.008854166666666666 0.022222222222222223
0 0.5088541666666666 0.14907407407407408 0.010416666666666666 0.024074074074074074
0 0.15885416666666666 0.10185185185185186 0.011458333333333333 0.022222222222222223
0 0.13515625 0.1902777777777778 0.013020833333333334 0.028703703703703703
0 0.17630208333333333 0.04953703703703704 0.008854166666666666 0.019444444444444445
0 0.48125 0.8986111111111111 0.022916666666666665 0.05462962962962963
0 0.28932291666666665 0.23425925925925928 0.013020833333333334 0.02592592592592593
0 0.47760416666666666 0.8143518518518519 0.022916666666666665 0.04722222222222222
0 0.7309895833333333 0.26990740740740743 0.015104166666666667 0.030555555555555558
0 0.16875 0.08796296296296297 0.009375 0.022222222222222223
0 0.9869791666666666 0.33425925925925926 0.016666666666666666 0.037037037037037035
0 0.17005208333333333 0.2851851851851852 0.015104166666666667 0.02962962962962963
0 0.3411458333333333 0.3087962962962963 0.008333333333333333 0.015740740740740743
0 0.98671875 0.09212962962962963 0.009895833333333333 0.021296296296296296
0 0.765625 0.9027777777777778 0.021875 0.053703703703703705
0 0.9658854166666666 0.0925925925925926 0.0109375 0.024074074074074074
0 0.0125 0.024074074074074074 0.010416666666666666 0.022222222222222223
0 0.9328124999999999 0.028703703703703703 0.011458333333333333 0.024074074074074074
0 0.03567708333333333 0.06944444444444445 0.009895833333333333 0.020370370370370372
0 0.9473958333333333 0.032407407407407406 0.010416666666666666 0.018518518518518517
0 0.8901041666666667 0.022685185185185187 0.0125 0.02314814814814815
0 0.3794270833333333 0.37592592592592594 0.0140625 0.02777777777777778
0 0.3875 0.3791666666666667 0.015625 0.026851851851851852
0 0.05416666666666667 0.7759259259259259 0.02395833333333333 0.05185185185185186
0 0.21197916666666666 0.11898148148148148 0.011458333333333333 0.025
