0 0.14713541666666666 0.08611111111111111 0.011979166666666666 0.022222222222222223
0 0.6036458333333333 0.3611111111111111 0.013541666666666667 0.037037037037037035
0 0.19296875 0.2300925925925926 0.013020833333333334 0.026851851851851852
0 0.36822916666666666 0.8708333333333333 0.022916666666666665 0.049074074074074076
0 0.44036458333333334 0.8430555555555556 0.021354166666666667 0.049074074074074076
0 0.05546875 0.18055555555555555 0.01614583333333333 0.02592592592592593
0 0.20807291666666666 0.21435185185185185 0.013020833333333334 0.025
0 0.078125 0.10833333333333334 0.009375 0.022222222222222223
0 0.10625 0.047685185185185185 0.009375 0.019444444444444445
0 0.06822916666666666 0.7263888888888889 0.017708333333333333 0.03981481481481482
0 0.28098958333333335 0.375 0.01614583333333333 0.037037037037037035
0 0.7580729166666667 0.8907407407407407 0.022395833333333334 0.05555555555555556
0 0.53828125 0.12314814814814816 0.0109375 0.022222222222222223
0 0.48593749999999997 0.9041666666666667 0.020833333333333332 0.05648148148148149
0 0.8658854166666666 0.2976851851851852 0.0171875 0.03796296296296296
0 0.28359375 0.2837962962962963 0.015104166666666667 0.030555555555555558
0 0.5606770833333333 0.11296296296296297 0.0109375 0.02592592592592593
0 0.4393229166666667 0.06620370370370371 0.009895833333333333 0.021296296296296296
0 0.0953125 0.09490740740740741 0.008333333333333333 0.021296296296296296
0 0.021614583333333333 0.14120370370370372 0.009895833333333333 0.021296296296296296
0 0.4796875 0.8185185185185185 0.021875 0.044444444444444446
0 0.030208333333333334 0.4671296296296297 0.01875 0.036111111111111115
0 0.007552083333333333 0.08240740740740742 0.009895833333333333 0.020370370370370372
0 0.12057291666666667 0.12083333333333333 0.0140625 0.026851851851851852
0 0.055989583333333336 0.7703703703703704 0.019270833333333334 0.040740740740740744
0 0.25885416666666666 0.29074074074074074 0.011458333333333333 0.018518518518518517
0 0.5216145833333333 0.19166666666666668 0.015104166666666667 0.02777777777777778
0 0.9669270833333333 0.025462962962962965 0.0078125 0.02314814814814815
0 0.9942708333333333 0.04212962962962963 0.010416666666666666 0.025
