0 0.3442708333333333 0.8148148148148149 0.025 0.0462962962962963
0 0.26067708333333334 0.2425925925925926 0.011979166666666666 0.02592592592592593
0 0.45807291666666666 0.1902777777777778 0.013020833333333334 0.032407407407407406
0 0.44244791666666666 0.837962962962963 0.0203125 0.044444444444444446
0 0.20911458333333333 0.08333333333333334 0.009895833333333333 0.020370370370370372
0 0.14114583333333333 0.10416666666666667 0.010416666666666666 0.02314814814814815
0 0.06953125 0.7291666666666667 0.019270833333333334 0.04166666666666667
0 0.15286458333333333 0.08611111111111111 0.009895833333333333 0.022222222222222223
0 0.5848958333333333 0.4041666666666667 0.014583333333333334 0.03425925925925926
0 0.12005208333333334 0.19074074074074074 0.013020833333333334 0.02777777777777778
0 0.16223958333333333 0.04722222222222222 0.008854166666666666 0.020370370370370372
0 0.7546875 0.27685185185185185 0.015625 0.03333333333333333
0 0.5322916666666666 0.125 0.010416666666666666 0.02592592592592593
0 0.7653645833333333 0.9009259259259259 0.022395833333333334 0.05555555555555556
0 0.19140625 0.2916666666666667 0.01614583333333333 0.031481481481481485
0 0.47578125 0.8166666666666667 0.0203125 0.037037037037037035
0 0.48385416666666664 0.899537037037037 0.020833333333333332 0.05462962962962963
0 0.5234375 0.07268518518518519 0.011458333333333333 0.025
0 0.27369791666666665 0.22777777777777777 0.0140625 0.02592592592592593
0 0.19296875 0.11574074074074074 0.0109375 0.022222222222222223
0 0.94375 0.03333333333333333 0.011458333333333333 0.024074074074074074
0 0.9723958333333333 0.09398148148148149 0.011458333333333333 0.02314814814814815
0 0.9872395833333333 0.0912037037037037 0.0109375 0.02314814814814815
0 0.02786458333333333 0.07592592592592592 0.0109375 0.020370370370370372
0 0.32708333333333334 0.30462962962962964 0.010416666666666666 0.018518518518518517
0 0.5109375 0.14583333333333334 0.011458333333333333 0.02314814814814815
0 0.36875 0.38472222222222224 0.016666666666666666 0.036111111111111115
0 0.055989583333333336 0.7768518518518519 0.024479166666666666 0.040740740740740744
0 0.9036458333333334 0.02314814814814815 0.0125 0.02777777777777778
0 0.9583333333333334 0.032407407407407406 0.011458333333333333 0.022222222222222223
