0 0.43671875 0.8375 0.0234375 0.049074074074074076
0 0.31744791666666666 0.7560185185185185 0.0234375 0.05277777777777778
0 0.48593749999999997 0.1837962962962963 0.011458333333333333 0.026851851851851852
0 0.43463541666666666 0.27314814814814814 0.01614583333333333 0.02777777777777778
0 0.22630208333333332 0.7407407407407408 0.022395833333333334 0.044444444444444446
0 0.46432291666666664 0.20277777777777778 0.0109375 0.02592592592592593
0 0.5375 0.5027777777777778 0.016666666666666666 0.044444444444444446
0 0.1265625 0.32407407407407407 0.014583333333333334 0.02962962962962963
0 0.41770833333333335 0.287962962962963 0.014583333333333334 0.02777777777777778
0 0.27057291666666666 0.2125 0.013020833333333334 0.026851851851851852
0 0.4817708333333333 0.8805555555555555 0.022916666666666665 0.061111111111111116
0 0.46953125 0.8199074074074074 0.0265625 0.0638888888888889
0 0.3028645833333333 0.07777777777777778 0.009895833333333333 0.022222222222222223
0 0.06536458333333334 0.7236111111111111 0.0203125 0.04166666666666667
0 0.27109375 0.7837962962962963 0.0203125 0.04722222222222222
0 0.3455729166666667 0.0638888888888889 0.0109375 0.016666666666666666
0 0.5833333333333334 0.39722222222222225 0.01875 0.04259259259259259
0 0.5661458333333333 0.20046296296296298 0.0125 0.026851851851851852
0 0.15364583333333334 0.02314814814814815 0.009375 0.022222222222222223
0 0.73203125 0.09537037037037037 0.008854166666666666 0.020370370370370372
0 0.8674479166666667 0.2564814814814815 0.0109375 0.031481481481481485
0 0.9203125 0.0962962962962963 0.011458333333333333 0.024074074074074074
0 0.9453125 0.27314814814814814 0.014583333333333334 0.037037037037037035
0 0.9682291666666667 0.04351851851851852 0.0125 0.02777777777777778
0 0.6760416666666667 0.3078703703703704 0.015625 0.036111111111111115
0 0.3033854166666667 0.03981481481481482 0.0078125 0.018518518518518517
0 0.75625 0.8981481481481481 0.022916666666666665 0.05740740740740741
0 0.2825520833333333 0.09583333333333334 0.009895833333333333 0.02314814814814815
0 0.07838541666666667 0.038425925925925926 0.008854166666666666 0.015740740740740743
0 0.6859375 0.3194444444444445 0.011458333333333333 0.02777777777777778
0 0.8700520833333333 0.006944444444444445 0.008854166666666666 0.01388888888888889
0 0.8557291666666667 0.012962962962962964 0.010416666666666666 0.022222222222222223
0 0.9442708333333333 0.09027777777777778 0.011458333333333333 0.025
0 0.48541666666666666 0.3662037037037037 0.0125 0.02314814814814815
0 0.359375 0.10601851851851853 0.0125 0.026851851851851852
0 0.04973958333333333 0.7675925925925926 0.025520833333333333 0.04814814814814815
0 0.29921875 0.17500000000000002 0.009895833333333333 0.02777777777777778
0 0.3072916666666667 0.1685185185185185 0.011458333333333333 0.022222222222222223
