0 0.43645833333333334 0.8365740740740741 0.025 0.05092592592592593
0 0.48932291666666666 0.18333333333333335 0.011979166666666666 0.02777777777777778
0 0.53671875 0.5069444444444444 0.0171875 0.04537037037037037
0 0.31614583333333335 0.7541666666666667 0.02395833333333333 0.049074074074074076
0 0.465625 0.20555555555555557 0.010416666666666666 0.02592592592592593
0 0.23463541666666665 0.7226851851851852 0.021354166666666667 0.04722222222222222
0 0.06588541666666667 0.7236111111111111 0.019270833333333334 0.04351851851851852
0 0.4270833333333333 0.29074074074074074 0.013541666666666667 0.031481481481481485
0 0.44505208333333335 0.27361111111111114 0.0140625 0.028703703703703703
0 0.2721354166666667 0.7657407407407407 0.021354166666666667 0.04814814814814815
0 0.48125 0.8740740740740741 0.025 0.06296296296296297
0 0.46822916666666664 0.8115740740740741 0.02395833333333333 0.05092592592592593
0 0.9627604166666667 0.040740740740740744 0.011979166666666666 0.024074074074074074
0 0.1421875 0.32037037037037036 0.014583333333333334 0.031481481481481485
0 0.16354166666666667 0.018055555555555557 0.010416666666666666 0.019444444444444445
0 0.5567708333333333 0.19907407407407407 0.0125 0.02592592592592593
0 0.85625 0.25833333333333336 0.0125 0.03333333333333333
0 0.31171875 0.07731481481481482 0.0109375 0.02314814814814815
0 0.91953125 0.09305555555555556 0.0109375 0.02314814814814815
0 0.28151041666666665 0.21481481481481482 0.0140625 0.02777777777777778
0 0.35390625 0.059722222222222225 0.009895833333333333 0.019444444444444445
0 0.3111979166666667 0.037037037037037035 0.0078125 0.018518518518518517
0 0.75625 0.8962962962962964 0.02395833333333333 0.05740740740740741
0 0.08098958333333334 0.03287037037037037 0.0078125 0.015740740740740743
0 0.6578125 0.3055555555555556 0.016666666666666666 0.037037037037037035
0 0.6661458333333333 0.32037037037037036 0.017708333333333333 0.037037037037037035
0 0.7421875 0.09583333333333334 0.011458333333333333 0.026851851851851852
0 0.8546874999999999 0.012962962962962964 0.010416666666666666 0.020370370370370372
0 0.9419270833333333 0.08796296296296297 0.008854166666666666 0.022222222222222223
0 0.9338541666666667 0.2662037037037037 0.016666666666666666 0.032407407407407406
0 0.048177083333333336 0.7675925925925926 0.024479166666666666 0.04814814814814815
0 0.2903645833333333 0.09537037037037037 0.009895833333333333 0.022222222222222223
0 0.36953125 0.10046296296296296 0.015104166666666667 0.02314814814814815
0 0.4908854166666667 0.36574074074074076 0.0078125 0.022222222222222223
0 0.5971354166666667 0.3962962962962963 0.0203125 0.037037037037037035
0 0.2994791666666667 0.16435185185185186 0.011458333333333333 0.02314814814814815
0 0.2911458333333333 0.17824074074074076 0.011458333333333333 0.025
