0 0.3203125 0.7587962962962963 0.02395833333333333 0.05277777777777778
0 0.23906249999999998 0.2175925925925926 0.015625 0.02777777777777778
0 0.33567708333333335 0.18101851851851852 0.0140625 0.030555555555555558
0 0.4895833333333333 0.17685185185185187 0.011458333333333333 0.02777777777777778
0 0.43645833333333334 0.8449074074074074 0.022916666666666665 0.05092592592592593
0 0.18255208333333334 0.8060185185185186 0.022395833333333334 0.04722222222222222
0 0.47109375 0.19444444444444445 0.009895833333333333 0.02592592592592593
0 0.5369791666666667 0.4861111111111111 0.013541666666666667 0.040740740740740744
0 0.48151041666666666 0.8912037037037037 0.022395833333333334 0.05648148148148149
0 0.24661458333333333 0.8425925925925927 0.022395833333333334 0.053703703703703705
0 0.6942708333333333 0.09212962962962963 0.010416666666666666 0.021296296296296296
0 0.6 0.21574074074074076 0.0125 0.02962962962962963
0 0.40260416666666665 0.2689814814814815 0.0125 0.026851851851851852
0 0.46953125 0.8152777777777778 0.0234375 0.04537037037037037
0 0.90703125 0.26666666666666666 0.0140625 0.031481481481481485
0 0.38828125 0.2833333333333333 0.013020833333333334 0.02962962962962963
0 0.32005208333333335 0.06666666666666667 0.009895833333333333 0.020370370370370372
0 0.7458333333333333 0.3282407407407408 0.015625 0.032407407407407406
0 0.08072916666666667 0.34675925925925927 0.014583333333333334 0.028703703703703703
0 0.2552083333333333 0.10231481481481482 0.0125 0.025
0 0.7580729166666667 0.9032407407407408 0.022395833333333334 0.05462962962962963
0 0.06822916666666666 0.7347222222222223 0.02395833333333333 0.049074074074074076
0 0.9546875 0.09583333333333334 0.011458333333333333 0.02314814814814815
0 0.9210937499999999 0.09814814814814815 0.008854166666666666 0.020370370370370372
0 0.53984375 0.4 0.018229166666666668 0.04259259259259259
0 0.010677083333333334 0.2976851851851852 0.013020833333333334 0.030555555555555558
0 0.12395833333333334 0.031018518518518518 0.008333333333333333 0.019444444444444445
0 0.9835937499999999 0.28564814814814815 0.015104166666666667 0.03796296296296296
0 0.7359375 0.31712962962962965 0.016666666666666666 0.03981481481481482
0 0.821875 0.013425925925925926 0.009375 0.019444444444444445
0 0.9880208333333333 0.049074074074074076 0.013541666666666667 0.031481481481481485
0 0.27838541666666666 0.05 0.0078125 0.018518518518518517
0 0.06927083333333334 0.04722222222222222 0.00625 0.016666666666666666
0 0.27682291666666664 0.08564814814814815 0.0078125 0.017592592592592594
0 0.45390625 0.3550925925925926 0.009895833333333333 0.026851851851851852
0 0.3294270833333333 0.11064814814814815 0.015104166666666667 0.025
0 0.8653645833333333 0.022222222222222223 0.009895833333333333 0.020370370370370372
0 0.8807291666666667 0.022222222222222223 0.011458333333333333 0.022222222222222223
0 0.05026041666666667 0.7726851851851853 0.024479166666666666 0.04537037037037037
