0 0.32526041666666666 0.17685185185185187 0.015104166666666667 0.02962962962962963
0 0.26119791666666664 0.8226851851851852 0.0234375 0.049074074074074076
0 0.5869791666666666 0.2152777777777778 0.013541666666666667 0.028703703703703703
0 0.3184895833333333 0.7574074074074074 0.0234375 0.05185185185185186
0 0.4122395833333333 0.26944444444444443 0.0140625 0.02777777777777778
0 0.5375 0.4916666666666667 0.015625 0.040740740740740744
0 0.43515624999999997 0.8425925925925927 0.024479166666666666 0.05185185185185186
0 0.328125 0.06527777777777778 0.010416666666666666 0.021296296296296296
0 0.4666666666666667 0.19583333333333333 0.010416666666666666 0.026851851851851852
0 0.39817708333333335 0.28750000000000003 0.013020833333333334 0.026851851851851852
0 0.20078125 0.7842592592592593 0.022395833333333334 0.044444444444444446
0 0.06796875 0.7337962962962963 0.024479166666666666 0.05092592592592593
0 0.46848958333333335 0.813425925925926 0.021354166666666667 0.04537037037037037
0 0.48151041666666666 0.8861111111111112 0.0234375 0.061111111111111116
0 0.89296875 0.26296296296296295 0.011979166666666666 0.02777777777777778
0 0.09609375 0.3388888888888889 0.015104166666666667 0.02777777777777778
0 0.7567708333333333 0.899537037037037 0.022916666666666665 0.05277777777777778
0 0.4861979166666667 0.17916666666666667 0.0109375 0.026851851851851852
0 0.46484375 0.3611111111111111 0.0109375 0.022222222222222223
0 0.24791666666666667 0.21851851851851853 0.0125 0.02592592592592593
0 0.26484375 0.10138888888888889 0.0109375 0.02314814814814815
0 0.70703125 0.0962962962962963 0.009895833333333333 0.020370370370370372
0 0.13463541666666667 0.02777777777777778 0.0067708333333333336 0.016666666666666666
0 0.9700520833333334 0.27824074074074073 0.01614583333333333 0.03796296296296296
0 0.7252604166666666 0.325 0.015104166666666667 0.03518518518518519
0 0.2859375 0.08703703703703704 0.008333333333333333 0.018518518518518517
0 0.9518229166666666 0.09490740740740741 0.011979166666666666 0.02314814814814815
0 0.9203125 0.10092592592592593 0.010416666666666666 0.020370370370370372
0 0.9802083333333333 0.047685185185185185 0.0125 0.025
0 0.28619791666666666 0.04398148148148148 0.0078125 0.019444444444444445
0 0.7138020833333333 0.3162037037037037 0.0171875 0.03981481481481482
0 0.07057291666666667 0.04722222222222222 0.0078125 0.018518518518518517
0 0.8596354166666667 0.01990740740740741 0.009895833333333333 0.021296296296296296
0 0.33932291666666664 0.11342592592592593 0.013020833333333334 0.026851851851851852
0 0.8213541666666666 0.010648148148148148 0.011458333333333333 0.015740740740740743
0 0.8742187499999999 0.012037037037037037 0.008854166666666666 0.020370370370370372
0 0.0484375 0.7703703703703704 0.028125 0.05
0 0.5541666666666667 0.3995370370370371 0.016666666666666666 0.036111111111111115
