0 0.32786458333333335 0.7587962962962963 0.0234375 0.05092592592592593
0 0.36614583333333334 0.1875 0.014583333333333334 0.030555555555555558
0 0.4830729166666667 0.18287037037037038 0.009895833333333333 0.025
0 0.5020833333333333 0.16574074074074074 0.011458333333333333 0.02777777777777778
0 0.21041666666666667 0.913888888888889 0.027083333333333334 0.05
0 0.13645833333333332 0.8740740740740741 0.027083333333333334 0.04814814814814815
0 0.5411458333333333 0.46805555555555556 0.015625 0.04351851851851852
0 0.21302083333333333 0.2111111111111111 0.013541666666666667 0.02777777777777778
0 0.49973958333333335 0.39583333333333337 0.0203125 0.04166666666666667
0 0.4388020833333333 0.8435185185185186 0.022395833333333334 0.05185185185185186
0 0.06927083333333334 0.7319444444444445 0.020833333333333332 0.04537037037037037
0 0.4731770833333333 0.8203703703703704 0.022395833333333334 0.05
0 0.24765625 0.08425925925925926 0.013020833333333334 0.024074074074074074
0 0.8010416666666667 0.32453703703703707 0.017708333333333333 0.03981481481481482
0 0.65234375 0.08842592592592594 0.009895833333333333 0.021296296296296296
0 0.09661458333333334 0.028703703703703703 0.0109375 0.022222222222222223
0 0.23151041666666666 0.10185185185185186 0.011979166666666666 0.022222222222222223
0 0.035416666666666666 0.3666666666666667 0.015625 0.03333333333333333
0 0.6307291666666667 0.2337962962962963 0.0125 0.028703703703703703
0 0.35546875 0.27314814814814814 0.0109375 0.02592592592592593
0 0.9450520833333333 0.26666666666666666 0.011979166666666666 0.02777777777777778
0 0.4828125 0.8976851851851853 0.022916666666666665 0.05648148148148149
0 0.7614583333333333 0.9050925925925927 0.022916666666666665 0.05648148148148149
0 0.8117187499999999 0.3337962962962963 0.01614583333333333 0.036111111111111115
0 0.2942708333333333 0.07546296296296297 0.009375 0.019444444444444445
0 0.37109375 0.26435185185185184 0.0109375 0.025
0 0.93203125 0.0925925925925926 0.009895833333333333 0.024074074074074074
0 0.07005208333333333 0.05324074074074074 0.008854166666666666 0.017592592592592594
0 0.057812499999999996 0.2953703703703704 0.014583333333333334 0.02962962962962963
0 0.42343749999999997 0.34120370370370373 0.011458333333333333 0.025
0 0.2513020833333333 0.04861111111111111 0.009895833333333333 0.017592592592592594
0 0.2994791666666667 0.11296296296296297 0.010416666666666666 0.020370370370370372
0 0.05130208333333333 0.775 0.025520833333333333 0.05
0 0.8361979166666667 0.025 0.013020833333333334 0.02777777777777778
0 0.8822916666666667 0.025462962962962965 0.010416666666666666 0.026851851851851852
0 0.8942708333333333 0.024074074074074074 0.011458333333333333 0.020370370370370372
0 0.9640624999999999 0.09398148148148149 0.010416666666666666 0.02314814814814815
