0 0.3208333333333333 0.7583333333333334 0.02395833333333333 0.05185185185185186
0 0.47239583333333335 0.19444444444444445 0.010416666666666666 0.02592592592592593
0 0.24505208333333334 0.8439814814814816 0.025520833333333333 0.05648148148148149
0 0.4903645833333333 0.17777777777777778 0.011979166666666666 0.02962962962962963
0 0.17864583333333334 0.8097222222222222 0.025 0.05092592592592593
0 0.43723958333333335 0.8444444444444444 0.0234375 0.05185185185185186
0 0.6020833333333333 0.21666666666666667 0.014583333333333334 0.02962962962962963
0 0.5372395833333333 0.4851851851851852 0.0140625 0.040740740740740744
0 0.9096354166666667 0.26481481481481484 0.013020833333333334 0.02962962962962963
0 0.39921875 0.2689814814814815 0.0140625 0.026851851851851852
0 0.4817708333333333 0.888888888888889 0.02395833333333333 0.05925925925925926
0 0.078125 0.34814814814814815 0.014583333333333334 0.02962962962962963
0 0.47031249999999997 0.8171296296296297 0.02395833333333333 0.04722222222222222
0 0.3880208333333333 0.2814814814814815 0.013541666666666667 0.02592592592592593
0 0.23697916666666666 0.2175925925925926 0.014583333333333334 0.02777777777777778
0 0.53671875 0.4013888888888889 0.01614583333333333 0.04166666666666667
0 0.33697916666666666 0.18287037037037038 0.0125 0.025
0 0.9895833333333334 0.05 0.013541666666666667 0.02962962962962963
0 0.06927083333333334 0.7361111111111112 0.02395833333333333 0.05
0 0.6895833333333333 0.09212962962962963 0.009375 0.021296296296296296
0 0.75859375 0.9018518518518519 0.022395833333333334 0.053703703703703705
0 0.3184895833333333 0.06759259259259259 0.009895833333333333 0.020370370370370372
0 0.12265625 0.029166666666666667 0.009895833333333333 0.019444444444444445
0 0.01328125 0.2972222222222222 0.013020833333333334 0.02777777777777778
0 0.95546875 0.09675925925925927 0.011979166666666666 0.02314814814814815
0 0.25364583333333335 0.10324074074074074 0.010416666666666666 0.02314814814814815
0 0.275 0.08333333333333334 0.013541666666666667 0.03333333333333333
0 0.06979166666666667 0.04722222222222222 0.007291666666666667 0.016666666666666666
0 0.2765625 0.05 0.007291666666666667 0.018518518518518517
0 0.7515625 0.3277777777777778 0.013541666666666667 0.031481481481481485
0 0.9864583333333333 0.28564814814814815 0.014583333333333334 0.03425925925925926
0 0.8223958333333333 0.014814814814814815 0.009375 0.018518518518518517
0 0.7393229166666666 0.3231481481481482 0.013020833333333334 0.03333333333333333
0 0.9244791666666666 0.09722222222222222 0.0125 0.020370370370370372
0 0.8809895833333333 0.025462962962962965 0.009895833333333333 0.026851851851851852
0 0.8664062499999999 0.02314814814814815 0.0140625 0.022222222222222223
0 0.32786458333333335 0.11296296296296297 0.0140625 0.022222222222222223
0 0.052083333333333336 0.775 0.028125 0.05
0 0.45234375 0.3550925925925926 0.009895833333333333 0.02314814814814815
