0 0.4848958333333333 0.17824074074074076 0.010416666666666666 0.025
0 0.33203125 0.7620370370370371 0.0234375 0.05185185185185186
0 0.47291666666666665 0.8208333333333334 0.02395833333333333 0.05092592592592593
0 0.28203125 0.0787037037037037 0.0109375 0.020370370370370372
0 0.06979166666666667 0.7310185185185185 0.01875 0.03796296296296296
0 0.43906249999999997 0.8416666666666667 0.021875 0.04814814814814815
0 0.5052083333333334 0.16111111111111112 0.011458333333333333 0.02592592592592593
0 0.4817708333333333 0.9023148148148149 0.022916666666666665 0.05648148148148149
0 0.54921875 0.46064814814814814 0.015104166666666667 0.03981481481481482
0 0.8325520833333333 0.3277777777777778 0.018229166666666668 0.040740740740740744
0 0.9359375 0.09074074074074075 0.011458333333333333 0.02777777777777778
0 0.19765625 0.2111111111111111 0.0140625 0.02777777777777778
0 0.35520833333333335 0.25416666666666665 0.016666666666666666 0.028703703703703703
0 0.6333333333333333 0.08703703703703704 0.010416666666666666 0.022222222222222223
0 0.07708333333333334 0.29814814814814816 0.013541666666666667 0.02962962962962963
0 0.23828125 0.051388888888888894 0.0078125 0.025
0 0.7611979166666667 0.9046296296296297 0.022395833333333334 0.05555555555555556
0 0.9627604166666667 0.2652777777777778 0.0109375 0.030555555555555558
0 0.3419270833333333 0.27083333333333337 0.013020833333333334 0.025
0 0.08072916666666667 0.027314814814814816 0.010416666666666666 0.021296296296296296
0 0.6453125 0.24583333333333335 0.011458333333333333 0.030555555555555558
0 0.84609375 0.337037037037037 0.01614583333333333 0.037037037037037035
0 0.22005208333333334 0.10416666666666667 0.0109375 0.025
0 0.0125 0.3768518518518519 0.015625 0.037037037037037035
0 0.1875 0.9449074074074074 0.028125 0.05648148148148149
0 0.96953125 0.09722222222222222 0.0109375 0.022222222222222223
0 0.06484375 0.05787037037037037 0.008854166666666666 0.021296296296296296
0 0.10989583333333333 0.8972222222222223 0.029166666666666667 0.044444444444444446
0 0.3794270833333333 0.18888888888888888 0.0140625 0.02777777777777778
0 0.2833333333333333 0.11620370370370371 0.011458333333333333 0.02314814814814815
0 0.053125 0.7800925925925927 0.021875 0.04537037037037037
0 0.4088541666666667 0.33472222222222225 0.011458333333333333 0.025
0 0.48020833333333335 0.39537037037037037 0.016666666666666666 0.040740740740740744
0 0.84375 0.02314814814814815 0.0125 0.018518518518518517
0 0.8901041666666667 0.02962962962962963 0.010416666666666666 0.02777777777777778
0 0.9054687499999999 0.030092592592592594 0.009895833333333333 0.02314814814814815
0 0.23489583333333333 0.09074074074074075 0.0125 0.02777777777777778
