0 0.013541666666666667 0.2138888888888889 0.015625 0.02592592592592593
0 0.04895833333333333 0.22175925925925927 0.0125 0.019444444444444445
0 0.13020833333333334 0.28055555555555556 0.015625 0.016666666666666666
0 0.14765625 0.2800925925925926 0.01614583333333333 0.02314814814814815
0 0.22161458333333334 0.2935185185185185 0.01614583333333333 0.02777777777777778
0 0.050520833333333334 0.36435185185185187 0.01875 0.032407407407407406
0 0.13645833333333332 0.5152777777777778 0.025 0.04351851851851852
0 0.17838541666666666 0.45046296296296295 0.019270833333333334 0.04351851851851852
0 0.20520833333333333 0.7208333333333333 0.020833333333333332 0.04351851851851852
0 0.23098958333333333 0.6606481481481482 0.021354166666666667 0.04537037037037037
0 0.2591145833333333 0.5125000000000001 0.022395833333333334 0.04351851851851852
0 0.28802083333333334 0.4703703703703704 0.01875 0.03888888888888889
0 0.3328125 0.46296296296296297 0.019791666666666666 0.037037037037037035
0 0.40260416666666665 0.44907407407407407 0.019791666666666666 0.03518518518518519
0 0.50625 0.5013888888888889 0.016666666666666666 0.032407407407407406
0 0.515625 0.4930555555555556 0.015625 0.03425925925925926
0 0.5729166666666666 0.4513888888888889 0.017708333333333333 0.03796296296296296
0 0.5770833333333333 0.5180555555555556 0.019791666666666666 0.04537037037037037
0 0.60234375 0.4791666666666667 0.021354166666666667 0.03796296296296296
0 0.6346354166666667 0.4740740740740741 0.01614583333333333 0.03518518518518519
0 0.6604166666666667 0.6333333333333333 0.017708333333333333 0.0462962962962963
0 0.6354166666666666 0.6416666666666667 0.020833333333333332 0.04259259259259259
0 0.5776041666666667 0.6842592592592592 0.026041666666666668 0.05925925925925926
0 0.6390625 0.6893518518518519 0.025 0.049074074074074076
0 0.7096354166666666 0.7157407407407408 0.0359375 0.061111111111111116
0 0.73828125 0.6939814814814815 0.0296875 0.062037037037037036
0 0.7880208333333333 0.5569444444444445 0.01875 0.04166666666666667
0 0.8848958333333333 0.6902777777777778 0.036458333333333336 0.0638888888888889
0 0.9622395833333334 0.8231481481481482 0.03177083333333333 0.05
0 0.39765625 0.8069444444444445 0.028645833333333332 0.062037037037037036
0 0.37421875 0.8814814814814815 0.03177083333333333 0.07037037037037037
0 0.2765625 0.7592592592592593 0.022916666666666665 0.04814814814814815
0 0.24687499999999998 0.8537037037037037 0.01875 0.04259259259259259
0 0.98984375 0.8393518518518519 0.0203125 0.05092592592592593
