0 0.009375 0.20925925925925926 0.015625 0.02962962962962963
0 0.04348958333333333 0.2199074074074074 0.013020833333333334 0.02314814814814815
0 0.0046875 0.26990740740740743 0.009375 0.036111111111111115
0 0.14140625 0.27592592592592596 0.0140625 0.016666666666666666
0 0.05260416666666667 0.36203703703703705 0.016666666666666666 0.02962962962962963
0 0.18333333333333332 0.45787037037037037 0.016666666666666666 0.04537037037037037
0 0.21640625 0.2902777777777778 0.015104166666666667 0.025
0 0.13697916666666665 0.5226851851851853 0.025 0.04537037037037037
0 0.25494791666666666 0.5055555555555555 0.0203125 0.037037037037037035
0 0.28411458333333334 0.4625 0.018229166666666668 0.04166666666666667
0 0.34270833333333334 0.46111111111111114 0.019791666666666666 0.037037037037037035
0 0.24114583333333334 0.6587962962962963 0.020833333333333332 0.04537037037037037
0 0.21484375 0.7208333333333333 0.019270833333333334 0.04537037037037037
0 0.28463541666666664 0.7671296296296296 0.022395833333333334 0.04166666666666667
0 0.25677083333333334 0.8666666666666667 0.019791666666666666 0.037037037037037035
0 0.37838541666666664 0.8666666666666667 0.028645833333333332 0.061111111111111116
0 0.403125 0.8032407407407408 0.026041666666666668 0.058333333333333334
0 0.57421875 0.6777777777777778 0.028645833333333332 0.05925925925925926
0 0.63203125 0.6902777777777778 0.025520833333333333 0.05092592592592593
0 0.4966145833333333 0.5 0.013020833333333334 0.031481481481481485
0 0.5049479166666666 0.4902777777777778 0.013020833333333334 0.036111111111111115
0 0.5684895833333333 0.4467592592592593 0.0171875 0.03981481481481482
0 0.40963541666666664 0.4518518518518519 0.0203125 0.03888888888888889
0 0.5666666666666667 0.5180555555555556 0.017708333333333333 0.036111111111111115
0 0.5890625 0.47824074074074074 0.017708333333333333 0.036111111111111115
0 0.6283854166666667 0.4726851851851852 0.019270833333333334 0.036111111111111115
0 0.6760416666666667 0.6356481481481482 0.019791666666666666 0.04722222222222222
0 0.6455729166666666 0.6490740740740741 0.0203125 0.05
0 0.7020833333333333 0.7157407407407408 0.036458333333333336 0.05555555555555556
0 0.7294270833333333 0.6944444444444444 0.028645833333333332 0.06296296296296297
0 0.796875 0.5712962962962963 0.021875 0.04259259259259259
0 0.8742187499999999 0.6916666666666667 0.0328125 0.06851851851851852
0 0.9786458333333333 0.8347222222222223 0.030208333333333334 0.05277777777777778
