0 0.007552083333333333 0.20787037037037037 0.013020833333333334 0.028703703703703703
0 0.0421875 0.2175925925925926 0.0125 0.02592592592592593
0 0.005989583333333333 0.2689814814814815 0.0109375 0.03425925925925926
0 0.05078125 0.36388888888888893 0.018229166666666668 0.03333333333333333
0 0.140625 0.2763888888888889 0.016666666666666666 0.017592592592592594
0 0.21223958333333334 0.2916666666666667 0.0140625 0.020370370370370372
0 0.18385416666666665 0.46296296296296297 0.016666666666666666 0.0462962962962963
0 0.13723958333333333 0.5291666666666667 0.024479166666666666 0.05092592592592593
0 0.25416666666666665 0.5027777777777778 0.025 0.04259259259259259
0 0.28203125 0.4601851851851852 0.018229166666666668 0.037037037037037035
0 0.346875 0.46342592592592596 0.019791666666666666 0.04166666666666667
0 0.24427083333333333 0.6574074074074074 0.026041666666666668 0.05
0 0.21848958333333332 0.7236111111111111 0.022395833333333334 0.03981481481481482
0 0.2864583333333333 0.7712962962962964 0.020833333333333332 0.040740740740740744
0 0.2591145833333333 0.8643518518518519 0.022395833333333334 0.036111111111111115
0 0.37916666666666665 0.8652777777777778 0.028125 0.05648148148148149
0 0.40546875 0.8037037037037037 0.0265625 0.05740740740740741
0 0.5716145833333334 0.6805555555555556 0.0265625 0.05925925925925926
0 0.6286458333333333 0.688425925925926 0.028125 0.05648148148148149
0 0.6447916666666667 0.6527777777777778 0.01875 0.0462962962962963
0 0.68046875 0.638425925925926 0.022395833333333334 0.049074074074074076
0 0.4122395833333333 0.4550925925925926 0.0203125 0.03981481481481482
0 0.49374999999999997 0.5069444444444444 0.013541666666666667 0.028703703703703703
0 0.4984375 0.49259259259259264 0.017708333333333333 0.02777777777777778
0 0.5677083333333334 0.4444444444444445 0.016666666666666666 0.037037037037037035
0 0.5627604166666667 0.5157407407407407 0.018229166666666668 0.040740740740740744
0 0.58203125 0.4810185185185185 0.019270833333333334 0.04351851851851852
0 0.6255208333333333 0.4708333333333333 0.016666666666666666 0.032407407407407406
0 0.7010416666666667 0.7166666666666667 0.03229166666666666 0.07037037037037037
0 0.7255208333333333 0.7000000000000001 0.028125 0.06666666666666667
0 0.8005208333333333 0.5740740740740741 0.01875 0.040740740740740744
0 0.8684895833333334 0.6939814814814815 0.0328125 0.0638888888888889
0 0.9846354166666667 0.8384259259259259 0.025520833333333333 0.04722222222222222
