0 0.0375 0.21064814814814817 0.015625 0.02314814814814815
0 0.013541666666666667 0.26851851851851855 0.0125 0.03333333333333333
0 0.054947916666666666 0.36388888888888893 0.018229166666666668 0.031481481481481485
0 0.20546875 0.29305555555555557 0.01614583333333333 0.02314814814814815
0 0.146875 0.5481481481481482 0.030208333333333334 0.044444444444444446
0 0.18385416666666665 0.4810185185185185 0.021875 0.04722222222222222
0 0.24505208333333334 0.4962962962962963 0.027604166666666666 0.05185185185185186
0 0.26927083333333335 0.4532407407407408 0.02395833333333333 0.049074074074074076
0 0.3619791666666667 0.4666666666666667 0.021875 0.044444444444444446
0 0.4315104166666667 0.45925925925925926 0.0234375 0.040740740740740744
0 0.47369791666666666 0.5060185185185185 0.018229166666666668 0.03796296296296296
0 0.4825520833333333 0.48842592592592593 0.01614583333333333 0.036111111111111115
0 0.5466145833333333 0.5046296296296297 0.025520833333333333 0.04259259259259259
0 0.5604166666666667 0.46574074074074073 0.021875 0.03888888888888889
0 0.5638020833333334 0.4351851851851852 0.019270833333333334 0.03518518518518519
0 0.6177083333333333 0.4666666666666667 0.025 0.04259259259259259
0 0.25494791666666666 0.6712962962962963 0.0265625 0.05555555555555556
0 0.23072916666666665 0.7398148148148148 0.029166666666666667 0.05185185185185186
0 0.5692708333333333 0.675462962962963 0.029166666666666667 0.0638888888888889
0 0.61953125 0.6828703703703703 0.025520833333333333 0.04722222222222222
0 0.66640625 0.6592592592592593 0.028645833333333332 0.05740740740740741
0 0.30442708333333335 0.7731481481481481 0.0328125 0.05185185185185186
0 0.3919270833333333 0.8615740740740742 0.0390625 0.06574074074074074
0 0.41354166666666664 0.8041666666666667 0.03125 0.058333333333333334
0 0.7020833333333333 0.6439814814814815 0.02395833333333333 0.04351851851851852
0 0.81484375 0.5930555555555556 0.022395833333333334 0.05277777777777778
0 0.8510416666666667 0.6935185185185185 0.0375 0.07037037037037037
0 0.68515625 0.7175925925925927 0.0359375 0.05740740740740741
0 0.715625 0.7037037037037037 0.0375 0.06481481481481481
0 0.2721354166666667 0.8837962962962963 0.027604166666666666 0.04537037037037037
