0 0.027083333333333334 0.21064814814814817 0.013541666666666667 0.026851851851851852
0 0.01875 0.2726851851851852 0.015625 0.028703703703703703
0 0.057812499999999996 0.36712962962962964 0.019791666666666666 0.030555555555555558
0 0.15729166666666666 0.5685185185185185 0.022916666666666665 0.05
0 0.18854166666666666 0.4986111111111111 0.01875 0.04351851851851852
0 0.23567708333333334 0.47685185185185186 0.019270833333333334 0.03888888888888889
0 0.2578125 0.44074074074074077 0.017708333333333333 0.037037037037037035
0 0.2638020833333333 0.687962962962963 0.021354166666666667 0.0462962962962963
0 0.24401041666666667 0.7518518518518519 0.0203125 0.04259259259259259
0 0.3111979166666667 0.7833333333333333 0.024479166666666666 0.04814814814814815
0 0.28098958333333335 0.9064814814814816 0.0203125 0.040740740740740744
0 0.40729166666666666 0.8736111111111111 0.030208333333333334 0.07314814814814816
0 0.42291666666666666 0.8120370370370371 0.028125 0.06666666666666667
0 0.3809895833333333 0.4689814814814815 0.0203125 0.04351851851851852
0 0.44557291666666665 0.46574074074074073 0.0171875 0.03888888888888889
0 0.4510416666666667 0.512962962962963 0.014583333333333334 0.03333333333333333
0 0.4536458333333333 0.4902777777777778 0.017708333333333333 0.021296296296296296
0 0.5278645833333333 0.5055555555555555 0.019270833333333334 0.03888888888888889
0 0.5364583333333334 0.46342592592592596 0.020833333333333332 0.04537037037037037
0 0.5627604166666667 0.4361111111111111 0.0171875 0.03518518518518519
0 0.6096354166666667 0.45787037037037037 0.01614583333333333 0.03425925925925926
0 0.5635416666666666 0.6819444444444445 0.025 0.05277777777777778
0 0.6078125 0.6916666666666667 0.027083333333333334 0.05185185185185186
0 0.6708333333333333 0.7189814814814816 0.03333333333333333 0.05462962962962963
0 0.6919270833333333 0.6662037037037037 0.025520833333333333 0.026851851851851852
0 0.7205729166666667 0.6648148148148149 0.01614583333333333 0.0462962962962963
0 0.6989583333333333 0.7087962962962964 0.028125 0.05462962962962963
0 0.8356770833333333 0.6273148148148149 0.022395833333333334 0.049074074074074076
0 0.8325520833333333 0.700925925925926 0.0328125 0.07037037037037037
