0 0.03307291666666667 0.20833333333333334 0.013020833333333334 0.02592592592592593
0 0.015885416666666666 0.26851851851851855 0.013020833333333334 0.031481481481481485
0 0.055989583333333336 0.36712962962962964 0.018229166666666668 0.03425925925925926
0 0.20078125 0.2898148148148148 0.018229166666666668 0.016666666666666666
0 0.184375 0.48750000000000004 0.019791666666666666 0.04351851851851852
0 0.15208333333333332 0.5504629629629629 0.022916666666666665 0.04166666666666667
0 0.24010416666666667 0.48564814814814816 0.021875 0.036111111111111115
0 0.26276041666666666 0.45 0.021354166666666667 0.040740740740740744
0 0.37005208333333334 0.4689814814814815 0.019270833333333334 0.036111111111111115
0 0.259375 0.6810185185185186 0.019791666666666666 0.04722222222222222
0 0.23619791666666667 0.7412037037037037 0.0234375 0.04351851851851852
0 0.3067708333333333 0.7773148148148148 0.025 0.05092592592592593
0 0.27708333333333335 0.8907407407407407 0.020833333333333332 0.040740740740740744
0 0.3989583333333333 0.8643518518518519 0.034375 0.062037037037037036
0 0.4166666666666667 0.8069444444444445 0.027083333333333334 0.062037037037037036
0 0.56640625 0.6833333333333333 0.028645833333333332 0.05925925925925926
0 0.6169270833333333 0.6898148148148149 0.024479166666666666 0.053703703703703705
0 0.6786458333333333 0.7171296296296297 0.030208333333333334 0.05277777777777778
0 0.709375 0.7050925925925926 0.026041666666666668 0.0638888888888889
0 0.7096354166666666 0.650462962962963 0.0203125 0.03981481481481482
0 0.6791666666666667 0.662962962962963 0.021875 0.044444444444444446
0 0.43515624999999997 0.45833333333333337 0.018229166666666668 0.037037037037037035
0 0.4635416666666667 0.5060185185185185 0.016666666666666666 0.032407407407407406
0 0.471875 0.4851851851851852 0.015625 0.020370370370370372
0 0.55078125 0.46574074074074073 0.0203125 0.03888888888888889
0 0.5630208333333333 0.43333333333333335 0.016666666666666666 0.031481481481481485
0 0.5388020833333333 0.5018518518518519 0.019270833333333334 0.04259259259259259
0 0.6140625 0.4615740740740741 0.014583333333333334 0.036111111111111115
0 0.82265625 0.6064814814814815 0.0203125 0.04259259259259259
0 0.8453125 0.6967592592592593 0.034375 0.06759259259259259
