0 0.01953125 0.20740740740740743 0.0140625 0.024074074074074074
0 0.018229166666666668 0.27314814814814814 0.015625 0.031481481481481485
0 0.061197916666666664 0.3689814814814815 0.019270833333333334 0.03425925925925926
0 0.15885416666666666 0.5805555555555556 0.021875 0.04814814814814815
0 0.19322916666666667 0.5097222222222222 0.020833333333333332 0.04537037037037037
0 0.23046875 0.47500000000000003 0.018229166666666668 0.037037037037037035
0 0.2552083333333333 0.4388888888888889 0.020833333333333332 0.040740740740740744
0 0.26953125 0.6944444444444444 0.018229166666666668 0.0462962962962963
0 0.25104166666666666 0.7555555555555555 0.022916666666666665 0.040740740740740744
0 0.31328125 0.7990740740740742 0.0234375 0.044444444444444446
0 0.2890625 0.9277777777777778 0.020833333333333332 0.04259259259259259
0 0.4153645833333333 0.8708333333333333 0.0265625 0.049074074074074076
0 0.42734374999999997 0.813425925925926 0.030729166666666665 0.06018518518518519
0 0.39088541666666665 0.46851851851851856 0.019270833333333334 0.040740740740740744
0 0.4361979166666667 0.5101851851851852 0.01614583333333333 0.02592592592592593
0 0.44088541666666664 0.48842592592592593 0.01614583333333333 0.019444444444444445
0 0.44817708333333334 0.46342592592592596 0.01614583333333333 0.036111111111111115
0 0.5276041666666667 0.4550925925925926 0.01875 0.03981481481481482
0 0.5622395833333333 0.4361111111111111 0.01614583333333333 0.037037037037037035
0 0.6028645833333334 0.4527777777777778 0.0171875 0.03518518518518519
0 0.51796875 0.5106481481481482 0.021354166666666667 0.03796296296296296
0 0.5578125 0.6833333333333333 0.026041666666666668 0.05
0 0.6018229166666667 0.6986111111111112 0.025520833333333333 0.05462962962962963
0 0.6619791666666667 0.7199074074074074 0.034375 0.062037037037037036
0 0.6919270833333333 0.7037037037037037 0.0234375 0.06296296296296297
0 0.7036458333333333 0.6796296296296297 0.022916666666666665 0.031481481481481485
0 0.73046875 0.6712962962962963 0.021354166666666667 0.05
0 0.8221354166666667 0.7023148148148148 0.0328125 0.062037037037037036
0 0.8479166666666667 0.6398148148148148 0.02395833333333333 0.040740740740740744
