0 0.010416666666666666 0.20277777777777778 0.0125 0.02592592592592593
0 0.025 0.2796296296296296 0.014583333333333334 0.031481481481481485
0 0.16875 0.2884259259259259 0.013541666666666667 0.028703703703703703
0 0.06484375 0.3773148148148148 0.019270833333333334 0.03425925925925926
0 0.2526041666666667 0.4185185185185185 0.01875 0.03888888888888889
0 0.22265625 0.45555555555555555 0.018229166666666668 0.040740740740740744
0 0.20598958333333334 0.5342592592592593 0.0203125 0.04814814814814815
0 0.16692708333333334 0.6143518518518519 0.024479166666666666 0.062037037037037036
0 0.28802083333333334 0.7240740740740741 0.01875 0.0462962962962963
0 0.2708333333333333 0.7782407407407408 0.022916666666666665 0.04722222222222222
0 0.3216145833333333 0.8296296296296297 0.024479166666666666 0.0462962962962963
0 0.31145833333333334 0.962962962962963 0.022916666666666665 0.044444444444444446
0 0.40989583333333335 0.4652777777777778 0.01875 0.03796296296296296
0 0.40260416666666665 0.5069444444444444 0.016666666666666666 0.028703703703703703
0 0.4 0.5194444444444445 0.015625 0.02777777777777778
0 0.4552083333333333 0.4740740740740741 0.016666666666666666 0.03518518518518519
0 0.4942708333333333 0.4449074074074074 0.019791666666666666 0.03796296296296296
0 0.48802083333333335 0.5166666666666667 0.017708333333333333 0.03518518518518519
0 0.5572916666666666 0.4412037037037037 0.017708333333333333 0.03796296296296296
0 0.5875 0.45 0.016666666666666666 0.031481481481481485
0 0.5372395833333333 0.6856481481481482 0.025520833333333333 0.05277777777777778
0 0.5872395833333334 0.7046296296296296 0.025520833333333333 0.05185185185185186
0 0.6421875 0.7273148148148149 0.034375 0.06018518518518519
0 0.6703125 0.7166666666666667 0.03125 0.06296296296296297
0 0.7325520833333333 0.7097222222222223 0.024479166666666666 0.04722222222222222
0 0.7666666666666666 0.6861111111111111 0.021875 0.040740740740740744
0 0.79765625 0.7115740740740741 0.030729166666666665 0.058333333333333334
0 0.8869791666666667 0.6847222222222222 0.022916666666666665 0.04722222222222222
0 0.43854166666666666 0.8166666666666667 0.028125 0.061111111111111116
0 0.4276041666666667 0.8763888888888889 0.028125 0.06759259259259259
