0 0.0078125 0.19953703703703704 0.013541666666666667 0.028703703703703703
0 0.027604166666666666 0.2763888888888889 0.013541666666666667 0.028703703703703703
0 0.08307291666666666 0.2638888888888889 0.015104166666666667 0.022222222222222223
0 0.16536458333333334 0.28750000000000003 0.015104166666666667 0.028703703703703703
0 0.065625 0.3787037037037037 0.01875 0.02962962962962963
0 0.25 0.41620370370370374 0.01875 0.04166666666666667
0 0.22161458333333334 0.4532407407407408 0.021354166666666667 0.03796296296296296
0 0.20442708333333334 0.5425925925925926 0.0234375 0.0462962962962963
0 0.17213541666666665 0.6189814814814815 0.0234375 0.05462962962962963
0 0.29322916666666665 0.7273148148148149 0.01875 0.04722222222222222
0 0.3911458333333333 0.5240740740740741 0.016666666666666666 0.031481481481481485
0 0.39609375 0.5092592592592593 0.018229166666666668 0.037037037037037035
0 0.41302083333333334 0.46435185185185185 0.020833333333333332 0.03796296296296296
0 0.459375 0.475462962962963 0.016666666666666666 0.03796296296296296
0 0.48776041666666664 0.44027777777777777 0.021354166666666667 0.036111111111111115
0 0.47890625 0.5189814814814815 0.019270833333333334 0.04351851851851852
0 0.271875 0.7833333333333333 0.021875 0.0462962962962963
0 0.3234375 0.8421296296296297 0.025 0.04722222222222222
0 0.31328125 0.9652777777777778 0.024479166666666666 0.03981481481481482
0 0.43072916666666666 0.875 0.026041666666666668 0.053703703703703705
0 0.4434895833333333 0.8199074074074074 0.024479166666666666 0.058333333333333334
0 0.5328125 0.6861111111111111 0.022916666666666665 0.05
0 0.5841145833333333 0.7083333333333334 0.027604166666666666 0.05
0 0.6375 0.7319444444444445 0.03333333333333333 0.062037037037037036
0 0.6661458333333333 0.7217592592592593 0.03125 0.06944444444444445
0 0.7369791666666666 0.7157407407407408 0.026041666666666668 0.04814814814814815
0 0.7739583333333333 0.6981481481481482 0.022916666666666665 0.05185185185185186
0 0.7919270833333333 0.7097222222222223 0.0296875 0.05648148148148149
0 0.5833333333333334 0.45046296296296295 0.017708333333333333 0.028703703703703703
0 0.5565104166666667 0.4393518518518519 0.01614583333333333 0.032407407407407406
0 0.8955729166666666 0.6916666666666667 0.024479166666666666 0.0462962962962963
