0 0.05651041666666667 0.24444444444444446 0.024479166666666666 0.037037037037037035
0 0.024739583333333332 0.2833333333333333 0.018229166666666668 0.04259259259259259
0 0.04348958333333333 0.4078703703703704 0.0203125 0.03425925925925926
0 0.19869791666666667 0.41481481481481486 0.019270833333333334 0.04259259259259259
0 0.225 0.38657407407407407 0.020833333333333332 0.04537037037037037
0 0.21510416666666665 0.600462962962963 0.028125 0.05648148148148149
0 0.21484375 0.6768518518518519 0.0328125 0.05740740740740741
0 0.30703125 0.5421296296296296 0.0234375 0.03981481481481482
0 0.3140625 0.5560185185185186 0.020833333333333332 0.03425925925925926
0 0.4315104166666667 0.40601851851851856 0.027604166666666666 0.04351851851851852
0 0.4041666666666667 0.5175925925925926 0.026041666666666668 0.053703703703703705
0 0.4328125 0.48333333333333334 0.022916666666666665 0.0462962962962963
0 0.4705729166666667 0.48240740740740745 0.028645833333333332 0.04814814814814815
0 0.55 0.44074074074074077 0.02395833333333333 0.04259259259259259
0 0.56875 0.4425925925925926 0.022916666666666665 0.037037037037037035
0 0.47630208333333335 0.7000000000000001 0.0265625 0.05185185185185186
0 0.31484375 0.7643518518518518 0.025520833333333333 0.058333333333333334
0 0.28541666666666665 0.826388888888889 0.030208333333333334 0.05277777777777778
0 0.3377604166666667 0.875462962962963 0.0359375 0.06574074074074074
0 0.35911458333333335 0.976388888888889 0.0296875 0.04722222222222222
0 0.4674479166666667 0.875 0.03177083333333333 0.06481481481481481
0 0.4864583333333333 0.8194444444444445 0.03854166666666667 0.07407407407407407
0 0.5489583333333333 0.7111111111111111 0.03125 0.05740740740740741
0 0.5958333333333333 0.7388888888888889 0.03125 0.06481481481481481
0 0.6252604166666667 0.7287037037037037 0.0359375 0.06666666666666667
0 0.7380208333333333 0.7175925925925927 0.03333333333333333 0.06296296296296297
0 0.8096354166666666 0.7564814814814815 0.028645833333333332 0.04814814814814815
0 0.8338541666666667 0.7333333333333334 0.026041666666666668 0.053703703703703705
0 0.9161458333333333 0.6648148148148149 0.04895833333333333 0.08333333333333334
0 0.9888020833333333 0.7967592592592593 0.018229166666666668 0.05462962962962963
0 0.98984375 0.6425925925925926 0.0171875 0.053703703703703705
0 0.9796874999999999 0.7046296296296296 0.02395833333333333 0.04259259259259259
