0 0.028125 0.28101851851851856 0.019791666666666666 0.04166666666666667
0 0.06041666666666667 0.2439814814814815 0.015625 0.032407407407407406
0 0.0515625 0.39814814814814814 0.021875 0.04259259259259259
0 0.20286458333333332 0.42314814814814816 0.018229166666666668 0.03518518518518519
0 0.22630208333333332 0.3912037037037037 0.018229166666666668 0.03796296296296296
0 0.20625 0.5875 0.027083333333333334 0.05092592592592593
0 0.32447916666666665 0.5449074074074074 0.017708333333333333 0.03796296296296296
0 0.3286458333333333 0.5273148148148148 0.019791666666666666 0.03796296296296296
0 0.44505208333333335 0.40601851851851856 0.0203125 0.04351851851851852
0 0.4622395833333333 0.47361111111111115 0.0203125 0.04166666666666667
0 0.43046875 0.48055555555555557 0.022395833333333334 0.04259259259259259
0 0.4203125 0.5194444444444445 0.025 0.0462962962962963
0 0.55234375 0.4393518518518519 0.021354166666666667 0.03796296296296296
0 0.57109375 0.44351851851851853 0.019270833333333334 0.037037037037037035
0 0.9356770833333333 0.6606481481481482 0.043229166666666666 0.09166666666666667
0 0.8171875 0.7314814814814815 0.028125 0.05
0 0.79375 0.7421296296296297 0.034375 0.05648148148148149
0 0.7484375 0.7203703703703704 0.03333333333333333 0.05740740740740741
0 0.6354166666666666 0.7263888888888889 0.03958333333333333 0.062037037037037036
0 0.603125 0.7356481481481482 0.036458333333333336 0.0638888888888889
0 0.5575520833333333 0.7083333333333334 0.0328125 0.05
0 0.4934895833333333 0.6995370370370371 0.03177083333333333 0.05648148148148149
0 0.4747395833333333 0.812962962962963 0.028645833333333332 0.05925925925925926
0 0.45989583333333334 0.8740740740740741 0.0375 0.05925925925925926
0 0.33671875 0.8699074074074075 0.033854166666666664 0.05648148148148149
0 0.353125 0.9726851851851852 0.026041666666666668 0.03796296296296296
0 0.28020833333333334 0.8143518518518519 0.022916666666666665 0.04722222222222222
0 0.30963541666666666 0.7550925925925926 0.025520833333333333 0.05277777777777778
0 0.209375 0.6587962962962963 0.028125 0.05462962962962963
0 0.13802083333333334 0.2814814814814815 0.017708333333333333 0.016666666666666666
0 0.9940104166666667 0.7092592592592593 0.0140625 0.03888888888888889
