0 0.026041666666666668 0.28194444444444444 0.013541666666666667 0.030555555555555558
0 0.06041666666666667 0.24629629629629632 0.0125 0.022222222222222223
0 0.04791666666666666 0.40231481481481485 0.0125 0.030555555555555558
0 0.20182291666666666 0.4222222222222222 0.01614583333333333 0.031481481481481485
0 0.22578125 0.39166666666666666 0.0171875 0.03518518518518519
0 0.13567708333333334 0.2814814814814815 0.019270833333333334 0.022222222222222223
0 0.21041666666666667 0.5912037037037037 0.021875 0.04722222222222222
0 0.3203125 0.5486111111111112 0.016666666666666666 0.028703703703703703
0 0.31875 0.5273148148148148 0.015625 0.028703703703703703
0 0.20833333333333334 0.6675925925925926 0.021875 0.04814814814814815
0 0.31223958333333335 0.7583333333333334 0.019270833333333334 0.05555555555555556
0 0.2817708333333333 0.8157407407407408 0.020833333333333332 0.03518518518518519
0 0.33619791666666665 0.8773148148148149 0.0265625 0.05277777777777778
0 0.353125 0.9777777777777779 0.025 0.040740740740740744
0 0.4630208333333333 0.8800925925925926 0.028125 0.0638888888888889
0 0.47630208333333335 0.8171296296296297 0.024479166666666666 0.06018518518518519
0 0.41380208333333335 0.5194444444444445 0.019270833333333334 0.040740740740740744
0 0.42942708333333335 0.47962962962962963 0.0203125 0.03888888888888889
0 0.440625 0.4050925925925926 0.016666666666666666 0.036111111111111115
0 0.465625 0.4777777777777778 0.017708333333333333 0.02962962962962963
0 0.5520833333333334 0.44074074074074077 0.013541666666666667 0.031481481481481485
0 0.5692708333333333 0.4444444444444445 0.014583333333333334 0.02962962962962963
0 0.4869791666666667 0.6981481481481482 0.022916666666666665 0.04259259259259259
0 0.55390625 0.7106481481481481 0.021354166666666667 0.04351851851851852
0 0.6002604166666666 0.7347222222222223 0.0296875 0.05092592592592593
0 0.6299479166666666 0.7328703703703704 0.0265625 0.062037037037037036
0 0.7432291666666666 0.7166666666666667 0.028125 0.05
0 0.8002604166666667 0.7462962962962963 0.0265625 0.04259259259259259
0 0.8229166666666666 0.7319444444444445 0.02395833333333333 0.04351851851851852
0 0.9270833333333334 0.6611111111111111 0.036458333333333336 0.07777777777777778
0 0.9859375 0.700925925925926 0.019791666666666666 0.04814814814814815
0 0.9966145833333333 0.6462962962962964 0.013020833333333334 0.04259259259259259
