0 0.0484375 0.24212962962962964 0.014583333333333334 0.028703703703703703
0 0.02109375 0.28055555555555556 0.0171875 0.02592592592592593
0 0.22604166666666667 0.3773148148148148 0.017708333333333333 0.03425925925925926
0 0.19453125 0.40740740740740744 0.0171875 0.031481481481481485
0 0.041666666666666664 0.41250000000000003 0.017708333333333333 0.03425925925925926
0 0.21692708333333333 0.6060185185185185 0.0203125 0.05277777777777778
0 0.22161458333333334 0.6861111111111111 0.024479166666666666 0.05
0 0.2955729166666667 0.5537037037037037 0.018229166666666668 0.040740740740740744
0 0.30442708333333335 0.5662037037037038 0.018229166666666668 0.032407407407407406
0 0.3208333333333333 0.7726851851851853 0.021875 0.04166666666666667
0 0.2872395833333333 0.8282407407407407 0.022395833333333334 0.03796296296296296
0 0.33671875 0.8847222222222223 0.028645833333333332 0.05277777777777778
0 0.39036458333333335 0.5171296296296296 0.018229166666666668 0.04351851851851852
0 0.41484375 0.3995370370370371 0.0171875 0.03796296296296296
0 0.43906249999999997 0.4902777777777778 0.019791666666666666 0.03425925925925926
0 0.4747395833333333 0.4777777777777778 0.01614583333333333 0.031481481481481485
0 0.4627604166666667 0.6851851851851852 0.022395833333333334 0.044444444444444446
0 0.5494791666666666 0.4393518518518519 0.014583333333333334 0.03425925925925926
0 0.5703125 0.4412037037037037 0.014583333333333334 0.02314814814814815
0 0.54375 0.7152777777777778 0.025 0.049074074074074076
0 0.5869791666666666 0.7407407407407408 0.030208333333333334 0.05185185185185186
0 0.61796875 0.7305555555555556 0.030729166666666665 0.05925925925925926
0 0.4895833333333333 0.812962962962963 0.028125 0.05185185185185186
0 0.47239583333333335 0.8842592592592593 0.03125 0.06481481481481481
0 0.728125 0.7222222222222222 0.028125 0.053703703703703705
0 0.9020833333333333 0.6601851851851852 0.03854166666666667 0.07962962962962963
0 0.8408854166666666 0.737962962962963 0.022395833333333334 0.044444444444444446
0 0.8208333333333333 0.7666666666666667 0.02395833333333333 0.0462962962962963
0 0.9635416666666666 0.6842592592592592 0.02395833333333333 0.05
0 0.9833333333333333 0.638888888888889 0.02395833333333333 0.05185185185185186
0 0.3598958333333333 0.9796296296296296 0.022916666666666665 0.03333333333333333
