0 0.04479166666666667 0.24537037037037038 0.014583333333333334 0.02592592592592593
0 0.020833333333333332 0.2833333333333333 0.016666666666666666 0.03333333333333333
0 0.22526041666666666 0.3740740740740741 0.01614583333333333 0.040740740740740744
0 0.19401041666666666 0.40370370370370373 0.0171875 0.02962962962962963
0 0.04088541666666667 0.4134259259259259 0.01614583333333333 0.032407407407407406
0 0.2171875 0.612037037037037 0.022916666666666665 0.053703703703703705
0 0.22552083333333334 0.6944444444444444 0.021875 0.04814814814814815
0 0.2895833333333333 0.5569444444444445 0.017708333333333333 0.03796296296296296
0 0.2986979166666667 0.5699074074074074 0.01614583333333333 0.03425925925925926
0 0.4080729166666667 0.39537037037037037 0.01614583333333333 0.03518518518518519
0 0.38177083333333334 0.5199074074074074 0.017708333333333333 0.04166666666666667
0 0.44375 0.4949074074074074 0.016666666666666666 0.03796296296296296
0 0.47682291666666665 0.4740740740740741 0.018229166666666668 0.03518518518518519
0 0.5494791666666666 0.4416666666666667 0.016666666666666666 0.037037037037037035
0 0.5713541666666666 0.4467592592592593 0.014583333333333334 0.030555555555555558
0 0.45468749999999997 0.6824074074074075 0.022916666666666665 0.04259259259259259
0 0.5395833333333333 0.7138888888888889 0.022916666666666665 0.04814814814814815
0 0.58359375 0.7421296296296297 0.0296875 0.058333333333333334
0 0.61328125 0.7310185185185185 0.0296875 0.06018518518518519
0 0.4927083333333333 0.8157407407407408 0.029166666666666667 0.05555555555555556
0 0.47604166666666664 0.8800925925925926 0.029166666666666667 0.062037037037037036
0 0.3364583333333333 0.8851851851851852 0.027083333333333334 0.04814814814814815
0 0.32135416666666666 0.7810185185185186 0.022916666666666665 0.05277777777777778
0 0.28854166666666664 0.8333333333333334 0.022916666666666665 0.03888888888888889
0 0.3651041666666667 0.9787037037037037 0.027083333333333334 0.03888888888888889
0 0.7221354166666667 0.7203703703703704 0.025520833333333333 0.05
0 0.8278645833333333 0.7703703703703704 0.024479166666666666 0.044444444444444446
0 0.8481770833333333 0.7444444444444445 0.021354166666666667 0.0462962962962963
0 0.8934895833333333 0.6546296296296297 0.03802083333333333 0.07592592592592592
0 0.9559895833333333 0.6842592592592592 0.0265625 0.053703703703703705
0 0.9755208333333333 0.6393518518518518 0.021875 0.04722222222222222
