0 0.021614583333333333 0.28194444444444444 0.015104166666666667 0.030555555555555558
0 0.05130208333333333 0.23981481481481481 0.0140625 0.02962962962962963
0 0.042708333333333334 0.40972222222222227 0.016666666666666666 0.03425925925925926
0 0.196875 0.41111111111111115 0.017708333333333333 0.03518518518518519
0 0.22552083333333334 0.3805555555555556 0.016666666666666666 0.03518518518518519
0 0.21510416666666665 0.5995370370370371 0.020833333333333332 0.05092592592592593
0 0.2171875 0.6814814814814815 0.025 0.05
0 0.30390625 0.5481481481481482 0.0171875 0.04259259259259259
0 0.31171875 0.5638888888888889 0.01614583333333333 0.03333333333333333
0 0.39947916666666666 0.5166666666666667 0.017708333333333333 0.04814814814814815
0 0.42421875 0.40324074074074073 0.01614583333333333 0.03425925925925926
0 0.4359375 0.48888888888888893 0.019791666666666666 0.037037037037037035
0 0.47031249999999997 0.47685185185185186 0.017708333333333333 0.03888888888888889
0 0.28515625 0.8245370370370371 0.024479166666666666 0.03796296296296296
0 0.3177083333333333 0.7694444444444445 0.021875 0.044444444444444446
0 0.3359375 0.8810185185185185 0.026041666666666668 0.05277777777777778
0 0.4861979166666667 0.8157407407407408 0.028645833333333332 0.05555555555555556
0 0.4700520833333333 0.6944444444444444 0.022395833333333334 0.04259259259259259
0 0.46848958333333335 0.8814814814814815 0.0296875 0.06481481481481481
0 0.54609375 0.712037037037037 0.0234375 0.0462962962962963
0 0.5903645833333333 0.7398148148148148 0.028645833333333332 0.05555555555555556
0 0.6216145833333333 0.7277777777777779 0.0296875 0.05555555555555556
0 0.7333333333333333 0.7194444444444444 0.028125 0.05
0 0.5505208333333333 0.43842592592592594 0.016666666666666666 0.030555555555555558
0 0.56953125 0.4430555555555556 0.015104166666666667 0.030555555555555558
0 0.8359375 0.7388888888888889 0.02395833333333333 0.0462962962962963
0 0.8135416666666666 0.7606481481481482 0.025 0.04722222222222222
0 0.9744791666666667 0.7000000000000001 0.02395833333333333 0.053703703703703705
0 0.9880208333333333 0.6425925925925926 0.022916666666666665 0.05185185185185186
0 0.9122395833333333 0.6606481481481482 0.04010416666666666 0.08055555555555556
0 0.9958333333333333 0.799537037037037 0.015625 0.05092592592592593
0 0.3578125 0.9787037037037037 0.021875 0.03518518518518519
