0 0.04739583333333333 0.24583333333333335 0.016666666666666666 0.030555555555555558
0 0.021354166666666667 0.28240740740740744 0.020833333333333332 0.03888888888888889
0 0.04244791666666667 0.4166666666666667 0.022395833333333334 0.04259259259259259
0 0.19505208333333332 0.4041666666666667 0.019270833333333334 0.03425925925925926
0 0.22630208333333332 0.37453703703703706 0.019270833333333334 0.03796296296296296
0 0.41328125 0.3995370370370371 0.018229166666666668 0.03796296296296296
0 0.21770833333333334 0.6111111111111112 0.03125 0.05555555555555556
0 0.22421875 0.6902777777777778 0.0328125 0.05277777777777778
0 0.3046875 0.5689814814814815 0.020833333333333332 0.032407407407407406
0 0.29401041666666666 0.5541666666666667 0.024479166666666666 0.04351851851851852
0 0.38776041666666666 0.5199074074074074 0.019270833333333334 0.04537037037037037
0 0.440625 0.4912037037037037 0.022916666666666665 0.04722222222222222
0 0.4739583333333333 0.475462962962963 0.021875 0.04166666666666667
0 0.5497395833333333 0.4430555555555556 0.0234375 0.03981481481481482
0 0.5700520833333333 0.4416666666666667 0.0203125 0.03518518518518519
0 0.46015625 0.6824074074074075 0.024479166666666666 0.04814814814814815
0 0.5403645833333334 0.712037037037037 0.028645833333333332 0.05185185185185186
0 0.3221354166666667 0.774537037037037 0.03177083333333333 0.05462962962962963
0 0.28984375 0.8310185185185186 0.027604166666666666 0.04722222222222222
0 0.33619791666666665 0.8861111111111112 0.025520833333333333 0.061111111111111116
0 0.3609375 0.9787037037037037 0.020833333333333332 0.040740740740740744
0 0.47369791666666666 0.8768518518518519 0.0296875 0.06851851851851852
0 0.4901041666666667 0.8148148148148149 0.03958333333333333 0.07407407407407407
0 0.58515625 0.7398148148148148 0.03697916666666667 0.06851851851851852
0 0.6161458333333333 0.7231481481481482 0.035416666666666666 0.06666666666666667
0 0.7244791666666667 0.7189814814814816 0.029166666666666667 0.058333333333333334
0 0.82265625 0.7671296296296296 0.0265625 0.05277777777777778
0 0.84609375 0.7412037037037037 0.024479166666666666 0.05092592592592593
0 0.8997395833333334 0.6662037037037037 0.0484375 0.08425925925925926
0 0.9604166666666667 0.6893518518518519 0.028125 0.06018518518518519
0 0.9799479166666667 0.6370370370370371 0.0265625 0.053703703703703705
