0 0.030208333333333334 0.23472222222222222 0.016666666666666666 0.036111111111111115
0 0.005729166666666666 0.2513888888888889 0.011458333333333333 0.03796296296296296
0 0.02265625 0.28703703703703703 0.0171875 0.03518518518518519
0 0.03958333333333333 0.4101851851851852 0.01875 0.03518518518518519
0 0.18880208333333334 0.39490740740740743 0.019270833333333334 0.03981481481481482
0 0.21692708333333333 0.36388888888888893 0.022395833333333334 0.0462962962962963
0 0.38567708333333334 0.3888888888888889 0.022395833333333334 0.040740740740740744
0 0.5518229166666666 0.4430555555555556 0.0203125 0.03796296296296296
0 0.57734375 0.4513888888888889 0.018229166666666668 0.04166666666666667
0 0.45703125 0.500925925925926 0.0265625 0.04814814814814815
0 0.47630208333333335 0.48240740740740745 0.018229166666666668 0.04259259259259259
0 0.3515625 0.524537037037037 0.020833333333333332 0.05277777777777778
0 0.26276041666666666 0.5787037037037037 0.021354166666666667 0.0462962962962963
0 0.27447916666666666 0.5925925925925926 0.020833333333333332 0.037037037037037035
0 0.21276041666666667 0.6467592592592593 0.0265625 0.05462962962962963
0 0.24192708333333332 0.7143518518518519 0.028645833333333332 0.05277777777777778
0 0.32526041666666666 0.7949074074074074 0.027604166666666666 0.05648148148148149
0 0.43906249999999997 0.650462962962963 0.02395833333333333 0.04722222222222222
0 0.5283854166666666 0.7171296296296297 0.025520833333333333 0.05277777777777778
0 0.5065104166666666 0.8180555555555555 0.030729166666666665 0.06759259259259259
0 0.5705729166666667 0.7458333333333333 0.033854166666666664 0.06574074074074074
0 0.60078125 0.7310185185185185 0.0359375 0.06574074074074074
0 0.4890625 0.875462962962963 0.0375 0.0712962962962963
0 0.34348958333333335 0.8921296296296297 0.030729166666666665 0.05462962962962963
0 0.2973958333333333 0.8532407407407407 0.030208333333333334 0.05462962962962963
0 0.7033854166666667 0.7282407407407407 0.03802083333333333 0.07314814814814816
0 0.8580729166666666 0.688425925925926 0.0421875 0.09907407407407408
0 0.928125 0.6717592592592593 0.02395833333333333 0.06018518518518519
0 0.94765625 0.6287037037037038 0.027604166666666666 0.04814814814814815
