0 0.0375 0.2388888888888889 0.013541666666666667 0.022222222222222223
0 0.019791666666666666 0.28240740740740744 0.014583333333333334 0.031481481481481485
0 0.22239583333333332 0.3712962962962963 0.017708333333333333 0.03888888888888889
0 0.19401041666666666 0.40092592592592596 0.015104166666666667 0.03333333333333333
0 0.04010416666666666 0.41203703703703703 0.017708333333333333 0.031481481481481485
0 0.21536458333333333 0.6236111111111111 0.019270833333333334 0.05277777777777778
0 0.28229166666666666 0.5625 0.017708333333333333 0.04351851851851852
0 0.2908854166666667 0.5750000000000001 0.015104166666666667 0.031481481481481485
0 0.371875 0.5217592592592593 0.017708333333333333 0.04351851851851852
0 0.22994791666666667 0.701388888888889 0.022395833333333334 0.04722222222222222
0 0.321875 0.7837962962962963 0.022916666666666665 0.04722222222222222
0 0.29010416666666666 0.8361111111111111 0.022916666666666665 0.04259259259259259
0 0.3377604166666667 0.8870370370370371 0.024479166666666666 0.05
0 0.4791666666666667 0.8791666666666667 0.030208333333333334 0.062037037037037036
0 0.4984375 0.8175925925925926 0.026041666666666668 0.06296296296296297
0 0.44947916666666665 0.6782407407407408 0.021875 0.04537037037037037
0 0.5356770833333333 0.7199074074074074 0.024479166666666666 0.05092592592592593
0 0.5791666666666666 0.7449074074074075 0.03125 0.058333333333333334
0 0.6072916666666667 0.7305555555555556 0.028125 0.06666666666666667
0 0.3997395833333333 0.39583333333333337 0.01614583333333333 0.03796296296296296
0 0.4484375 0.4967592592592593 0.017708333333333333 0.03796296296296296
0 0.475 0.47731481481481486 0.017708333333333333 0.03796296296296296
0 0.5497395833333333 0.44212962962962965 0.0140625 0.03425925925925926
0 0.5739583333333333 0.4476851851851852 0.015625 0.030555555555555558
0 0.96640625 0.6398148148148148 0.025520833333333333 0.05
0 0.9471354166666667 0.6828703703703703 0.024479166666666666 0.049074074074074076
0 0.8820312499999999 0.674074074074074 0.03697916666666667 0.07962962962962963
0 0.8507812499999999 0.750925925925926 0.018229166666666668 0.0462962962962963
0 0.8354166666666667 0.7805555555555556 0.028125 0.040740740740740744
0 0.7153645833333333 0.7245370370370371 0.0265625 0.05092592592592593
0 0.37083333333333335 0.9828703703703704 0.028125 0.028703703703703703
