0 0.027604166666666666 0.23240740740740742 0.014583333333333334 0.031481481481481485
0 0.010677083333333334 0.25277777777777777 0.01614583333333333 0.031481481481481485
0 0.022916666666666665 0.2884259259259259 0.016666666666666666 0.032407407407407406
0 0.039322916666666666 0.40694444444444444 0.0203125 0.03425925925925926
0 0.18515625 0.3902777777777778 0.01614583333333333 0.03425925925925926
0 0.21145833333333333 0.3625 0.017708333333333333 0.03425925925925926
0 0.3770833333333333 0.3842592592592593 0.016666666666666666 0.037037037037037035
0 0.34140625 0.5273148148148148 0.0171875 0.04351851851851852
0 0.25078125 0.5865740740740741 0.019270833333333334 0.04537037037037037
0 0.2671875 0.6 0.017708333333333333 0.037037037037037035
0 0.21432291666666667 0.6537037037037037 0.0234375 0.05185185185185186
0 0.2453125 0.7231481481481482 0.022916666666666665 0.05555555555555556
0 0.4309895833333333 0.6416666666666667 0.024479166666666666 0.0462962962962963
0 0.46119791666666665 0.5050925925925926 0.018229166666666668 0.04351851851851852
0 0.475 0.48194444444444445 0.017708333333333333 0.036111111111111115
0 0.5515625 0.4439814814814815 0.016666666666666666 0.036111111111111115
0 0.5791666666666666 0.4513888888888889 0.01875 0.03796296296296296
0 0.5239583333333333 0.7203703703703704 0.022916666666666665 0.04814814814814815
0 0.5669270833333333 0.7435185185185186 0.0296875 0.05555555555555556
0 0.5958333333333333 0.7300925925925926 0.027083333333333334 0.058333333333333334
0 0.6979166666666666 0.7263888888888889 0.029166666666666667 0.05277777777777778
0 0.84140625 0.7018518518518518 0.03697916666666667 0.07962962962962963
0 0.5106770833333333 0.8175925925925926 0.03177083333333333 0.06481481481481481
0 0.4940104166666667 0.8893518518518518 0.0328125 0.07685185185185185
0 0.921875 0.6657407407407407 0.027083333333333334 0.05925925925925926
0 0.93828125 0.6282407407407408 0.024479166666666666 0.05092592592592593
0 0.33151041666666664 0.799537037037037 0.0296875 0.058333333333333334
0 0.3 0.862037037037037 0.021875 0.0462962962962963
0 0.34791666666666665 0.8930555555555556 0.028125 0.058333333333333334
