0 0.019010416666666665 0.22175925925925927 0.01614583333333333 0.028703703703703703
0 0.05625 0.25972222222222224 0.016666666666666666 0.028703703703703703
0 0.02578125 0.29305555555555557 0.01614583333333333 0.03425925925925926
0 0.17864583333333334 0.3615740740740741 0.014583333333333334 0.030555555555555558
0 0.20598958333333334 0.337037037037037 0.015104166666666667 0.031481481481481485
0 0.3299479166666667 0.3652777777777778 0.019270833333333334 0.03425925925925926
0 0.05859375 0.3912037037037037 0.0203125 0.03981481481481482
0 0.22578125 0.6222222222222222 0.0203125 0.040740740740740744
0 0.24270833333333333 0.6319444444444444 0.015625 0.03981481481481482
0 0.2903645833333333 0.5574074074074075 0.019270833333333334 0.0462962962962963
0 0.24401041666666667 0.6893518518518519 0.0234375 0.04351851851851852
0 0.25104166666666666 0.7699074074074075 0.026041666666666668 0.05462962962962963
0 0.4005208333333333 0.5972222222222222 0.022916666666666665 0.0462962962962963
0 0.35859375 0.8388888888888889 0.024479166666666666 0.05555555555555556
0 0.34348958333333335 0.8962962962962964 0.021354166666666667 0.0462962962962963
0 0.36875 0.8962962962962964 0.027083333333333334 0.053703703703703705
0 0.5234375 0.8861111111111112 0.03854166666666667 0.07592592592592592
0 0.5354166666666667 0.8199074074074074 0.03125 0.058333333333333334
0 0.5390625 0.7421296296296297 0.026041666666666668 0.05277777777777778
0 0.5692708333333333 0.7356481481481482 0.029166666666666667 0.05277777777777778
0 0.49166666666666664 0.712037037037037 0.026041666666666668 0.0462962962962963
0 0.4674479166666667 0.525 0.018229166666666668 0.03888888888888889
0 0.50234375 0.48194444444444445 0.015104166666666667 0.032407407407407406
0 0.5549479166666667 0.4462962962962963 0.01614583333333333 0.040740740740740744
0 0.5825520833333333 0.4481481481481482 0.0140625 0.037037037037037035
0 0.7791666666666667 0.6949074074074074 0.0375 0.06759259259259259
0 0.6677083333333333 0.7300925925925926 0.028125 0.04722222222222222
0 0.8635416666666667 0.6328703703703704 0.019791666666666666 0.05092592592592593
0 0.8924479166666667 0.5972222222222222 0.0234375 0.05
0 0.92578125 0.725 0.021354166666666667 0.0462962962962963
0 0.9166666666666666 0.8203703703703704 0.026041666666666668 0.05
0 0.9606770833333333 0.6574074074074074 0.030729166666666665 0.06481481481481481
0 0.9729166666666667 0.5824074074074075 0.035416666666666666 0.061111111111111116
0 0.484375 0.5657407407407408 0.011458333333333333 0.024074074074074074
