0 0.004427083333333333 0.2138888888888889 0.008854166666666666 0.02962962962962963
0 0.025260416666666667 0.2800925925925926 0.011979166666666666 0.025
0 0.07239583333333333 0.275 0.015625 0.031481481481481485
0 0.06276041666666667 0.38287037037037036 0.0203125 0.030555555555555558
0 0.1734375 0.34814814814814815 0.0125 0.02962962962962963
0 0.19583333333333333 0.3226851851851852 0.01875 0.032407407407407406
0 0.2950520833333333 0.3523148148148148 0.0171875 0.03425925925925926
0 0.26015625 0.5814814814814815 0.0203125 0.0462962962962963
0 0.22708333333333333 0.6601851851851852 0.020833333333333332 0.040740740740740744
0 0.20208333333333334 0.6532407407407408 0.026041666666666668 0.03981481481481482
0 0.23463541666666665 0.7199074074074074 0.0234375 0.049074074074074076
0 0.27578125 0.7949074074074074 0.0265625 0.05277777777777778
0 0.39427083333333335 0.5578703703703703 0.025 0.03981481481481482
0 0.35390625 0.8958333333333334 0.022395833333333334 0.05462962962962963
0 0.384375 0.9009259259259259 0.025 0.05740740740740741
0 0.3755208333333333 0.8462962962962963 0.021875 0.053703703703703705
0 0.5497395833333333 0.8902777777777778 0.034895833333333334 0.06944444444444445
0 0.55859375 0.8231481481481482 0.0390625 0.06851851851851852
0 0.521875 0.7407407407407408 0.03229166666666666 0.053703703703703705
0 0.5502604166666667 0.7416666666666667 0.024479166666666666 0.07037037037037037
0 0.64375 0.7328703703703704 0.026041666666666668 0.04722222222222222
0 0.74140625 0.7060185185185186 0.030729166666666665 0.062037037037037036
0 0.4497395833333333 0.6796296296296297 0.0265625 0.05185185185185186
0 0.48854166666666665 0.5416666666666667 0.020833333333333332 0.040740740740740744
0 0.5143229166666666 0.5898148148148148 0.013020833333333334 0.02962962962962963
0 0.5278645833333333 0.5041666666666667 0.022395833333333334 0.03981481481481482
0 0.5578125 0.4444444444444445 0.015625 0.040740740740740744
0 0.5854166666666667 0.4481481481481482 0.016666666666666666 0.02962962962962963
0 0.8302083333333333 0.6171296296296297 0.019791666666666666 0.05092592592592593
0 0.85703125 0.5768518518518518 0.022395833333333334 0.0462962962962963
0 0.9265625 0.5916666666666667 0.03229166666666666 0.05
0 0.91796875 0.675462962962963 0.028645833333333332 0.05277777777777778
0 0.8755208333333333 0.7055555555555556 0.025 0.04814814814814815
0 0.9005208333333333 0.6773148148148148 0.017708333333333333 0.05462962962962963
