0 0.0036458333333333334 0.2125 0.007291666666666667 0.032407407407407406
0 0.026302083333333334 0.28101851851851856 0.015104166666666667 0.028703703703703703
0 0.08307291666666666 0.2833333333333333 0.019270833333333334 0.02962962962962963
0 0.06276041666666667 0.3824074074074074 0.019270833333333334 0.03333333333333333
0 0.16796875 0.34074074074074073 0.01614583333333333 0.031481481481481485
0 0.18854166666666666 0.31342592592592594 0.015625 0.028703703703703703
0 0.19895833333333332 0.6699074074074074 0.02395833333333333 0.03981481481481482
0 0.22369791666666666 0.6699074074074074 0.015104166666666667 0.03981481481481482
0 0.26197916666666665 0.5976851851851852 0.017708333333333333 0.04722222222222222
0 0.2375 0.7375 0.022916666666666665 0.05277777777777778
0 0.2895833333333333 0.8087962962962963 0.027083333333333334 0.05462962962962963
0 0.3575520833333333 0.9032407407407408 0.0234375 0.05462962962962963
0 0.38203125 0.8439814814814816 0.0203125 0.05462962962962963
0 0.3890625 0.9023148148148149 0.026041666666666668 0.05092592592592593
0 0.5596354166666666 0.8925925925925926 0.03802083333333333 0.07592592592592592
0 0.6359375 0.7342592592592593 0.025 0.04259259259259259
0 0.5666666666666667 0.8203703703703704 0.040625 0.061111111111111116
0 0.7244791666666667 0.7203703703703704 0.030208333333333334 0.05555555555555556
0 0.5151041666666667 0.7449074074074075 0.028125 0.049074074074074076
0 0.5463541666666667 0.7412037037037037 0.030208333333333334 0.05277777777777778
0 0.2828125 0.35185185185185186 0.017708333333333333 0.037037037037037035
0 0.39088541666666665 0.5504629629629629 0.024479166666666666 0.049074074074074076
0 0.4984375 0.5458333333333334 0.021875 0.03981481481481482
0 0.5299479166666666 0.6023148148148149 0.015104166666666667 0.028703703703703703
0 0.5411458333333333 0.5111111111111112 0.019791666666666666 0.04259259259259259
0 0.5575520833333333 0.4449074074074074 0.015104166666666667 0.03796296296296296
0 0.5854166666666667 0.4467592592592593 0.015625 0.030555555555555558
0 0.4361979166666667 0.6671296296296296 0.021354166666666667 0.04166666666666667
0 0.81796875 0.6097222222222223 0.024479166666666666 0.04351851851851852
0 0.8421875 0.5671296296296297 0.021875 0.04351851851851852
0 0.9114583333333334 0.5967592592592593 0.03125 0.05462962962962963
0 0.9 0.6796296296296297 0.025 0.053703703703703705
0 0.88359375 0.6685185185185185 0.019270833333333334 0.05
0 0.859375 0.6953703703703704 0.026041666666666668 0.05
0 0.98671875 0.6958333333333334 0.0265625 0.08611111111111111
