0 0.64375 0.9194444444444445 0.025 0.05
0 0.49296875 0.7615740740740741 0.019270833333333334 0.05092592592592593
0 0.4591145833333333 0.28101851851851856 0.0109375 0.028703703703703703
0 0.678125 0.05 0.011458333333333333 0.02962962962962963
0 0.29010416666666666 0.562962962962963 0.019791666666666666 0.03888888888888889
0 0.5841145833333333 0.027314814814814816 0.011979166666666666 0.028703703703703703
0 0.3893229166666667 0.9162037037037037 0.0203125 0.05092592592592593
0 0.7143229166666667 0.15324074074074073 0.011979166666666666 0.03425925925925926
0 0.5908854166666666 0.9365740740740741 0.0296875 0.075
0 0.19713541666666667 0.5944444444444444 0.019270833333333334 0.037037037037037035
0 0.6606770833333333 0.08564814814814815 0.011979166666666666 0.032407407407407406
0 0.07994791666666666 0.9157407407407407 0.019270833333333334 0.044444444444444446
0 0.3770833333333333 0.6675925925925926 0.020833333333333332 0.044444444444444446
0 0.61171875 0.03657407407407408 0.009895833333333333 0.025
0 0.31354166666666666 0.8435185185185186 0.020833333333333332 0.04814814814814815
0 0.7421875 0.04490740740740741 0.011458333333333333 0.025
0 0.48125 0.010648148148148148 0.010416666666666666 0.017592592592592594
0 0.4627604166666667 0.011111111111111112 0.013020833333333334 0.022222222222222223
0 0.9528645833333333 0.06527777777777778 0.013020833333333334 0.025
