0 0.3296875 0.40740740740740744 0.016666666666666666 0.03518518518518519
0 0.36692708333333335 0.8907407407407407 0.028645833333333332 0.053703703703703705
0 0.6135416666666667 0.7717592592592593 0.021875 0.04537037037037037
0 0.5658854166666667 0.7925925925925926 0.021354166666666667 0.05
0 0.07734375 0.7356481481481482 0.0203125 0.04166666666666667
0 0.5651041666666666 0.0638888888888889 0.011458333333333333 0.03333333333333333
0 0.35052083333333334 0.6791666666666667 0.020833333333333332 0.04722222222222222
0 0.7528645833333333 0.21851851851851853 0.011979166666666666 0.03518518518518519
0 0.24973958333333332 0.4759259259259259 0.019270833333333334 0.03518518518518519
0 0.671875 0.10324074074074074 0.011458333333333333 0.032407407407407406
0 0.46171875 0.04953703703703704 0.0109375 0.026851851851851852
0 0.4752604166666667 0.2087962962962963 0.011979166666666666 0.028703703703703703
0 0.44635416666666666 0.06064814814814815 0.009375 0.026851851851851852
0 0.5135416666666667 0.6236111111111111 0.015625 0.03981481481481482
0 0.4153645833333333 0.5375 0.015104166666666667 0.036111111111111115
0 0.5924479166666666 0.07175925925925926 0.009895833333333333 0.030555555555555558
0 0.4622395833333333 0.8814814814814815 0.021354166666666667 0.04814814814814815
0 0.5049479166666666 0.925 0.025520833333333333 0.05925925925925926
0 0.5111979166666667 0.009259259259259259 0.008854166666666666 0.018518518518518517
0 0.9520833333333333 0.07314814814814816 0.0125 0.020370370370370372
0 0.7421875 0.08240740740740742 0.011458333333333333 0.02962962962962963
0 0.6739583333333333 0.1425925925925926 0.015625 0.02962962962962963
