0 0.60234375 0.7134259259259259 0.0234375 0.04722222222222222
0 0.33697916666666666 0.3462962962962963 0.015625 0.031481481481481485
0 0.3541666666666667 0.8847222222222223 0.025 0.049074074074074076
0 0.7739583333333333 0.2564814814814815 0.015625 0.03888888888888889
0 0.55859375 0.7375 0.0203125 0.05277777777777778
0 0.27265625 0.42453703703703705 0.018229166666666668 0.036111111111111115
0 0.07708333333333334 0.6611111111111111 0.01875 0.03888888888888889
0 0.37421875 0.6111111111111112 0.018229166666666668 0.044444444444444446
0 0.5630208333333333 0.08425925925925926 0.011458333333333333 0.03333333333333333
0 0.515625 0.5652777777777778 0.015625 0.036111111111111115
0 0.6645833333333333 0.13055555555555556 0.0125 0.031481481481481485
0 0.48203124999999997 0.1787037037037037 0.009895833333333333 0.02592592592592593
0 0.7411458333333333 0.09907407407407408 0.0125 0.024074074074074074
0 0.5 0.8569444444444445 0.025 0.05648148148148149
0 0.43046875 0.4828703703703704 0.01614583333333333 0.036111111111111115
0 0.04114583333333333 0.8824074074074074 0.025 0.05740740740740741
0 0.68359375 0.17083333333333334 0.0109375 0.030555555555555558
0 0.4614583333333333 0.8 0.020833333333333332 0.0462962962962963
0 0.4518229166666667 0.07546296296296297 0.018229166666666668 0.036111111111111115
0 0.43776041666666665 0.08425925925925926 0.013020833333333334 0.02777777777777778
0 0.5028645833333333 0.025 0.013020833333333334 0.02777777777777778
0 0.5854166666666667 0.09074074074074075 0.010416666666666666 0.02777777777777778
0 0.6018229166666667 0.009722222222222222 0.008854166666666666 0.015740740740740743
0 0.9528645833333333 0.07361111111111111 0.015104166666666667 0.025
