0 0.6213541666666667 0.7953703703703704 0.021875 0.0462962962962963
0 0.6716145833333333 0.09583333333333334 0.011979166666666666 0.028703703703703703
0 0.325 0.4240740740740741 0.017708333333333333 0.03518518518518519
0 0.56796875 0.8185185185185185 0.024479166666666666 0.061111111111111116
0 0.3729166666666667 0.8930555555555556 0.028125 0.049074074074074076
0 0.7463541666666667 0.21064814814814817 0.0125 0.03796296296296296
0 0.4119791666666667 0.5541666666666667 0.016666666666666666 0.03981481481481482
0 0.24010416666666667 0.487962962962963 0.01875 0.037037037037037035
0 0.5671875 0.06064814814814815 0.011458333333333333 0.032407407407407406
0 0.08307291666666666 0.7592592592592593 0.018229166666666668 0.04259259259259259
0 0.5130208333333334 0.6421296296296296 0.019791666666666666 0.04722222222222222
0 0.5065104166666666 0.9458333333333334 0.027604166666666666 0.06759259259259259
0 0.73984375 0.07824074074074075 0.0109375 0.025
0 0.5950520833333334 0.06620370370370371 0.008854166666666666 0.025
0 0.3403645833333333 0.6939814814814815 0.019270833333333334 0.04537037037037037
0 0.9518229166666666 0.07175925925925926 0.013020833333333334 0.019444444444444445
0 0.46171875 0.913888888888889 0.024479166666666666 0.07407407407407407
0 0.6705729166666666 0.13611111111111113 0.0140625 0.031481481481481485
0 0.5130208333333334 0.007870370370370371 0.010416666666666666 0.015740740740740743
0 0.4473958333333333 0.04861111111111111 0.0125 0.02314814814814815
0 0.46328125 0.04027777777777778 0.013020833333333334 0.03425925925925926
0 0.4731770833333333 0.21851851851851853 0.013020833333333334 0.02777777777777778
