0 0.5111979166666667 0.6967592592592593 0.0234375 0.05092592592592593
0 0.5838541666666667 0.5537037037037037 0.021875 0.04259259259259259
0 0.3536458333333333 0.20694444444444446 0.014583333333333334 0.028703703703703703
0 0.303125 0.3078703703703704 0.014583333333333334 0.032407407407407406
0 0.42343749999999997 0.44953703703703707 0.016666666666666666 0.04166666666666667
0 0.66953125 0.24722222222222223 0.013020833333333334 0.031481481481481485
0 0.5671875 0.04398148148148148 0.009375 0.026851851851851852
0 0.5880208333333333 0.05555555555555556 0.011458333333333333 0.02962962962962963
0 0.29296875 0.8810185185185185 0.025520833333333333 0.04537037037037037
0 0.53203125 0.4365740740740741 0.018229166666666668 0.04351851851851852
0 0.43828125 0.16666666666666669 0.011979166666666666 0.031481481481481485
0 0.5442708333333334 0.15 0.0125 0.037037037037037035
0 0.13515625 0.6791666666666667 0.021354166666666667 0.049074074074074076
0 0.4747395833333333 0.08564814814814815 0.008854166666666666 0.025
0 0.0625 0.4916666666666667 0.014583333333333334 0.03333333333333333
0 0.8666666666666667 0.3800925925925926 0.016666666666666666 0.04166666666666667
0 0.7510416666666666 0.17731481481481481 0.0125 0.028703703703703703
0 0.4421875 0.5962962962962963 0.019791666666666666 0.04259259259259259
0 0.09453125 0.7087962962962964 0.021354166666666667 0.05277777777777778
0 0.46901041666666665 0.35185185185185186 0.0140625 0.03333333333333333
0 0.42083333333333334 0.17453703703703705 0.0125 0.03425925925925926
0 0.5330729166666667 0.5736111111111112 0.022395833333333334 0.04351851851851852
0 0.5703125 0.1550925925925926 0.010416666666666666 0.028703703703703703
0 0.53203125 0.03796296296296296 0.015104166666666667 0.02962962962962963
0 0.5010416666666666 0.10972222222222222 0.010416666666666666 0.025
0 0.7317708333333334 0.28194444444444444 0.016666666666666666 0.036111111111111115
0 0.9502604166666666 0.08888888888888889 0.015104166666666667 0.02777777777777778
