0 0.6088541666666667 0.7518518518518519 0.026041666666666668 0.05
0 0.759375 0.23287037037037037 0.014583333333333334 0.03425925925925926
0 0.5653645833333333 0.7768518518518519 0.025520833333333333 0.06296296296296297
0 0.3619791666666667 0.8907407407407407 0.030208333333333334 0.05740740740740741
0 0.33098958333333334 0.38287037037037036 0.0171875 0.03425925925925926
0 0.6703125 0.11203703703703705 0.011458333333333333 0.03333333333333333
0 0.25729166666666664 0.45740740740740743 0.019791666666666666 0.037037037037037035
0 0.07421875 0.7064814814814815 0.019270833333333334 0.03888888888888889
0 0.3598958333333333 0.6597222222222222 0.01875 0.04537037037037037
0 0.5625 0.07037037037037037 0.010416666666666666 0.03333333333333333
0 0.5151041666666667 0.6060185185185185 0.017708333333333333 0.036111111111111115
0 0.47604166666666664 0.19814814814814816 0.011458333333333333 0.02777777777777778
0 0.4458333333333333 0.06805555555555556 0.010416666666666666 0.030555555555555558
0 0.4596354166666667 0.05925925925925926 0.0109375 0.02962962962962963
0 0.4203125 0.5162037037037037 0.0125 0.03425925925925926
0 0.46041666666666664 0.8606481481481482 0.022916666666666665 0.06574074074074074
0 0.67578125 0.1486111111111111 0.013020833333333334 0.03425925925925926
0 0.5083333333333333 0.012037037037037037 0.010416666666666666 0.024074074074074074
0 0.5018229166666667 0.9097222222222222 0.024479166666666666 0.06944444444444445
0 0.5890625 0.07777777777777778 0.008333333333333333 0.024074074074074074
0 0.9510416666666667 0.07268518518518519 0.0125 0.019444444444444445
0 0.017708333333333333 0.9291666666666667 0.025 0.05648148148148149
0 0.7419270833333333 0.09583333333333334 0.013020833333333334 0.02314814814814815
