0 0.35625 0.20324074074074075 0.013541666666666667 0.030555555555555558
0 0.5114583333333333 0.6907407407407408 0.022916666666666665 0.04814814814814815
0 0.28541666666666665 0.8870370370370371 0.030208333333333334 0.05185185185185186
0 0.5833333333333334 0.5444444444444445 0.021875 0.04259259259259259
0 0.42552083333333335 0.4375 0.01875 0.03796296296296296
0 0.30364583333333334 0.3027777777777778 0.016666666666666666 0.03333333333333333
0 0.5341145833333333 0.4291666666666667 0.018229166666666668 0.04537037037037037
0 0.6721354166666667 0.25277777777777777 0.011979166666666666 0.02777777777777778
0 0.5669270833333333 0.04722222222222222 0.009895833333333333 0.02592592592592593
0 0.09739583333333333 0.6962962962962963 0.019791666666666666 0.044444444444444446
0 0.06145833333333333 0.48750000000000004 0.013541666666666667 0.032407407407407406
0 0.7518229166666667 0.18333333333333335 0.0140625 0.03333333333333333
0 0.13958333333333334 0.6731481481481482 0.020833333333333332 0.05
0 0.5869791666666666 0.06018518518518519 0.010416666666666666 0.02777777777777778
0 0.87265625 0.3888888888888889 0.01614583333333333 0.04259259259259259
0 0.43984375 0.5907407407407408 0.019270833333333334 0.0462962962962963
0 0.47031249999999997 0.3453703703703704 0.0125 0.02962962962962963
0 0.4205729166666667 0.1787037037037037 0.009895833333333333 0.02777777777777778
0 0.43776041666666665 0.17222222222222222 0.011979166666666666 0.03333333333333333
0 0.47161458333333334 0.09027777777777778 0.0078125 0.02314814814814815
0 0.5427083333333333 0.15416666666666667 0.0125 0.03425925925925926
0 0.5309895833333333 0.563425925925926 0.024479166666666666 0.04166666666666667
0 0.5692708333333333 0.16111111111111112 0.010416666666666666 0.02962962962962963
0 0.5283854166666666 0.04120370370370371 0.013020833333333334 0.032407407407407406
0 0.503125 0.11064814814814815 0.011458333333333333 0.026851851851851852
0 0.7341145833333333 0.2898148148148148 0.018229166666666668 0.03888888888888889
0 0.9486979166666667 0.09027777777777778 0.013020833333333334 0.025
