0 0.58203125 0.5287037037037037 0.022395833333333334 0.040740740740740744
0 0.4322916666666667 0.4203703703703704 0.016666666666666666 0.03888888888888889
0 0.35859375 0.1953703703703704 0.0140625 0.02962962962962963
0 0.6763020833333333 0.26805555555555555 0.0140625 0.030555555555555558
0 0.30833333333333335 0.2962962962962963 0.016666666666666666 0.031481481481481485
0 0.5111979166666667 0.6759259259259259 0.025520833333333333 0.05
0 0.10833333333333334 0.6759259259259259 0.020833333333333332 0.04814814814814815
0 0.5375 0.16574074074074074 0.0125 0.03518518518518519
0 0.26796875 0.8972222222222223 0.030729166666666665 0.05555555555555556
0 0.8893229166666666 0.4 0.018229166666666668 0.05
0 0.46901041666666665 0.09444444444444444 0.008854166666666666 0.024074074074074074
0 0.5869791666666666 0.07037037037037037 0.011458333333333333 0.02962962962962963
0 0.471875 0.33240740740740743 0.0125 0.03333333333333333
0 0.053906249999999996 0.46990740740740744 0.01614583333333333 0.03425925925925926
0 0.5361979166666666 0.41435185185185186 0.018229166666666668 0.04537037037037037
0 0.14713541666666666 0.6458333333333334 0.022395833333333334 0.04351851851851852
0 0.75625 0.19444444444444445 0.0125 0.02962962962962963
0 0.43828125 0.18796296296296297 0.013020833333333334 0.031481481481481485
0 0.5309895833333333 0.549537037037037 0.0171875 0.03796296296296296
0 0.5658854166666667 0.17175925925925928 0.0109375 0.030555555555555558
0 0.43255208333333334 0.5745370370370371 0.0203125 0.04722222222222222
0 0.4192708333333333 0.19490740740740742 0.011458333333333333 0.030555555555555558
0 0.740625 0.300462962962963 0.015625 0.032407407407407406
0 0.4953125 0.008333333333333333 0.007291666666666667 0.016666666666666666
0 0.5625 0.008796296296296297 0.010416666666666666 0.01388888888888889
0 0.5661458333333333 0.06064814814814815 0.0125 0.026851851851851852
0 0.52734375 0.044444444444444446 0.0140625 0.02962962962962963
0 0.5015625 0.09444444444444444 0.010416666666666666 0.020370370370370372
0 0.9479166666666666 0.09027777777777778 0.011458333333333333 0.026851851851851852
