0 0.6377604166666666 0.8412037037037038 0.021354166666666667 0.05092592592592593
0 0.5692708333333333 0.8671296296296297 0.02395833333333333 0.05648148148148149
0 0.3104166666666667 0.4847222222222222 0.01875 0.03796296296296296
0 0.46458333333333335 0.2449074074074074 0.011458333333333333 0.026851851851851852
0 0.67265625 0.07222222222222223 0.011979166666666666 0.031481481481481485
0 0.22265625 0.5328703703703704 0.0203125 0.036111111111111115
0 0.38828125 0.9041666666666667 0.022395833333333334 0.05092592592592593
0 0.50078125 0.6912037037037038 0.0203125 0.05092592592592593
0 0.3307291666666667 0.763425925925926 0.021875 0.05092592592592593
0 0.08463541666666667 0.8175925925925926 0.0171875 0.03888888888888889
0 0.4015625 0.6050925925925926 0.016666666666666666 0.04166666666666667
0 0.7372395833333333 0.059722222222222225 0.0109375 0.028703703703703703
0 0.7276041666666666 0.18703703703703706 0.010416666666666666 0.02962962962962963
0 0.45234375 0.9638888888888889 0.025520833333333333 0.06481481481481481
0 0.5059895833333333 0.9787037037037037 0.0296875 0.03888888888888889
0 0.6044270833333333 0.05416666666666667 0.009895833333333333 0.026851851851851852
0 0.5778645833333333 0.04583333333333334 0.013020833333333334 0.032407407407407406
0 0.4536458333333333 0.03194444444444445 0.011458333333333333 0.026851851851851852
0 0.47239583333333335 0.025 0.011458333333333333 0.031481481481481485
0 0.6666666666666666 0.10972222222222222 0.015625 0.03425925925925926
0 0.9528645833333333 0.06898148148148149 0.015104166666666667 0.025
