0 0.29322916666666665 0.5555555555555556 0.019791666666666666 0.03888888888888889
0 0.459375 0.27824074074074073 0.011458333333333333 0.028703703703703703
0 0.7145833333333333 0.1574074074074074 0.013541666666666667 0.037037037037037035
0 0.49296875 0.7564814814814815 0.021354166666666667 0.053703703703703705
0 0.390625 0.9152777777777779 0.020833333333333332 0.05092592592592593
0 0.58359375 0.030555555555555558 0.0109375 0.031481481481481485
0 0.67734375 0.051388888888888894 0.0109375 0.028703703703703703
0 0.19895833333333332 0.5888888888888889 0.019791666666666666 0.03888888888888889
0 0.59140625 0.9337962962962963 0.0265625 0.075
0 0.6434895833333333 0.9152777777777779 0.024479166666666666 0.04722222222222222
0 0.66015625 0.08888888888888889 0.0109375 0.02962962962962963
0 0.37890625 0.6597222222222222 0.0203125 0.04166666666666667
0 0.6114583333333333 0.03796296296296296 0.010416666666666666 0.02592592592592593
0 0.07942708333333333 0.9083333333333333 0.019270833333333334 0.044444444444444446
0 0.4791666666666667 0.010185185185185186 0.008333333333333333 0.018518518518518517
0 0.3151041666666667 0.8365740740740741 0.022916666666666665 0.04537037037037037
0 0.740625 0.04398148148148148 0.0125 0.02314814814814815
0 0.4627604166666667 0.012037037037037037 0.009895833333333333 0.018518518518518517
0 0.9528645833333333 0.06527777777777778 0.013020833333333334 0.025
