0 0.6 0.687962962962963 0.02395833333333333 0.0462962962962963
0 0.3390625 0.32175925925925924 0.015625 0.03425925925925926
0 0.5609375 0.09166666666666667 0.0125 0.03333333333333333
0 0.7854166666666667 0.2712962962962963 0.013541666666666667 0.037037037037037035
0 0.5559895833333334 0.7148148148148148 0.021354166666666667 0.053703703703703705
0 0.35 0.8796296296296297 0.026041666666666668 0.04814814814814815
0 0.7432291666666666 0.10694444444444445 0.013541666666666667 0.026851851851851852
0 0.6627604166666666 0.1449074074074074 0.011979166666666666 0.030555555555555558
0 0.5033854166666667 0.8398148148148148 0.022395833333333334 0.05185185185185186
0 0.37916666666666665 0.587037037037037 0.019791666666666666 0.04259259259259259
0 0.07604166666666666 0.6287037037037038 0.019791666666666666 0.037037037037037035
0 0.4341145833333333 0.09861111111111112 0.0109375 0.032407407407407406
0 0.5848958333333333 0.09861111111111112 0.009375 0.028703703703703703
0 0.05286458333333333 0.8583333333333334 0.025520833333333333 0.05740740740740741
0 0.278125 0.4087962962962963 0.017708333333333333 0.036111111111111115
0 0.5182291666666666 0.549074074074074 0.019791666666666666 0.04259259259259259
0 0.46510416666666665 0.7680555555555556 0.020833333333333332 0.04351851851851852
0 0.48723958333333334 0.1675925925925926 0.008854166666666666 0.02592592592592593
0 0.43828125 0.4615740740740741 0.015104166666666667 0.036111111111111115
0 0.6869791666666667 0.1800925925925926 0.0125 0.030555555555555558
0 0.4466145833333333 0.08842592592592594 0.0078125 0.02314814814814815
0 0.49947916666666664 0.031481481481481485 0.009375 0.02592592592592593
0 0.5984375 0.011111111111111112 0.008333333333333333 0.022222222222222223
0 0.5760416666666667 0.007870370370370371 0.011458333333333333 0.015740740740740743
0 0.0125 0.8865740740740741 0.021875 0.0638888888888889
0 0.9528645833333333 0.07361111111111111 0.015104166666666667 0.025
