0 0.33151041666666664 0.375 0.0171875 0.03333333333333333
0 0.76015625 0.23611111111111113 0.0140625 0.037037037037037035
0 0.3611979166666667 0.8902777777777778 0.0328125 0.058333333333333334
0 0.6078125 0.7467592592592592 0.02395833333333333 0.04722222222222222
0 0.6697916666666667 0.11435185185185186 0.011458333333333333 0.032407407407407406
0 0.5666666666666667 0.775 0.025 0.061111111111111116
0 0.36302083333333335 0.6569444444444444 0.01875 0.05092592592592593
0 0.4184895833333333 0.513888888888889 0.015104166666666667 0.031481481481481485
0 0.44505208333333335 0.06944444444444445 0.009895833333333333 0.02962962962962963
0 0.515625 0.6041666666666667 0.015625 0.03796296296296296
0 0.4596354166666667 0.06018518518518519 0.0109375 0.02777777777777778
0 0.07395833333333333 0.701388888888889 0.019791666666666666 0.03981481481481482
0 0.259375 0.4532407407407408 0.01875 0.036111111111111115
0 0.50078125 0.8981481481481481 0.0234375 0.05740740740740741
0 0.5880208333333333 0.08194444444444444 0.009375 0.026851851851851852
0 0.02005208333333333 0.925 0.025520833333333333 0.05925925925925926
0 0.46067708333333335 0.8527777777777779 0.022395833333333334 0.06481481481481481
0 0.4770833333333333 0.19583333333333333 0.0125 0.026851851851851852
0 0.7408854166666666 0.09166666666666667 0.0140625 0.02777777777777778
0 0.6755208333333333 0.15416666666666667 0.016666666666666666 0.03425925925925926
0 0.5075520833333333 0.013425925925925926 0.013020833333333334 0.026851851851851852
0 0.5627604166666667 0.06851851851851852 0.009895833333333333 0.031481481481481485
0 0.9528645833333333 0.07361111111111111 0.015104166666666667 0.025
