0 0.6411458333333333 0.8666666666666667 0.021875 0.0462962962962963
0 0.67421875 0.06712962962962964 0.0109375 0.028703703703703703
0 0.46171875 0.2523148148148148 0.0109375 0.026851851851851852
0 0.08125 0.85 0.020833333333333332 0.044444444444444446
0 0.30546875 0.5041666666666667 0.019270833333333334 0.036111111111111115
0 0.5809895833333333 0.03935185185185185 0.011979166666666666 0.030555555555555558
0 0.7221354166666667 0.1736111111111111 0.013020833333333334 0.036111111111111115
0 0.390625 0.9097222222222222 0.021875 0.05462962962962963
0 0.5736979166666667 0.8949074074074075 0.025520833333333333 0.0638888888888889
0 0.39375 0.625925925925926 0.017708333333333333 0.044444444444444446
0 0.21458333333333332 0.549074074074074 0.019791666666666666 0.03888888888888889
0 0.7375 0.053703703703703705 0.010416666666666666 0.02777777777777778
0 0.3247395833333333 0.7842592592592593 0.0203125 0.04814814814814815
0 0.49765624999999997 0.7074074074074075 0.0203125 0.0462962962962963
0 0.4765625 0.016666666666666666 0.011458333333333333 0.02962962962962963
0 0.6075520833333333 0.04861111111111111 0.008854166666666666 0.026851851851851852
0 0.66484375 0.10092592592592593 0.013020833333333334 0.03333333333333333
0 0.4575520833333333 0.020833333333333336 0.013020833333333334 0.026851851851851852
0 0.9528645833333333 0.06898148148148149 0.015104166666666667 0.025
