0 0.7309895833333333 0.38333333333333336 0.015104166666666667 0.03518518518518519
0 0.16276041666666666 0.5546296296296297 0.018229166666666668 0.044444444444444446
0 0.3380208333333333 0.23333333333333334 0.015625 0.031481481481481485
0 0.46458333333333335 0.33564814814814814 0.015625 0.03796296296296296
0 0.5106770833333333 0.5722222222222223 0.0203125 0.044444444444444446
0 0.484375 0.2601851851851852 0.0125 0.02962962962962963
0 0.4549479166666667 0.14444444444444446 0.0109375 0.02962962962962963
0 0.19895833333333332 0.5291666666666667 0.020833333333333332 0.04351851851851852
0 0.55859375 0.04814814814814815 0.0109375 0.031481481481481485
0 0.5270833333333333 0.21712962962962964 0.013541666666666667 0.03425925925925926
0 0.378125 0.1277777777777778 0.0125 0.02962962962962963
0 0.30364583333333334 0.017592592592592594 0.008333333333333333 0.02777777777777778
0 0.56875 0.43842592592592594 0.016666666666666666 0.03425925925925926
0 0.0109375 0.4939814814814815 0.01875 0.04166666666666667
0 0.06640625 0.6509259259259259 0.0171875 0.044444444444444446
0 0.5768229166666666 0.10972222222222222 0.011979166666666666 0.030555555555555558
0 0.5322916666666666 0.4527777777777778 0.016666666666666666 0.04259259259259259
0 0.9869791666666666 0.5097222222222222 0.01875 0.04722222222222222
0 0.4236979166666667 0.2740740740740741 0.015104166666666667 0.04259259259259259
0 0.040364583333333336 0.37222222222222223 0.011979166666666666 0.02777777777777778
0 0.553125 0.09722222222222222 0.010416666666666666 0.02962962962962963
0 0.5546875 0.225 0.010416666666666666 0.02962962962962963
0 0.14713541666666666 0.9203703703703704 0.030729166666666665 0.061111111111111116
0 0.41562499999999997 0.4638888888888889 0.016666666666666666 0.037037037037037035
0 0.4765625 0.04212962962962963 0.009375 0.025
0 0.5591145833333333 0.3314814814814815 0.0140625 0.03518518518518519
0 0.3598958333333333 0.012037037037037037 0.009375 0.022222222222222223
0 0.7901041666666666 0.25601851851851853 0.0125 0.030555555555555558
0 0.94921875 0.09490740740740741 0.013020833333333334 0.025
0 0.8270833333333333 0.4101851851851852 0.016666666666666666 0.03888888888888889
0 0.5125 0.018518518518518517 0.011458333333333333 0.02777777777777778
0 0.51796875 0.07222222222222223 0.0078125 0.020370370370370372
0 0.5260416666666666 0.08796296296296297 0.010416666666666666 0.02962962962962963
0 0.40130208333333334 0.275 0.013020833333333334 0.037037037037037035
