0 0.36302083333333335 0.1625 0.013541666666666667 0.028703703703703703
0 0.571875 0.4949074074074074 0.01875 0.036111111111111115
0 0.9192708333333334 0.44583333333333336 0.015625 0.04351851851851852
0 0.31979166666666664 0.26666666666666666 0.015625 0.031481481481481485
0 0.69140625 0.3060185185185185 0.015104166666666667 0.03425925925925926
0 0.12786458333333334 0.6277777777777778 0.0203125 0.04814814814814815
0 0.5856770833333333 0.08425925925925926 0.011979166666666666 0.031481481481481485
0 0.05182291666666666 0.4314814814814815 0.0140625 0.031481481481481485
0 0.2265625 0.9046296296296297 0.03125 0.05555555555555556
0 0.5309895833333333 0.1800925925925926 0.013020833333333334 0.032407407407407406
0 0.46380208333333334 0.11435185185185186 0.009895833333333333 0.026851851851851852
0 0.42552083333333335 0.5324074074074074 0.016666666666666666 0.04814814814814815
0 0.5583333333333333 0.018518518518518517 0.010416666666666666 0.02777777777777778
0 0.5580729166666667 0.07037037037037037 0.0109375 0.02777777777777778
0 0.53984375 0.3842592592592593 0.01614583333333333 0.04259259259259259
0 0.4484375 0.3875 0.014583333333333334 0.036111111111111115
0 0.4348958333333333 0.21481481481481482 0.013541666666666667 0.031481481481481485
0 0.5591145833333333 0.18935185185185185 0.011979166666666666 0.030555555555555558
0 0.47734375 0.30185185185185187 0.013020833333333334 0.031481481481481485
0 0.7653645833333333 0.2152777777777778 0.013020833333333334 0.036111111111111115
0 0.16640625 0.6037037037037037 0.021354166666666667 0.05
0 0.01484375 0.7328703703703704 0.019270833333333334 0.04722222222222222
0 0.5177083333333333 0.6337962962962963 0.021875 0.04537037037037037
0 0.41510416666666666 0.2212962962962963 0.0125 0.02962962962962963
0 0.5346354166666667 0.5087962962962963 0.01614583333333333 0.036111111111111115
0 0.5052083333333334 0.0837962962962963 0.008333333333333333 0.02314814814814815
0 0.7692708333333333 0.34120370370370373 0.016666666666666666 0.03981481481481482
0 0.9486979166666667 0.09305555555555556 0.013020833333333334 0.02314814814814815
0 0.5265625 0.061111111111111116 0.011458333333333333 0.02777777777777778
0 0.48671875 0.016203703703703703 0.009895833333333333 0.026851851851851852
0 0.5291666666666667 0.011111111111111112 0.010416666666666666 0.022222222222222223
