0 0.14791666666666667 0.5222222222222223 0.01875 0.037037037037037035
0 0.26588541666666665 0.0763888888888889 0.009895833333333333 0.028703703703703703
0 0.54609375 0.1564814814814815 0.0109375 0.02962962962962963
0 0.2171875 0.43842592592592594 0.01875 0.04166666666666667
0 0.5989583333333334 0.2569444444444445 0.014583333333333334 0.036111111111111115
0 0.38359375 0.17222222222222222 0.013020833333333334 0.02777777777777778
0 0.3377604166666667 0.05416666666666667 0.0109375 0.032407407407407406
0 0.38958333333333334 0.03981481481481482 0.011458333333333333 0.031481481481481485
0 0.07109375 0.47453703703703703 0.0203125 0.04166666666666667
0 0.5111979166666667 0.2865740740740741 0.013020833333333334 0.03425925925925926
0 0.55859375 0.10231481481481482 0.0109375 0.028703703703703703
0 0.57421875 0.16666666666666669 0.013020833333333334 0.03333333333333333
0 0.5713541666666666 0.027314814814814816 0.008333333333333333 0.021296296296296296
0 0.07578125 0.37777777777777777 0.0140625 0.03518518518518519
0 0.38645833333333335 0.39212962962962966 0.015625 0.03796296296296296
0 0.4341145833333333 0.21296296296296297 0.009895833333333333 0.024074074074074074
0 0.5203125 0.15 0.010416666666666666 0.02962962962962963
0 0.5333333333333333 0.46805555555555556 0.01875 0.03981481481481482
0 0.3729166666666667 0.39722222222222225 0.015625 0.040740740740740744
0 0.85625 0.55 0.016666666666666666 0.03888888888888889
0 0.8528645833333334 0.3402777777777778 0.015104166666666667 0.030555555555555558
0 0.2565104166666667 0.41574074074074074 0.0171875 0.03888888888888889
0 0.3963541666666667 0.012037037037037037 0.009375 0.022222222222222223
0 0.4419270833333333 0.35879629629629634 0.015104166666666667 0.036111111111111115
0 0.57890625 0.3421296296296296 0.013020833333333334 0.030555555555555558
0 0.4700520833333333 0.0925925925925926 0.009895833333333333 0.02592592592592593
0 0.30833333333333335 0.05416666666666667 0.008333333333333333 0.021296296296296296
0 0.48802083333333335 0.2611111111111111 0.013541666666666667 0.02962962962962963
0 0.5390625 0.2986111111111111 0.0125 0.03425925925925926
0 0.48802083333333335 0.18703703703703706 0.010416666666666666 0.02777777777777778
0 0.0359375 0.29305555555555557 0.011458333333333333 0.028703703703703703
0 0.9822916666666667 0.5689814814814815 0.022916666666666665 0.04166666666666667
0 0.4122395833333333 0.07546296296296297 0.013020833333333334 0.030555555555555558
0 0.2908854166666667 0.04212962962962963 0.009895833333333333 0.02314814814814815
0 0.4973958333333333 0.07407407407407407 0.011458333333333333 0.031481481481481485
0 0.9578125 0.10462962962962963 0.0125 0.022222222222222223
0 0.48854166666666665 0.030555555555555558 0.0125 0.02962962962962963
0 0.5466145833333333 0.36203703703703705 0.0140625 0.037037037037037035
