0 0.2513020833333333 0.09907407407407408 0.0109375 0.02962962962962963
0 0.4239583333333333 0.06342592592592593 0.011458333333333333 0.02314814814814815
0 0.1625 0.48240740740740745 0.017708333333333333 0.037037037037037035
0 0.57578125 0.18981481481481483 0.013020833333333334 0.03518518518518519
0 0.5611979166666666 0.11944444444444445 0.0109375 0.031481481481481485
0 0.30052083333333335 0.07314814814814816 0.011458333333333333 0.024074074074074074
0 0.23359375 0.40740740740740744 0.0171875 0.040740740740740744
0 0.32890625 0.06944444444444445 0.0109375 0.031481481481481485
0 0.09166666666666666 0.3462962962962963 0.014583333333333334 0.031481481481481485
0 0.6088541666666667 0.23148148148148148 0.013541666666666667 0.031481481481481485
0 0.38958333333333334 0.02592592592592593 0.010416666666666666 0.024074074074074074
0 0.2734375 0.3791666666666667 0.017708333333333333 0.036111111111111115
0 0.284375 0.058333333333333334 0.010416666666666666 0.02592592592592593
0 0.5192708333333333 0.1712962962962963 0.011458333333333333 0.031481481481481485
0 0.4822916666666667 0.24166666666666667 0.013541666666666667 0.02962962962962963
0 0.54453125 0.18194444444444446 0.0109375 0.030555555555555558
0 0.03515625 0.2652777777777778 0.0140625 0.032407407407407406
0 0.91015625 0.6171296296296297 0.0171875 0.03796296296296296
0 0.5872395833333334 0.32222222222222224 0.011979166666666666 0.02777777777777778
0 0.5018229166666667 0.30462962962962964 0.0140625 0.03333333333333333
0 0.42942708333333335 0.2388888888888889 0.0109375 0.02592592592592593
0 0.39557291666666666 0.1537037037037037 0.013020833333333334 0.02777777777777778
0 0.4908854166666667 0.16712962962962963 0.0109375 0.028703703703703703
0 0.37083333333333335 0.4444444444444445 0.016666666666666666 0.040740740740740744
0 0.09296875 0.4416666666666667 0.01614583333333333 0.03888888888888889
0 0.45859374999999997 0.3282407407407408 0.0140625 0.036111111111111115
0 0.5640625 0.3365740740740741 0.014583333333333334 0.03796296296296296
0 0.5283854166666666 0.3180555555555556 0.011979166666666666 0.030555555555555558
0 0.3611979166666667 0.4425925925925926 0.01614583333333333 0.03333333333333333
0 0.5419270833333333 0.437962962962963 0.01614583333333333 0.037037037037037035
0 0.49635416666666665 0.08703703703703704 0.010416666666666666 0.02592592592592593
0 0.3776041666666667 0.011111111111111112 0.011458333333333333 0.022222222222222223
0 0.3776041666666667 0.055092592592592596 0.011458333333333333 0.032407407407407406
0 0.5856770833333333 0.010648148148148148 0.009895833333333333 0.017592592592592594
0 0.4848958333333333 0.03888888888888889 0.010416666666666666 0.02777777777777778
0 0.8791666666666667 0.37222222222222223 0.016666666666666666 0.040740740740740744
0 0.9651041666666667 0.10694444444444445 0.0125 0.026851851851851852
0 0.4747395833333333 0.10740740740740741 0.0140625 0.02777777777777778
