0 0.9622395833333334 0.7592592592592593 0.0234375 0.0462962962962963
0 0.40130208333333334 0.38101851851851853 0.0140625 0.03796296296296296
0 0.6447916666666667 0.10462962962962963 0.0125 0.02777777777777778
0 0.26979166666666665 0.1513888888888889 0.0125 0.028703703703703703
0 0.46588541666666666 0.7583333333333334 0.0203125 0.037037037037037035
0 0.5049479166666666 0.30694444444444446 0.011979166666666666 0.032407407407407406
0 0.4432291666666667 0.12731481481481483 0.010416666666666666 0.028703703703703703
0 0.5361979166666666 0.23333333333333334 0.0140625 0.03518518518518519
0 0.4513020833333333 0.49259259259259264 0.018229166666666668 0.040740740740740744
0 0.33697916666666666 0.10925925925925926 0.011458333333333333 0.02592592592592593
0 0.16770833333333332 0.2240740740740741 0.011458333333333333 0.03333333333333333
0 0.4270833333333333 0.19953703703703704 0.0125 0.032407407407407406
0 0.31588541666666664 0.08935185185185185 0.011979166666666666 0.028703703703703703
0 0.47421874999999997 0.29583333333333334 0.013020833333333334 0.03425925925925926
0 0.55390625 0.06342592592592593 0.009895833333333333 0.025
0 0.4927083333333333 0.17407407407407408 0.0125 0.03333333333333333
0 0.4119791666666667 0.4726851851851852 0.015625 0.03425925925925926
0 0.32760416666666664 0.14305555555555557 0.013541666666666667 0.03425925925925926
0 0.23515624999999998 0.18703703703703706 0.011979166666666666 0.02592592592592593
0 0.15546875 0.1875 0.0109375 0.026851851851851852
0 0.5424479166666667 0.3055555555555556 0.0140625 0.03518518518518519
0 0.21354166666666666 0.1763888888888889 0.0125 0.03425925925925926
0 0.34921875 0.21574074074074076 0.013020833333333334 0.031481481481481485
0 0.525 0.11990740740740741 0.010416666666666666 0.028703703703703703
0 0.4375 0.044444444444444446 0.0125 0.02592592592592593
0 0.271875 0.2990740740740741 0.011458333333333333 0.02962962962962963
0 0.44557291666666665 0.1800925925925926 0.013020833333333334 0.032407407407407406
0 0.31979166666666664 0.23981481481481481 0.011458333333333333 0.02962962962962963
0 0.21484375 0.27546296296296297 0.013020833333333334 0.03425925925925926
0 0.6020833333333333 0.19490740740740742 0.015625 0.036111111111111115
0 0.62578125 0.18287037037037038 0.0109375 0.025
0 0.5934895833333333 0.27870370370370373 0.0140625 0.03333333333333333
0 0.4901041666666667 0.037037037037037035 0.009375 0.018518518518518517
0 0.9666666666666667 0.11018518518518519 0.015625 0.02777777777777778
0 0.4161458333333333 0.7976851851851852 0.02395833333333333 0.05277777777777778
