0 0.4067708333333333 0.34814814814814815 0.0125 0.031481481481481485
0 0.19088541666666667 0.19583333333333333 0.011979166666666666 0.032407407407407406
0 0.23255208333333333 0.1476851851851852 0.013020833333333334 0.030555555555555558
0 0.5122395833333333 0.27824074074074073 0.0109375 0.03425925925925926
0 0.42161458333333335 0.6981481481481482 0.0203125 0.05
0 0.4596354166666667 0.10555555555555556 0.0109375 0.02592592592592593
0 0.540625 0.08518518518518518 0.011458333333333333 0.02592592592592593
0 0.25286458333333334 0.1625 0.0109375 0.025
0 0.13828125 0.2212962962962963 0.011979166666666666 0.031481481481481485
0 0.2908854166666667 0.13611111111111113 0.0140625 0.037037037037037035
0 0.3255208333333333 0.0699074074074074 0.011458333333333333 0.028703703703703703
0 0.6348958333333333 0.13101851851851853 0.014583333333333334 0.03425925925925926
0 0.4752604166666667 0.4532407407407408 0.015104166666666667 0.04166666666666667
0 0.34479166666666666 0.125 0.0125 0.03518518518518519
0 0.50703125 0.14444444444444446 0.0109375 0.02777777777777778
0 0.5481770833333334 0.28194444444444444 0.0140625 0.036111111111111115
0 0.3450520833333333 0.09166666666666667 0.0109375 0.02962962962962963
0 0.18697916666666667 0.3023148148148148 0.013541666666666667 0.03796296296296296
0 0.33567708333333335 0.24722222222222223 0.01614583333333333 0.03518518518518519
0 0.5380208333333333 0.21064814814814817 0.0125 0.032407407407407406
0 0.30052083333333335 0.27037037037037037 0.013541666666666667 0.02962962962962963
0 0.4901041666666667 0.27314814814814814 0.010416666666666666 0.03333333333333333
0 0.4359375 0.17685185185185187 0.011458333333333333 0.02962962962962963
0 0.6005208333333333 0.22361111111111112 0.015625 0.036111111111111115
0 0.24973958333333332 0.33564814814814814 0.011979166666666666 0.032407407407407406
0 0.45651041666666664 0.1587962962962963 0.0140625 0.032407407407407406
0 0.434375 0.06759259259259259 0.010416666666666666 0.018518518518518517
0 0.4848958333333333 0.2050925925925926 0.015625 0.032407407407407406
0 0.434375 0.44027777777777777 0.015625 0.03981481481481482
0 0.9661458333333334 0.11111111111111112 0.011458333333333333 0.022222222222222223
0 0.48828125 0.03564814814814815 0.0067708333333333336 0.012037037037037037
0 0.59453125 0.30972222222222223 0.015104166666666667 0.032407407407407406
0 0.6302083333333334 0.2087962962962963 0.0125 0.026851851851851852
0 0.3794270833333333 0.7180555555555556 0.0203125 0.04351851851851852
