0 0.20390624999999998 0.17962962962962964 0.0109375 0.031481481481481485
0 0.4674479166666667 0.09398148148148149 0.011979166666666666 0.026851851851851852
0 0.41302083333333334 0.3263888888888889 0.0125 0.032407407407407406
0 0.48828125 0.4287037037037037 0.01614583333333333 0.03888888888888889
0 0.259375 0.14444444444444446 0.013541666666666667 0.02777777777777778
0 0.2986979166666667 0.12916666666666668 0.013020833333333334 0.036111111111111115
0 0.16953125 0.32037037037037036 0.015104166666666667 0.03518518518518519
0 0.5005208333333333 0.15324074074074073 0.0125 0.026851851851851852
0 0.4083333333333333 0.6476851851851853 0.01875 0.049074074074074076
0 0.35 0.11203703703703705 0.013541666666666667 0.037037037037037035
0 0.234375 0.3601851851851852 0.017708333333333333 0.03518518518518519
0 0.13359375 0.23657407407407408 0.013020833333333334 0.028703703703703703
0 0.5359375 0.10092592592592593 0.010416666666666666 0.02592592592592593
0 0.4671875 0.14583333333333334 0.0125 0.03425925925925926
0 0.6341145833333334 0.13935185185185187 0.013020833333333334 0.028703703703703703
0 0.6002604166666666 0.24212962962962964 0.015104166666666667 0.036111111111111115
0 0.328125 0.26342592592592595 0.014583333333333334 0.03425925925925926
0 0.3377604166666667 0.059722222222222225 0.0109375 0.028703703703703703
0 0.503125 0.2518518518518519 0.011458333333333333 0.031481481481481485
0 0.54140625 0.19675925925925927 0.013020833333333334 0.036111111111111115
0 0.3546875 0.07731481481481482 0.010416666666666666 0.028703703703703703
0 0.5182291666666666 0.25833333333333336 0.0125 0.031481481481481485
0 0.5552083333333333 0.26342592592592595 0.013541666666666667 0.036111111111111115
0 0.3690104166666667 0.6615740740740741 0.018229166666666668 0.04166666666666667
0 0.23854166666666665 0.13194444444444445 0.0125 0.030555555555555558
0 0.45 0.41435185185185186 0.014583333333333334 0.03981481481481482
0 0.5911458333333334 0.32731481481481484 0.015625 0.03796296296296296
0 0.008854166666666666 0.16898148148148148 0.010416666666666666 0.025
0 0.43072916666666666 0.08148148148148149 0.010416666666666666 0.022222222222222223
0 0.4239583333333333 0.008333333333333333 0.011458333333333333 0.016666666666666666
0 0.9684895833333333 0.10972222222222222 0.013020833333333334 0.025
0 0.47421874999999997 0.21666666666666667 0.015104166666666667 0.02962962962962963
0 0.49140625 0.03657407407407408 0.008854166666666666 0.017592592592592594
0 0.2942708333333333 0.28611111111111115 0.015625 0.02962962962962963
0 0.6252604166666667 0.23333333333333334 0.0140625 0.031481481481481485
0 0.9830729166666666 0.4981481481481482 0.0203125 0.04259259259259259
0 0.4466145833333333 0.16111111111111112 0.0140625 0.031481481481481485
