0 0.26484375 0.0787037037037037 0.009895833333333333 0.02592592592592593
0 0.21796875 0.43472222222222223 0.01614583333333333 0.03981481481481482
0 0.3859375 0.39861111111111114 0.016666666666666666 0.04351851851851852
0 0.5098958333333333 0.2898148148148148 0.013541666666666667 0.03888888888888889
0 0.15 0.5199074074074074 0.016666666666666666 0.03796296296296296
0 0.25755208333333335 0.41111111111111115 0.0171875 0.03888888888888889
0 0.3846354166666667 0.16944444444444445 0.011979166666666666 0.02592592592592593
0 0.5739583333333333 0.16712962962962963 0.0125 0.03425925925925926
0 0.07708333333333334 0.37453703703703706 0.014583333333333334 0.03425925925925926
0 0.54609375 0.1574074074074074 0.0109375 0.02962962962962963
0 0.33697916666666666 0.05416666666666667 0.010416666666666666 0.028703703703703703
0 0.6005208333333333 0.25324074074074077 0.014583333333333334 0.03425925925925926
0 0.5731770833333333 0.02638888888888889 0.0078125 0.019444444444444445
0 0.3963541666666667 0.012962962962962964 0.009375 0.02592592592592593
0 0.07135416666666666 0.46990740740740744 0.019791666666666666 0.04722222222222222
0 0.37265625 0.3995370370370371 0.015104166666666667 0.03796296296296296
0 0.58046875 0.34305555555555556 0.011979166666666666 0.028703703703703703
0 0.5200520833333333 0.1513888888888889 0.0109375 0.032407407407407406
0 0.3072916666666667 0.05555555555555556 0.010416666666666666 0.022222222222222223
0 0.4119791666666667 0.07546296296296297 0.011458333333333333 0.028703703703703703
0 0.5598958333333334 0.10138888888888889 0.0125 0.028703703703703703
0 0.43463541666666666 0.21481481481481482 0.0109375 0.02592592592592593
0 0.3890625 0.04259259259259259 0.010416666666666666 0.02962962962962963
0 0.035416666666666666 0.2884259259259259 0.013541666666666667 0.028703703703703703
0 0.44375 0.3564814814814815 0.015625 0.040740740740740744
0 0.86015625 0.5574074074074075 0.01614583333333333 0.03518518518518519
0 0.2903645833333333 0.04166666666666667 0.009895833333333333 0.022222222222222223
0 0.4875 0.25925925925925924 0.013541666666666667 0.031481481481481485
0 0.49635416666666665 0.075 0.010416666666666666 0.031481481481481485
0 0.46979166666666666 0.0912037037037037 0.009375 0.026851851851851852
0 0.9859375 0.5722222222222223 0.022916666666666665 0.037037037037037035
0 0.8557291666666667 0.34490740740740744 0.016666666666666666 0.03796296296296296
0 0.53359375 0.46342592592592596 0.018229166666666668 0.04166666666666667
0 0.48802083333333335 0.18425925925925926 0.010416666666666666 0.02592592592592593
0 0.9578125 0.10462962962962963 0.0125 0.022222222222222223
0 0.4875 0.03194444444444445 0.010416666666666666 0.026851851851851852
0 0.5479166666666666 0.3578703703703704 0.016666666666666666 0.032407407407407406
0 0.5369791666666667 0.30185185185185187 0.0125 0.02962962962962963
