0 0.2513020833333333 0.16481481481481483 0.0140625 0.02777777777777778
0 0.5080729166666667 0.1398148148148148 0.0109375 0.02777777777777778
0 0.1875 0.20231481481481484 0.011458333333333333 0.032407407407407406
0 0.28854166666666664 0.13935185185185187 0.0125 0.036111111111111115
0 0.5114583333333333 0.28425925925925927 0.011458333333333333 0.03333333333333333
0 0.53671875 0.21203703703703705 0.013020833333333334 0.03333333333333333
0 0.22994791666666667 0.14953703703703705 0.011979166666666666 0.028703703703703703
0 0.3223958333333333 0.07083333333333333 0.011458333333333333 0.030555555555555558
0 0.34296875 0.09351851851851853 0.011979166666666666 0.02962962962962963
0 0.4046875 0.350462962962963 0.013541666666666667 0.032407407407407406
0 0.4578125 0.11064814814814815 0.011458333333333333 0.028703703703703703
0 0.54296875 0.08194444444444444 0.0109375 0.026851851851851852
0 0.34296875 0.12685185185185185 0.013020833333333334 0.037037037037037035
0 0.6354166666666666 0.12638888888888888 0.013541666666666667 0.032407407407407406
0 0.5455729166666666 0.28564814814814815 0.013020833333333334 0.036111111111111115
0 0.6005208333333333 0.22361111111111112 0.015625 0.03981481481481482
0 0.4244791666666667 0.7097222222222223 0.019791666666666666 0.049074074074074076
0 0.45390625 0.1625 0.013020833333333334 0.032407407407407406
0 0.43463541666666666 0.1787037037037037 0.009895833333333333 0.02962962962962963
0 0.48723958333333334 0.2777777777777778 0.009895833333333333 0.02962962962962963
0 0.4731770833333333 0.45972222222222225 0.015104166666666667 0.036111111111111115
0 0.33619791666666665 0.2439814814814815 0.015104166666666667 0.032407407407407406
0 0.303125 0.2652777777777778 0.011458333333333333 0.032407407407407406
0 0.13932291666666666 0.21805555555555556 0.011979166666666666 0.03425925925925926
0 0.4348958333333333 0.058333333333333334 0.013541666666666667 0.02962962962962963
0 0.48541666666666666 0.2013888888888889 0.014583333333333334 0.036111111111111115
0 0.38046875 0.7300925925925926 0.0203125 0.04351851851851852
0 0.2518229166666667 0.33472222222222225 0.011979166666666666 0.03425925925925926
0 0.19114583333333332 0.2953703703703704 0.015625 0.044444444444444446
0 0.6291666666666667 0.20601851851851852 0.010416666666666666 0.028703703703703703
0 0.9661458333333334 0.11111111111111112 0.011458333333333333 0.022222222222222223
0 0.4903645833333333 0.036111111111111115 0.0078125 0.016666666666666666
0 0.5932291666666667 0.3050925925925926 0.015625 0.036111111111111115
0 0.4322916666666667 0.45092592592592595 0.017708333333333333 0.03888888888888889
