0 0.4015625 0.36944444444444446 0.013541666666666667 0.03333333333333333
0 0.5083333333333333 0.2962962962962963 0.0125 0.031481481481481485
0 0.44687499999999997 0.12083333333333333 0.011458333333333333 0.030555555555555558
0 0.6411458333333333 0.11111111111111112 0.0125 0.02962962962962963
0 0.55078125 0.07268518518518519 0.0109375 0.026851851851851852
0 0.3377604166666667 0.10092592592592593 0.0109375 0.02777777777777778
0 0.33307291666666666 0.14074074074074075 0.0140625 0.03333333333333333
0 0.6260416666666666 0.1925925925925926 0.013541666666666667 0.02777777777777778
0 0.5403645833333334 0.3 0.013020833333333334 0.03518518518518519
0 0.17161458333333332 0.21666666666666667 0.011979166666666666 0.03518518518518519
0 0.5372395833333333 0.22916666666666669 0.011979166666666666 0.03796296296296296
0 0.45598958333333334 0.47962962962962963 0.0140625 0.037037037037037035
0 0.4778645833333333 0.2865740740740741 0.013020833333333334 0.03796296296296296
0 0.3140625 0.2490740740740741 0.013541666666666667 0.03518518518518519
0 0.41692708333333334 0.4625 0.0171875 0.03981481481481482
0 0.2760416666666667 0.1537037037037037 0.013541666666666667 0.037037037037037035
0 0.6013020833333333 0.20370370370370372 0.01614583333333333 0.03518518518518519
0 0.23906249999999998 0.18055555555555555 0.010416666666666666 0.024074074074074074
0 0.21901041666666665 0.16898148148148148 0.011979166666666666 0.030555555555555558
0 0.978125 0.7828703703703704 0.025 0.05092592592592593
0 0.44921875 0.7467592592592592 0.0203125 0.04351851851851852
0 0.14947916666666666 0.19675925925925927 0.011458333333333333 0.026851851851851852
0 0.31640625 0.08472222222222223 0.009895833333333333 0.025
0 0.51875 0.12222222222222223 0.011458333333333333 0.02777777777777778
0 0.44609375 0.17407407407407408 0.013020833333333334 0.03518518518518519
0 0.20833333333333334 0.28240740740740744 0.014583333333333334 0.03333333333333333
0 0.5927083333333333 0.28703703703703703 0.014583333333333334 0.03518518518518519
0 0.4908854166666667 0.18287037037037038 0.011979166666666666 0.028703703703703703
0 0.265625 0.3125 0.013541666666666667 0.032407407407407406
0 0.42864583333333334 0.19305555555555556 0.010416666666666666 0.028703703703703703
0 0.43697916666666664 0.047685185185185185 0.010416666666666666 0.025
0 0.9661458333333334 0.11111111111111112 0.011458333333333333 0.022222222222222223
0 0.48984374999999997 0.0375 0.008854166666666666 0.015740740740740743
0 0.40130208333333334 0.7773148148148148 0.019270833333333334 0.04537037037037037
0 0.3455729166666667 0.22083333333333335 0.0140625 0.036111111111111115
