0 0.20625 0.17546296296296296 0.0125 0.032407407407407406
0 0.40572916666666664 0.6356481481481482 0.019791666666666666 0.04537037037037037
0 0.24140625 0.12685185185185185 0.013020833333333334 0.02962962962962963
0 0.534375 0.10277777777777779 0.011458333333333333 0.02777777777777778
0 0.13177083333333334 0.24444444444444446 0.013541666666666667 0.031481481481481485
0 0.41302083333333334 0.32083333333333336 0.0125 0.028703703703703703
0 0.6333333333333333 0.14675925925925926 0.013541666666666667 0.030555555555555558
0 0.30052083333333335 0.12453703703703704 0.013541666666666667 0.036111111111111115
0 0.4549479166666667 0.40555555555555556 0.013020833333333334 0.03333333333333333
0 0.490625 0.425 0.014583333333333334 0.03888888888888889
0 0.5057291666666667 0.24675925925925926 0.0125 0.036111111111111115
0 0.16458333333333333 0.3236111111111111 0.013541666666666667 0.036111111111111115
0 0.3567708333333333 0.07685185185185185 0.011458333333333333 0.02962962962962963
0 0.26197916666666665 0.1425925925925926 0.0125 0.02777777777777778
0 0.28854166666666664 0.2949074074074074 0.010416666666666666 0.032407407407407406
0 0.22838541666666667 0.3675925925925926 0.01614583333333333 0.03518518518518519
0 0.34088541666666666 0.055092592592592596 0.0109375 0.028703703703703703
0 0.4979166666666667 0.1625 0.011458333333333333 0.028703703703703703
0 0.4692708333333333 0.09351851851851853 0.010416666666666666 0.02592592592592593
0 0.32447916666666665 0.27175925925925926 0.015625 0.036111111111111115
0 0.425 0.009722222222222222 0.011458333333333333 0.019444444444444445
0 0.5205729166666666 0.2555555555555556 0.011979166666666666 0.031481481481481485
0 0.0109375 0.17453703703703705 0.010416666666666666 0.025
0 0.35104166666666664 0.10833333333333334 0.013541666666666667 0.037037037037037035
0 0.5559895833333334 0.25925925925925924 0.0140625 0.03518518518518519
0 0.6013020833333333 0.24861111111111112 0.015104166666666667 0.036111111111111115
0 0.4471354166666667 0.15972222222222224 0.0109375 0.028703703703703703
0 0.36614583333333334 0.6462962962962964 0.016666666666666666 0.037037037037037035
0 0.47031249999999997 0.14583333333333334 0.0125 0.036111111111111115
0 0.5442708333333334 0.19444444444444445 0.0125 0.03518518518518519
0 0.4302083333333333 0.08425925925925926 0.0125 0.022222222222222223
0 0.9684895833333333 0.10972222222222222 0.013020833333333334 0.025
0 0.9768229166666667 0.4861111111111111 0.018229166666666668 0.03888888888888889
0 0.5895833333333333 0.33796296296296297 0.017708333333333333 0.031481481481481485
0 0.4747395833333333 0.22222222222222224 0.0140625 0.02962962962962963
0 0.4895833333333333 0.03657407407407408 0.010416666666666666 0.017592592592592594
0 0.62421875 0.23564814814814816 0.013020833333333334 0.026851851851851852
