0 0.24296874999999998 0.12546296296296297 0.0109375 0.028703703703703703
0 0.5364583333333334 0.20185185185185187 0.011458333333333333 0.02962962962962963
0 0.42890625 0.05 0.0109375 0.024074074074074074
0 0.25494791666666666 0.3685185185185185 0.01614583333333333 0.037037037037037035
0 0.11171874999999999 0.312962962962963 0.015104166666666667 0.031481481481481485
0 0.5528645833333333 0.1425925925925926 0.011979166666666666 0.031481481481481485
0 0.5635416666666666 0.40370370370370373 0.017708333333333333 0.03888888888888889
0 0.49505208333333334 0.337037037037037 0.0140625 0.037037037037037035
0 0.9671875 0.6921296296296297 0.019791666666666666 0.049074074074074076
0 0.1890625 0.44583333333333336 0.016666666666666666 0.03796296296296296
0 0.28671875 0.0976851851851852 0.0109375 0.025
0 0.3755208333333333 0.07731481481481482 0.0125 0.03425925925925926
0 0.3263020833333333 0.09027777777777778 0.011979166666666666 0.03425925925925926
0 0.38229166666666664 0.5083333333333333 0.017708333333333333 0.044444444444444446
0 0.5015625 0.14814814814814814 0.011458333333333333 0.02777777777777778
0 0.5739583333333333 0.2125 0.015625 0.036111111111111115
0 0.62265625 0.20370370370370372 0.0140625 0.031481481481481485
0 0.12447916666666667 0.4064814814814815 0.019791666666666666 0.044444444444444446
0 0.5197916666666667 0.35185185185185186 0.013541666666666667 0.03518518518518519
0 0.029947916666666668 0.23750000000000002 0.0109375 0.030555555555555558
0 0.3809895833333333 0.04259259259259259 0.0109375 0.02592592592592593
0 0.40859375 0.13425925925925927 0.0140625 0.02777777777777778
0 0.42473958333333334 0.2662037037037037 0.0109375 0.026851851851851852
0 0.3541666666666667 0.5060185185185185 0.016666666666666666 0.03796296296296296
0 0.29401041666666666 0.3453703703703704 0.015104166666666667 0.03518518518518519
0 0.4700520833333333 0.12824074074074074 0.009895833333333333 0.030555555555555558
0 0.578125 0.3101851851851852 0.015625 0.03518518518518519
0 0.26979166666666665 0.08472222222222223 0.010416666666666666 0.026851851851851852
0 0.36796875 0.024074074074074074 0.009895833333333333 0.02777777777777778
0 0.6046875 0.3 0.0125 0.02777777777777778
0 0.5216145833333333 0.19768518518518519 0.011979166666666666 0.030555555555555558
0 0.48541666666666666 0.007870370370370371 0.0125 0.015740740740740743
0 0.49192708333333335 0.037037037037037035 0.009895833333333333 0.020370370370370372
0 0.48411458333333335 0.05925925925925926 0.008854166666666666 0.031481481481481485
0 0.965625 0.10972222222222222 0.0125 0.02314814814814815
0 0.90859375 0.4064814814814815 0.019270833333333334 0.03888888888888889
0 0.4671875 0.2962962962962963 0.011458333333333333 0.02962962962962963
0 0.48333333333333334 0.21435185185185185 0.010416666666666666 0.025
0 0.49114583333333334 0.10648148148148148 0.0125 0.02777777777777778
