0 0.43046875 0.04120370370370371 0.0109375 0.02314814814814815
0 0.5533854166666666 0.15416666666666667 0.013020833333333334 0.028703703703703703
0 0.26119791666666664 0.35370370370370374 0.013020833333333334 0.031481481481481485
0 0.30182291666666666 0.33055555555555555 0.01614583333333333 0.03518518518518519
0 0.23489583333333333 0.13518518518518519 0.011458333333333333 0.02962962962962963
0 0.5833333333333334 0.29305555555555557 0.016666666666666666 0.03981481481481482
0 0.19895833333333332 0.42638888888888893 0.017708333333333333 0.036111111111111115
0 0.48593749999999997 0.35370370370370374 0.013541666666666667 0.037037037037037035
0 0.11666666666666667 0.2986111111111111 0.015625 0.03425925925925926
0 0.32135416666666666 0.09490740740740741 0.011458333333333333 0.030555555555555558
0 0.26536458333333335 0.09722222222222222 0.011979166666666666 0.02962962962962963
0 0.5359375 0.21712962962962964 0.011458333333333333 0.030555555555555558
0 0.6244791666666667 0.19398148148148148 0.015625 0.036111111111111115
0 0.3828125 0.5365740740740741 0.017708333333333333 0.04351851851851852
0 0.3716145833333333 0.08240740740740742 0.011979166666666666 0.03518518518518519
0 0.51640625 0.3685185185185185 0.015104166666666667 0.037037037037037035
0 0.28151041666666665 0.10925925925925926 0.009895833333333333 0.024074074074074074
0 0.13880208333333333 0.3851851851851852 0.0171875 0.0462962962962963
0 0.36041666666666666 0.03194444444444445 0.010416666666666666 0.026851851851851852
0 0.56796875 0.22314814814814815 0.0140625 0.037037037037037035
0 0.41692708333333334 0.12175925925925926 0.013020833333333334 0.025
0 0.48385416666666664 0.11712962962962964 0.011458333333333333 0.030555555555555558
0 0.5078125 0.14027777777777778 0.009375 0.021296296296296296
0 0.35104166666666664 0.5393518518518519 0.015625 0.04166666666666667
0 0.46432291666666664 0.1328703703703704 0.009895833333333333 0.026851851851851852
0 0.9908854166666666 0.7337962962962963 0.01614583333333333 0.04722222222222222
0 0.5671875 0.3925925925925926 0.01875 0.03888888888888889
0 0.030208333333333334 0.21944444444444444 0.010416666666666666 0.02962962962962963
0 0.37526041666666665 0.05555555555555556 0.0109375 0.02962962962962963
0 0.4200520833333333 0.28240740740740744 0.011979166666666666 0.02777777777777778
0 0.5190104166666667 0.2125 0.011979166666666666 0.030555555555555558
0 0.48046875 0.19953703703703704 0.0109375 0.028703703703703703
0 0.6158854166666666 0.2800925925925926 0.011979166666666666 0.030555555555555558
0 0.4864583333333333 0.010648148148148148 0.011458333333333333 0.017592592592592594
0 0.49140625 0.03935185185185185 0.0078125 0.015740740740740743
0 0.4817708333333333 0.06574074074074074 0.011458333333333333 0.022222222222222223
0 0.9690104166666667 0.11157407407407408 0.015104166666666667 0.02314814814814815
0 0.46848958333333335 0.2833333333333333 0.0140625 0.02962962962962963
0 0.9236979166666667 0.4314814814814815 0.019270833333333334 0.03888888888888889
