0 0.9223958333333333 0.7018518518518518 0.021875 0.04259259259259259
0 0.4692708333333333 0.31157407407407406 0.013541666666666667 0.032407407407407406
0 0.1578125 0.2439814814814815 0.0125 0.032407407407407406
0 0.40078125 0.39861111111111114 0.0140625 0.03425925925925926
0 0.16744791666666667 0.17175925925925928 0.011979166666666666 0.028703703703703703
0 0.49192708333333335 0.32407407407407407 0.011979166666666666 0.031481481481481485
0 0.5596354166666666 0.053703703703703705 0.009895833333333333 0.02592592592592593
0 0.49453125 0.7990740740740742 0.0203125 0.0462962962962963
0 0.5325520833333334 0.0976851851851852 0.011979166666666666 0.026851851851851852
0 0.6255208333333333 0.1685185185185185 0.0125 0.02592592592592593
0 0.26145833333333335 0.16666666666666669 0.013541666666666667 0.037037037037037035
0 0.33098958333333334 0.1175925925925926 0.013020833333333334 0.02962962962962963
0 0.309375 0.09722222222222222 0.0125 0.02962962962962963
0 0.49895833333333334 0.15694444444444444 0.0125 0.030555555555555558
0 0.44036458333333334 0.13703703703703704 0.008854166666666666 0.02592592592592593
0 0.5473958333333333 0.3263888888888889 0.014583333333333334 0.03796296296296296
0 0.31953125 0.15092592592592594 0.013020833333333334 0.03333333333333333
0 0.5276041666666667 0.2490740740740741 0.014583333333333334 0.03333333333333333
0 0.4421875 0.5203703703703704 0.016666666666666666 0.040740740740740744
0 0.6515625 0.08750000000000001 0.0125 0.028703703703703703
0 0.44609375 0.19212962962962965 0.013020833333333334 0.028703703703703703
0 0.3302083333333333 0.22361111111111112 0.011458333333333333 0.030555555555555558
0 0.20546875 0.19398148148148148 0.011979166666666666 0.032407407407407406
0 0.22604166666666667 0.20370370370370372 0.011458333333333333 0.02592592592592593
0 0.359375 0.19490740740740742 0.0125 0.028703703703703703
0 0.5963541666666666 0.1787037037037037 0.013541666666666667 0.03518518518518519
0 0.28854166666666664 0.2865740740740741 0.0125 0.030555555555555558
0 0.23463541666666665 0.2601851851851852 0.01614583333333333 0.037037037037037035
0 0.42161458333333335 0.21342592592592594 0.0109375 0.030555555555555558
0 0.49192708333333335 0.0375 0.008854166666666666 0.019444444444444445
0 0.9666666666666667 0.10833333333333334 0.015625 0.02777777777777778
0 0.4401041666666667 0.028703703703703703 0.015625 0.022222222222222223
0 0.59609375 0.2652777777777778 0.018229166666666668 0.036111111111111115
0 0.4046875 0.500925925925926 0.016666666666666666 0.03888888888888889
0 0.43697916666666664 0.8402777777777778 0.021875 0.05277777777777778
