0 0.91015625 0.6828703703703703 0.022395833333333334 0.04537037037037037
0 0.4895833333333333 0.3282407407407408 0.0125 0.03425925925925926
0 0.153125 0.250462962962963 0.011458333333333333 0.03425925925925926
0 0.6265625 0.16435185185185186 0.0125 0.028703703703703703
0 0.43776041666666665 0.14120370370370372 0.009895833333333333 0.028703703703703703
0 0.328125 0.12083333333333333 0.0125 0.026851851851851852
0 0.4002604166666667 0.40694444444444444 0.0140625 0.032407407407407406
0 0.5013020833333334 0.14907407407407408 0.011979166666666666 0.02962962962962963
0 0.25807291666666665 0.16898148148148148 0.015104166666666667 0.03796296296296296
0 0.5338541666666666 0.09444444444444444 0.0125 0.02592592592592593
0 0.5609375 0.04953703703703704 0.010416666666666666 0.025
0 0.17005208333333333 0.1685185185185185 0.011979166666666666 0.02777777777777778
0 0.6528645833333333 0.08425925925925926 0.013020833333333334 0.02777777777777778
0 0.20286458333333332 0.20092592592592592 0.013020833333333334 0.031481481481481485
0 0.46640624999999997 0.3148148148148148 0.0140625 0.03518518518518519
0 0.59375 0.17175925925925928 0.013541666666666667 0.03796296296296296
0 0.31666666666666665 0.15694444444444444 0.011458333333333333 0.03425925925925926
0 0.5018229166666667 0.8212962962962963 0.0203125 0.05
0 0.30546875 0.10231481481481482 0.011979166666666666 0.030555555555555558
0 0.5234375 0.25462962962962965 0.014583333333333334 0.03518518518518519
0 0.36223958333333334 0.18888888888888888 0.011979166666666666 0.02962962962962963
0 0.44453125 0.19722222222222224 0.013020833333333334 0.02962962962962963
0 0.4203125 0.21944444444444444 0.011458333333333333 0.02962962962962963
0 0.44166666666666665 0.025462962962962965 0.0125 0.02314814814814815
0 0.5481770833333334 0.3287037037037037 0.0140625 0.037037037037037035
0 0.43984375 0.5259259259259259 0.0140625 0.037037037037037035
0 0.33359375 0.21851851851851853 0.009895833333333333 0.031481481481481485
0 0.22421875 0.2111111111111111 0.0109375 0.02592592592592593
0 0.2947916666666667 0.28194444444444444 0.0125 0.032407407407407406
0 0.5971354166666667 0.24583333333333335 0.01614583333333333 0.03981481481481482
0 0.49166666666666664 0.03657407407407408 0.008333333333333333 0.015740740740740743
0 0.9679687499999999 0.10601851851851853 0.013020833333333334 0.025
0 0.2453125 0.25601851851851853 0.015625 0.03425925925925926
0 0.3971354166666667 0.513888888888889 0.019270833333333334 0.037037037037037035
0 0.4432291666666667 0.862962962962963 0.021875 0.04259259259259259
