0 0.4270833333333333 0.1615740740740741 0.0125 0.028703703703703703
0 0.85390625 0.6106481481481482 0.022395833333333334 0.03981481481481482
0 0.6223958333333334 0.13564814814814816 0.0125 0.025
0 0.3109375 0.13518518518518519 0.013541666666666667 0.02777777777777778
0 0.24348958333333334 0.17916666666666667 0.0140625 0.03425925925925926
0 0.18958333333333333 0.13935185185185187 0.0125 0.025
0 0.44921875 0.34490740740740744 0.015104166666666667 0.03796296296296296
0 0.5393229166666667 0.06944444444444445 0.009895833333333333 0.02592592592592593
0 0.5174479166666667 0.2800925925925926 0.01614583333333333 0.03981481481481482
0 0.5455729166666666 0.9087962962962963 0.021354166666666667 0.05462962962962963
0 0.3950520833333333 0.43703703703703706 0.01614583333333333 0.037037037037037035
0 0.28515625 0.1175925925925926 0.013020833333333334 0.02777777777777778
0 0.3072916666666667 0.1726851851851852 0.014583333333333334 0.04166666666666667
0 0.28046875 0.23935185185185187 0.0140625 0.036111111111111115
0 0.6609375 0.06018518518518519 0.011458333333333333 0.02592592592592593
0 0.4903645833333333 0.3611111111111111 0.011979166666666666 0.031481481481481485
0 0.5731770833333333 0.02962962962962963 0.008854166666666666 0.024074074074074074
0 0.54453125 0.3592592592592593 0.0140625 0.037037037037037035
0 0.12526041666666665 0.28564814814814815 0.0109375 0.026851851851851852
0 0.18515625 0.22592592592592595 0.013020833333333334 0.03333333333333333
0 0.35260416666666666 0.19444444444444445 0.014583333333333334 0.03333333333333333
0 0.50234375 0.12407407407407407 0.011979166666666666 0.031481481481481485
0 0.4317708333333333 0.22592592592592595 0.016666666666666666 0.03518518518518519
0 0.5921875 0.14537037037037037 0.013541666666666667 0.03333333333333333
0 0.41328125 0.5666666666666667 0.01614583333333333 0.040740740740740744
0 0.37578125 0.16342592592592592 0.013020833333333334 0.030555555555555558
0 0.37395833333333334 0.5462962962962963 0.017708333333333333 0.04259259259259259
0 0.48932291666666666 0.9537037037037037 0.0265625 0.061111111111111116
0 0.4921875 0.03194444444444445 0.008333333333333333 0.015740740740740743
0 0.4419270833333333 0.008796296296296297 0.009895833333333333 0.015740740740740743
0 0.9684895833333333 0.10416666666666667 0.013020833333333334 0.02314814814814815
0 0.20755208333333333 0.2388888888888889 0.013020833333333334 0.031481481481481485
0 0.32005208333333335 0.24861111111111112 0.0140625 0.025
0 0.41328125 0.24166666666666667 0.013020833333333334 0.02962962962962963
0 0.596875 0.22268518518518518 0.016666666666666666 0.036111111111111115
