0 0.15078125 0.25277777777777777 0.011979166666666666 0.03518518518518519
0 0.9054687499999999 0.6768518518518519 0.0203125 0.04259259259259259
0 0.46588541666666666 0.31666666666666665 0.0140625 0.03518518518518519
0 0.3997395833333333 0.41111111111111115 0.0140625 0.031481481481481485
0 0.6270833333333333 0.16296296296296298 0.0125 0.02777777777777778
0 0.25729166666666664 0.1712962962962963 0.013541666666666667 0.037037037037037035
0 0.50390625 0.8277777777777778 0.019270833333333334 0.0462962962962963
0 0.53359375 0.09398148148148149 0.011979166666666666 0.026851851851851852
0 0.43723958333333335 0.14305555555555557 0.009895833333333333 0.032407407407407406
0 0.171875 0.16435185185185186 0.011458333333333333 0.026851851851851852
0 0.5940104166666667 0.16805555555555557 0.013020833333333334 0.036111111111111115
0 0.52265625 0.2550925925925926 0.0140625 0.03981481481481482
0 0.4890625 0.3282407407407408 0.0125 0.03425925925925926
0 0.56171875 0.04814814814814815 0.009895833333333333 0.02592592592592593
0 0.20208333333333334 0.20324074074074075 0.0125 0.030555555555555558
0 0.30494791666666665 0.10370370370370371 0.011979166666666666 0.02962962962962963
0 0.31744791666666666 0.15925925925925927 0.013020833333333334 0.03333333333333333
0 0.5018229166666667 0.14722222222222223 0.011979166666666666 0.02962962962962963
0 0.6533854166666666 0.08472222222222223 0.011979166666666666 0.028703703703703703
0 0.41901041666666666 0.22083333333333335 0.0109375 0.030555555555555558
0 0.3625 0.18703703703703706 0.0125 0.02962962962962963
0 0.32734375 0.12592592592592594 0.013020833333333334 0.031481481481481485
0 0.44427083333333334 0.20185185185185187 0.0125 0.031481481481481485
0 0.5481770833333334 0.3314814814814815 0.0140625 0.037037037037037035
0 0.22369791666666666 0.2125 0.013020833333333334 0.028703703703703703
0 0.29661458333333335 0.2800925925925926 0.011979166666666666 0.032407407407407406
0 0.33489583333333334 0.21666666666666667 0.011458333333333333 0.02962962962962963
0 0.4375 0.5291666666666667 0.015625 0.03981481481481482
0 0.4921875 0.03657407407407408 0.008333333333333333 0.015740740740740743
0 0.44869791666666664 0.875462962962963 0.0203125 0.04537037037037037
0 0.39609375 0.5171296296296296 0.0203125 0.04351851851851852
0 0.24739583333333334 0.2574074074074074 0.016666666666666666 0.040740740740740744
0 0.5963541666666666 0.24722222222222223 0.015625 0.02962962962962963
0 0.44244791666666666 0.024537037037037038 0.013020833333333334 0.025
0 0.9679687499999999 0.10694444444444445 0.013020833333333334 0.026851851851851852
