0 0.6236979166666666 0.1375 0.013020833333333334 0.025
0 0.53828125 0.0712962962962963 0.0109375 0.02592592592592593
0 0.42864583333333334 0.15972222222222224 0.0125 0.030555555555555558
0 0.30963541666666666 0.17222222222222222 0.0140625 0.03888888888888889
0 0.5169270833333334 0.2726851851851852 0.01614583333333333 0.036111111111111115
0 0.8596354166666667 0.6217592592592592 0.0203125 0.03981481481481482
0 0.24505208333333334 0.1763888888888889 0.0140625 0.03425925925925926
0 0.5033854166666667 0.12638888888888888 0.013020833333333334 0.028703703703703703
0 0.65859375 0.06574074074074074 0.011979166666666666 0.031481481481481485
0 0.5388020833333333 0.8935185185185186 0.021354166666666667 0.05555555555555556
0 0.3130208333333333 0.13333333333333333 0.0125 0.02777777777777778
0 0.45078124999999997 0.34305555555555556 0.013020833333333334 0.032407407407407406
0 0.5705729166666667 0.031018518518518518 0.009895833333333333 0.025
0 0.18619791666666666 0.14351851851851852 0.0109375 0.02592592592592593
0 0.27578125 0.2439814814814815 0.015104166666666667 0.03796296296296296
0 0.4888020833333333 0.35694444444444445 0.0109375 0.032407407407407406
0 0.35 0.19907407407407407 0.014583333333333334 0.03518518518518519
0 0.3966145833333333 0.43472222222222223 0.0140625 0.036111111111111115
0 0.41770833333333335 0.562962962962963 0.017708333333333333 0.04259259259259259
0 0.12864583333333332 0.28564814814814815 0.0125 0.036111111111111115
0 0.54765625 0.3513888888888889 0.0140625 0.032407407407407406
0 0.41328125 0.23657407407407408 0.011979166666666666 0.032407407407407406
0 0.28802083333333334 0.11712962962962964 0.0125 0.028703703703703703
0 0.37578125 0.5439814814814815 0.019270833333333334 0.04722222222222222
0 0.3731770833333333 0.1685185185185185 0.013020833333333334 0.031481481481481485
0 0.59453125 0.15 0.013020833333333334 0.03333333333333333
0 0.18802083333333333 0.2212962962962963 0.011458333333333333 0.031481481481481485
0 0.43359375 0.22222222222222224 0.0140625 0.03333333333333333
0 0.5971354166666667 0.22268518518518518 0.015104166666666667 0.03981481481481482
0 0.49166666666666664 0.030555555555555558 0.008333333333333333 0.018518518518518517
0 0.44244791666666666 0.009259259259259259 0.008854166666666666 0.016666666666666666
0 0.9684895833333333 0.10416666666666667 0.013020833333333334 0.02314814814814815
0 0.48125 0.9337962962962963 0.02395833333333333 0.05462962962962963
0 0.21223958333333334 0.23101851851851854 0.015104166666666667 0.026851851851851852
0 0.31744791666666666 0.25277777777777777 0.0140625 0.02777777777777778
