0 0.40130208333333334 0.39212962962962966 0.0140625 0.036111111111111115
0 0.9341145833333333 0.7240740740740741 0.022395833333333334 0.044444444444444446
0 0.3333333333333333 0.11342592592592593 0.0125 0.026851851851851852
0 0.5315104166666667 0.24629629629629632 0.015104166666666667 0.03333333333333333
0 0.49609375 0.3199074074074074 0.011979166666666666 0.032407407407407406
0 0.4856770833333333 0.7851851851851852 0.022395833333333334 0.05
0 0.16197916666666667 0.24074074074074076 0.011458333333333333 0.03333333333333333
0 0.26276041666666666 0.15694444444444444 0.013020833333333334 0.03425925925925926
0 0.5307291666666667 0.10277777777777779 0.011458333333333333 0.02777777777777778
0 0.5583333333333333 0.05601851851851852 0.010416666666666666 0.025
0 0.22916666666666666 0.26296296296296295 0.015625 0.03333333333333333
0 0.16328125 0.1787037037037037 0.011979166666666666 0.02962962962962963
0 0.496875 0.16064814814814815 0.0125 0.030555555555555558
0 0.4440104166666667 0.5125000000000001 0.01614583333333333 0.03981481481481482
0 0.3111979166666667 0.09490740740740741 0.0109375 0.028703703703703703
0 0.47109375 0.30833333333333335 0.011979166666666666 0.031481481481481485
0 0.20729166666666665 0.18472222222222223 0.0125 0.030555555555555558
0 0.4270833333333333 0.8226851851851852 0.021875 0.04351851851851852
0 0.44114583333333335 0.13564814814814816 0.011458333333333333 0.030555555555555558
0 0.5981770833333333 0.18703703703703706 0.0140625 0.037037037037037035
0 0.440625 0.03194444444444445 0.0125 0.028703703703703703
0 0.65 0.09490740740740741 0.0125 0.032407407407407406
0 0.44609375 0.18981481481481483 0.013020833333333334 0.02962962962962963
0 0.4239583333333333 0.20740740740740743 0.011458333333333333 0.031481481481481485
0 0.22864583333333333 0.19583333333333333 0.0125 0.025
0 0.54609375 0.32175925925925924 0.0140625 0.03796296296296296
0 0.6247395833333333 0.17175925925925928 0.0109375 0.025
0 0.3208333333333333 0.14953703703703705 0.011458333333333333 0.032407407407407406
0 0.2825520833333333 0.29305555555555557 0.013020833333333334 0.030555555555555558
0 0.40781249999999997 0.49259259259259264 0.015625 0.037037037037037035
0 0.35625 0.20601851851851852 0.0125 0.028703703703703703
0 0.49114583333333334 0.037037037037037035 0.008333333333333333 0.016666666666666666
0 0.9666666666666667 0.11018518518518519 0.015625 0.02777777777777778
0 0.5963541666666666 0.26851851851851855 0.015625 0.031481481481481485
0 0.3260416666666667 0.22870370370370371 0.0125 0.02962962962962963
