0 0.5895833333333333 0.046759259259259264 0.011458333333333333 0.02314814814814815
0 0.2942708333333333 0.8226851851851852 0.022916666666666665 0.05277777777777778
0 0.6981770833333333 0.3712962962962963 0.018229166666666668 0.03518518518518519
0 0.8351562499999999 0.4652777777777778 0.022395833333333334 0.04351851851851852
0 0.23958333333333334 0.22824074074074074 0.015625 0.032407407407407406
0 0.3536458333333333 0.13101851851851853 0.0125 0.028703703703703703
0 0.23619791666666667 0.8069444444444445 0.0234375 0.062037037037037036
0 0.26484375 0.2601851851851852 0.01614583333333333 0.03888888888888889
0 0.1265625 0.4078703703703704 0.014583333333333334 0.032407407407407406
0 0.4361979166666667 0.5055555555555555 0.015104166666666667 0.03888888888888889
0 0.41380208333333335 0.09490740740740741 0.0109375 0.030555555555555558
0 0.3658854166666667 0.6407407407407407 0.01614583333333333 0.037037037037037035
0 0.52265625 0.5152777777777778 0.018229166666666668 0.04351851851851852
0 0.3966145833333333 0.513888888888889 0.019270833333333334 0.044444444444444446
0 0.09322916666666667 0.3902777777777778 0.015625 0.03796296296296296
0 0.37604166666666666 0.375 0.014583333333333334 0.03333333333333333
0 0.27890625 0.05 0.009895833333333333 0.022222222222222223
0 0.6013020833333333 0.1175925925925926 0.011979166666666666 0.02777777777777778
0 0.3416666666666667 0.3101851851851852 0.013541666666666667 0.03888888888888889
0 0.47552083333333334 0.42962962962962964 0.015625 0.03888888888888889
0 0.4427083333333333 0.0837962962962963 0.011458333333333333 0.030555555555555558
0 0.21328125 0.21435185185185185 0.011979166666666666 0.03425925925925926
0 0.56640625 0.05740740740740741 0.0109375 0.024074074074074074
0 0.004427083333333333 0.48379629629629634 0.008854166666666666 0.04166666666666667
0 0.4705729166666667 0.062037037037037036 0.008854166666666666 0.018518518518518517
0 0.50859375 0.022222222222222223 0.009895833333333333 0.016666666666666666
0 0.9718749999999999 0.10462962962962963 0.0125 0.02777777777777778
0 0.9869791666666666 0.27546296296296297 0.0125 0.02314814814814815
0 0.4 0.1449074074074074 0.010416666666666666 0.025
0 0.19401041666666666 0.2796296296296296 0.0140625 0.031481481481481485
0 0.4125 0.3458333333333333 0.016666666666666666 0.032407407407407406
