0 0.5893229166666667 0.047685185185185185 0.0109375 0.02314814814814815
0 0.69921875 0.3740740740740741 0.0171875 0.037037037037037035
0 0.8388020833333333 0.4675925925925926 0.022395833333333334 0.04259259259259259
0 0.2643229166666667 0.25925925925925924 0.0171875 0.040740740740740744
0 0.36692708333333335 0.6375000000000001 0.0171875 0.03981481481481482
0 0.43697916666666664 0.5027777777777778 0.013541666666666667 0.03518518518518519
0 0.3536458333333333 0.1337962962962963 0.0125 0.028703703703703703
0 0.29635416666666664 0.8171296296296297 0.022916666666666665 0.05092592592592593
0 0.23802083333333332 0.799537037037037 0.021875 0.05462962962962963
0 0.37604166666666666 0.3703703703703704 0.013541666666666667 0.03333333333333333
0 0.34322916666666664 0.30648148148148147 0.013541666666666667 0.037037037037037035
0 0.09583333333333333 0.3888888888888889 0.016666666666666666 0.037037037037037035
0 0.39739583333333334 0.5092592592592593 0.01875 0.0462962962962963
0 0.240625 0.22870370370370371 0.014583333333333334 0.03333333333333333
0 0.4765625 0.4291666666666667 0.015625 0.03981481481481482
0 0.12682291666666667 0.40972222222222227 0.015104166666666667 0.03796296296296296
0 0.41302083333333334 0.09444444444444444 0.011458333333333333 0.02962962962962963
0 0.6010416666666667 0.11944444444444445 0.011458333333333333 0.02962962962962963
0 0.27760416666666665 0.051388888888888894 0.009375 0.02314814814814815
0 0.4419270833333333 0.08564814814814815 0.011979166666666666 0.032407407407407406
0 0.525 0.513888888888889 0.01875 0.044444444444444446
0 0.2140625 0.2101851851851852 0.0125 0.03518518518518519
0 0.47031249999999997 0.0638888888888889 0.008333333333333333 0.020370370370370372
0 0.41302083333333334 0.34490740740740744 0.015625 0.028703703703703703
0 0.5658854166666667 0.05740740740740741 0.0109375 0.024074074074074074
0 0.005729166666666666 0.48333333333333334 0.011458333333333333 0.03888888888888889
0 0.19505208333333332 0.2740740740740741 0.009895833333333333 0.02592592592592593
0 0.5080729166666667 0.024074074074074074 0.008854166666666666 0.018518518518518517
0 0.9718749999999999 0.10462962962962963 0.0125 0.02777777777777778
0 0.9861979166666667 0.2777777777777778 0.0140625 0.02777777777777778
0 0.39869791666666665 0.1486111111111111 0.009895833333333333 0.02314814814814815
