0 0.4640625 0.7060185185185186 0.020833333333333332 0.05462962962962963
0 0.67890625 0.2902777777777778 0.01614583333333333 0.036111111111111115
0 0.21510416666666665 0.5069444444444444 0.01875 0.049074074074074076
0 0.21458333333333332 0.32962962962962966 0.015625 0.037037037037037035
0 0.6013020833333333 0.22916666666666669 0.013020833333333334 0.030555555555555558
0 0.17734375 0.3212962962962963 0.01614583333333333 0.03333333333333333
0 0.3416666666666667 0.4949074074074074 0.016666666666666666 0.04537037037037037
0 0.3859375 0.7175925925925927 0.017708333333333333 0.04259259259259259
0 0.4083333333333333 0.06481481481481481 0.009375 0.022222222222222223
0 0.42734374999999997 0.5865740740740741 0.021354166666666667 0.04166666666666667
0 0.3625 0.4935185185185185 0.016666666666666666 0.03888888888888889
0 0.11875 0.40324074074074073 0.019791666666666666 0.058333333333333334
0 0.371875 0.050462962962962966 0.009375 0.02314814814814815
0 0.22161458333333334 0.3814814814814815 0.0171875 0.044444444444444446
0 0.46640624999999997 0.02175925925925926 0.0078125 0.025
0 0.36328125 0.6472222222222223 0.015104166666666667 0.03518518518518519
0 0.5057291666666667 0.04212962962962963 0.009375 0.026851851851851852
0 0.48515625 0.05648148148148149 0.009895833333333333 0.02962962962962963
0 0.2565104166666667 0.8865740740740741 0.021354166666666667 0.05277777777777778
0 0.4596354166666667 0.10555555555555556 0.008854166666666666 0.020370370370370372
0 0.9723958333333333 0.10416666666666667 0.011458333333333333 0.026851851851851852
0 0.0140625 0.6356481481481482 0.02395833333333333 0.04351851851851852
0 0.6122395833333333 0.04398148148148148 0.0140625 0.025
