0 0.41119791666666666 0.09351851851851853 0.0109375 0.024074074074074074
0 0.6354166666666666 0.287962962962963 0.014583333333333334 0.03333333333333333
0 0.37447916666666664 0.08055555555555556 0.0125 0.02962962962962963
0 0.19166666666666665 0.25833333333333336 0.015625 0.03518518518518519
0 0.7375 0.3541666666666667 0.016666666666666666 0.03425925925925926
0 0.2747395833333333 0.40740740740740744 0.01614583333333333 0.04259259259259259
0 0.22682291666666665 0.27870370370370373 0.0171875 0.03518518518518519
0 0.40963541666666664 0.6180555555555556 0.0171875 0.04351851851851852
0 0.24765625 0.3175925925925926 0.018229166666666668 0.044444444444444446
0 0.13463541666666667 0.9745370370370371 0.03177083333333333 0.058333333333333334
0 0.4921875 0.6185185185185186 0.017708333333333333 0.05
0 0.31744791666666666 0.7722222222222223 0.019270833333333334 0.05185185185185186
0 0.3763020833333333 0.6055555555555556 0.021354166666666667 0.04814814814814815
0 0.15755208333333334 0.3458333333333333 0.0171875 0.049074074074074076
0 0.6044270833333333 0.07731481481481482 0.013020833333333334 0.032407407407407406
0 0.44869791666666664 0.5208333333333334 0.0171875 0.03981481481481482
0 0.5815104166666667 0.011111111111111112 0.0109375 0.020370370370370372
0 0.45286458333333335 0.06712962962962964 0.009895833333333333 0.028703703703703703
0 0.032552083333333336 0.5032407407407408 0.018229166666666668 0.03796296296296296
0 0.32057291666666665 0.010648148148148148 0.0109375 0.019444444444444445
0 0.3888020833333333 0.4300925925925926 0.015104166666666667 0.03796296296296296
0 0.3572916666666667 0.4388888888888889 0.016666666666666666 0.03888888888888889
0 0.475 0.05925925925925926 0.010416666666666666 0.02962962962962963
0 0.4734375 0.008333333333333333 0.008333333333333333 0.014814814814814815
0 0.9705729166666667 0.10092592592592593 0.013020833333333334 0.02777777777777778
0 0.06744791666666666 0.5222222222222223 0.019270833333333334 0.03888888888888889
0 0.5546875 0.013425925925925926 0.011458333333333333 0.02314814814814815
