0 0.44921875 0.4861111111111111 0.015104166666666667 0.03888888888888889
0 0.34453125 0.1527777777777778 0.013020833333333334 0.02962962962962963
0 0.59375 0.0625 0.011458333333333333 0.02314814814814815
0 0.8619791666666666 0.5111111111111112 0.022916666666666665 0.03888888888888889
0 0.7151041666666667 0.40092592592592596 0.017708333333333333 0.03518518518518519
0 0.3765625 0.6013888888888889 0.016666666666666666 0.04166666666666667
0 0.26171875 0.24444444444444446 0.0171875 0.037037037037037035
0 0.225 0.19768518518518519 0.015625 0.036111111111111115
0 0.4080729166666667 0.4800925925925926 0.01614583333333333 0.03981481481481482
0 0.4908854166666667 0.40740740740740744 0.0140625 0.037037037037037035
0 0.31875 0.774537037037037 0.019791666666666666 0.04722222222222222
0 0.24661458333333333 0.21342592592592594 0.015104166666666667 0.03425925925925926
0 0.11510416666666666 0.3578703703703704 0.015625 0.03796296296296296
0 0.26458333333333334 0.062037037037037036 0.011458333333333333 0.024074074074074074
0 0.40234375 0.10925925925925926 0.011979166666666666 0.031481481481481485
0 0.5265625 0.49768518518518523 0.01875 0.05092592592592593
0 0.14427083333333332 0.37592592592592594 0.014583333333333334 0.03518518518518519
0 0.025520833333333333 0.4449074074074074 0.016666666666666666 0.030555555555555558
0 0.4348958333333333 0.09398148148148149 0.011458333333333333 0.030555555555555558
0 0.41328125 0.3337962962962963 0.0140625 0.03425925925925926
0 0.596875 0.13611111111111113 0.013541666666666667 0.031481481481481485
0 0.20104166666666667 0.25601851851851853 0.0125 0.026851851851851852
0 0.38958333333333334 0.16435185185185186 0.011458333333333333 0.030555555555555558
0 0.5677083333333334 0.07083333333333333 0.011458333333333333 0.026851851851851852
0 0.26640625 0.7643518518518518 0.021354166666666667 0.05277777777777778
0 0.5067708333333333 0.043055555555555555 0.009375 0.017592592592592594
0 0.9718749999999999 0.10462962962962963 0.0125 0.02777777777777778
0 0.38125 0.3509259259259259 0.017708333333333333 0.037037037037037035
0 0.3580729166666667 0.28703703703703703 0.013020833333333334 0.03888888888888889
0 0.4731770833333333 0.053703703703703705 0.008854166666666666 0.022222222222222223
0 0.9861979166666667 0.27824074074074073 0.013020833333333334 0.025
