0 0.8552083333333333 0.4939814814814815 0.022916666666666665 0.03981481481481482
0 0.3481770833333333 0.1476851851851852 0.013020833333333334 0.028703703703703703
0 0.37421875 0.6138888888888889 0.0171875 0.040740740740740744
0 0.7091145833333333 0.3907407407407408 0.018229166666666668 0.03333333333333333
0 0.5932291666666667 0.05787037037037037 0.011458333333333333 0.02314814814814815
0 0.10911458333333333 0.37083333333333335 0.01614583333333333 0.03796296296296296
0 0.44427083333333334 0.49074074074074076 0.014583333333333334 0.03888888888888889
0 0.2609375 0.24814814814814815 0.015625 0.037037037037037035
0 0.3125 0.7875 0.021875 0.04537037037037037
0 0.5276041666666667 0.5 0.019791666666666666 0.0462962962962963
0 0.13880208333333333 0.38703703703703707 0.015104166666666667 0.03888888888888889
0 0.26927083333333335 0.0587962962962963 0.009375 0.02314814814814815
0 0.4049479166666667 0.10462962962962963 0.0109375 0.02962962962962963
0 0.40546875 0.48842592592592593 0.015104166666666667 0.036111111111111115
0 0.24479166666666666 0.21712962962962964 0.013541666666666667 0.032407407407407406
0 0.35260416666666666 0.29120370370370374 0.013541666666666667 0.03981481481481482
0 0.48593749999999997 0.41805555555555557 0.014583333333333334 0.04166666666666667
0 0.018489583333333334 0.4587962962962963 0.01614583333333333 0.032407407407407406
0 0.22161458333333334 0.19814814814814816 0.011979166666666666 0.02962962962962963
0 0.25677083333333334 0.7796296296296297 0.022916666666666665 0.05555555555555556
0 0.47161458333333334 0.05787037037037037 0.0078125 0.019444444444444445
0 0.5981770833333333 0.1328703703703704 0.013020833333333334 0.030555555555555558
0 0.39453125 0.16296296296296298 0.0109375 0.02777777777777778
0 0.41354166666666664 0.3388888888888889 0.015625 0.037037037037037035
0 0.19973958333333333 0.2662037037037037 0.013020833333333334 0.030555555555555558
0 0.4375 0.08935185185185185 0.010416666666666666 0.028703703703703703
0 0.5072916666666667 0.037037037037037035 0.009375 0.018518518518518517
0 0.9718749999999999 0.10462962962962963 0.0125 0.02777777777777778
0 0.98671875 0.27685185185185185 0.015104166666666667 0.02962962962962963
0 0.3796875 0.3564814814814815 0.015625 0.02962962962962963
0 0.5684895833333333 0.0699074074074074 0.013020833333333334 0.026851851851851852
