0 0.759375 0.37777777777777777 0.019791666666666666 0.03888888888888889
0 0.2908854166666667 0.3787037037037037 0.0171875 0.04259259259259259
0 0.40729166666666666 0.10555555555555556 0.011458333333333333 0.024074074074074074
0 0.6489583333333333 0.3041666666666667 0.014583333333333334 0.03425925925925926
0 0.58203125 0.019444444444444445 0.0109375 0.022222222222222223
0 0.4203125 0.5810185185185185 0.016666666666666666 0.04537037037037037
0 0.19479166666666667 0.24537037037037038 0.015625 0.037037037037037035
0 0.49296875 0.5902777777777778 0.0171875 0.05092592592592593
0 0.2559895833333333 0.3037037037037037 0.0171875 0.044444444444444446
0 0.23124999999999998 0.9583333333333334 0.025 0.05185185185185186
0 0.05078125 0.4708333333333333 0.019270833333333334 0.03796296296296296
0 0.38515625 0.5782407407407407 0.018229166666666668 0.04537037037037037
0 0.23072916666666665 0.25925925925925924 0.015625 0.031481481481481485
0 0.39401041666666664 0.4083333333333333 0.0140625 0.031481481481481485
0 0.3359375 0.7319444444444445 0.017708333333333333 0.03425925925925926
0 0.4419270833333333 0.07222222222222223 0.0109375 0.02777777777777778
0 0.16510416666666666 0.9393518518518519 0.027083333333333334 0.06759259259259259
0 0.46510416666666665 0.49444444444444446 0.015625 0.040740740740740744
0 0.31015625 0.017592592592592594 0.009895833333333333 0.022222222222222223
0 0.6 0.0837962962962963 0.0125 0.028703703703703703
0 0.16328125 0.3189814814814815 0.015104166666666667 0.03796296296296296
0 0.08125 0.4939814814814815 0.014583333333333334 0.030555555555555558
0 0.4635416666666667 0.06064814814814815 0.008333333333333333 0.021296296296296296
0 0.9705729166666667 0.10092592592592593 0.013020833333333334 0.02777777777777778
0 0.55390625 0.027314814814814816 0.0078125 0.02314814814814815
0 0.3677083333333333 0.08935185185185185 0.011458333333333333 0.02314814814814815
0 0.35963541666666665 0.41712962962962963 0.013020833333333334 0.03425925925925926
