0 0.7536458333333333 0.3666666666666667 0.01875 0.03888888888888889
0 0.6432291666666666 0.2962962962962963 0.014583333333333334 0.03333333333333333
0 0.409375 0.10231481481481482 0.010416666666666666 0.025
0 0.28541666666666665 0.3893518518518519 0.016666666666666666 0.04351851851851852
0 0.2296875 0.26481481481481484 0.017708333333333333 0.03518518518518519
0 0.19401041666666666 0.24861111111111112 0.015104166666666667 0.03425925925925926
0 0.37109375 0.09166666666666667 0.011979166666666666 0.02962962962962963
0 0.4934895833333333 0.600925925925926 0.0171875 0.04814814814814815
0 0.41744791666666664 0.5949074074074074 0.01614583333333333 0.04351851851851852
0 0.38177083333333334 0.5865740740740741 0.019791666666666666 0.05092592592592593
0 0.2520833333333333 0.30648148148148147 0.017708333333333333 0.04259259259259259
0 0.04348958333333333 0.48333333333333334 0.019270833333333334 0.040740740740740744
0 0.58203125 0.015740740740740743 0.0109375 0.024074074074074074
0 0.16015625 0.32592592592592595 0.015104166666666667 0.037037037037037035
0 0.44557291666666665 0.07222222222222223 0.009895833333333333 0.02962962962962963
0 0.3296875 0.7449074074074075 0.017708333333333333 0.04166666666666667
0 0.3130208333333333 0.014351851851851852 0.009375 0.02314814814814815
0 0.6002604166666666 0.08333333333333334 0.013020833333333334 0.031481481481481485
0 0.221875 0.975925925925926 0.027083333333333334 0.05185185185185186
0 0.15234375 0.9537037037037037 0.0296875 0.07037037037037037
0 0.45989583333333334 0.5041666666666667 0.016666666666666666 0.04166666666666667
0 0.39348958333333334 0.41481481481481486 0.011979166666666666 0.02962962962962963
0 0.3580729166666667 0.4236111111111111 0.015104166666666667 0.032407407407407406
0 0.07708333333333334 0.500462962962963 0.015625 0.03425925925925926
0 0.5536458333333333 0.02777777777777778 0.010416666666666666 0.02777777777777778
0 0.46588541666666666 0.05925925925925926 0.008854166666666666 0.018518518518518517
0 0.9705729166666667 0.10092592592592593 0.013020833333333334 0.02777777777777778
