0 0.58203125 0.020370370370370372 0.0109375 0.022222222222222223
0 0.7625 0.3819444444444445 0.017708333333333333 0.03796296296296296
0 0.6502604166666667 0.30694444444444446 0.015104166666666667 0.036111111111111115
0 0.25755208333333335 0.3013888888888889 0.0171875 0.04537037037037037
0 0.29375 0.37453703703703706 0.016666666666666666 0.04166666666666667
0 0.42265625 0.5791666666666667 0.01614583333333333 0.04166666666666667
0 0.38515625 0.575925925925926 0.018229166666666668 0.05
0 0.36614583333333334 0.0962962962962963 0.0125 0.02962962962962963
0 0.23124999999999998 0.25787037037037036 0.016666666666666666 0.032407407407407406
0 0.23359375 0.9527777777777778 0.024479166666666666 0.05555555555555556
0 0.19427083333333334 0.24583333333333335 0.014583333333333334 0.03796296296296296
0 0.4075520833333333 0.10833333333333334 0.009895833333333333 0.022222222222222223
0 0.4671875 0.48703703703703705 0.015625 0.03518518518518519
0 0.053385416666666664 0.46805555555555556 0.019270833333333334 0.03981481481481482
0 0.39453125 0.40555555555555556 0.0140625 0.031481481481481485
0 0.43906249999999997 0.07453703703703704 0.010416666666666666 0.028703703703703703
0 0.5997395833333333 0.08472222222222223 0.013020833333333334 0.030555555555555558
0 0.3372395833333333 0.7296296296296296 0.018229166666666668 0.04259259259259259
0 0.49374999999999997 0.5856481481481481 0.016666666666666666 0.04537037037037037
0 0.3072916666666667 0.019444444444444445 0.009375 0.022222222222222223
0 0.08776041666666666 0.48703703703703705 0.021354166666666667 0.037037037037037035
0 0.16432291666666665 0.3189814814814815 0.015104166666666667 0.03796296296296296
0 0.35911458333333335 0.41620370370370374 0.0140625 0.030555555555555558
0 0.16875 0.9347222222222222 0.027083333333333334 0.06759259259259259
0 0.46249999999999997 0.0625 0.009375 0.02314814814814815
0 0.5541666666666667 0.026851851851851852 0.011458333333333333 0.02962962962962963
0 0.9705729166666667 0.10092592592592593 0.013020833333333334 0.02777777777777778
