0 0.6466145833333333 0.30092592592592593 0.015104166666666667 0.03333333333333333
0 0.7580729166666667 0.3736111111111111 0.018229166666666668 0.03981481481481482
0 0.36796875 0.09444444444444444 0.011979166666666666 0.031481481481481485
0 0.19375 0.24722222222222223 0.014583333333333334 0.03518518518518519
0 0.5817708333333333 0.018055555555555557 0.010416666666666666 0.02314814814814815
0 0.40859375 0.10416666666666667 0.0109375 0.02314814814814815
0 0.3833333333333333 0.5819444444444445 0.019791666666666666 0.049074074074074076
0 0.25416666666666665 0.3023148148148148 0.017708333333333333 0.04351851851851852
0 0.2890625 0.38101851851851853 0.016666666666666666 0.03796296296296296
0 0.44296874999999997 0.06944444444444445 0.0109375 0.024074074074074074
0 0.23072916666666665 0.2606481481481482 0.015625 0.030555555555555558
0 0.22942708333333334 0.9638888888888889 0.025520833333333333 0.05555555555555556
0 0.4635416666666667 0.49768518518518523 0.016666666666666666 0.04166666666666667
0 0.3333333333333333 0.737037037037037 0.017708333333333333 0.0462962962962963
0 0.4200520833333333 0.587037037037037 0.01614583333333333 0.04259259259259259
0 0.6002604166666666 0.08425925925925926 0.013020833333333334 0.02962962962962963
0 0.39348958333333334 0.40972222222222227 0.0140625 0.030555555555555558
0 0.049479166666666664 0.475462962962963 0.017708333333333333 0.03981481481481482
0 0.08489583333333334 0.4953703703703704 0.017708333333333333 0.03518518518518519
0 0.16223958333333333 0.3194444444444445 0.01614583333333333 0.03518518518518519
0 0.1609375 0.9453703703703704 0.027083333333333334 0.06851851851851852
0 0.3109375 0.016203703703703703 0.010416666666666666 0.021296296296296296
0 0.49374999999999997 0.5930555555555556 0.017708333333333333 0.04537037037037037
0 0.55390625 0.028240740740740743 0.011979166666666666 0.026851851851851852
0 0.46380208333333334 0.0638888888888889 0.0109375 0.02777777777777778
0 0.9705729166666667 0.10092592592592593 0.013020833333333334 0.02777777777777778
0 0.35963541666666665 0.4199074074074074 0.0140625 0.03425925925925926
