0 0.7716145833333333 0.3976851851851852 0.0203125 0.03796296296296296
0 0.2622395833333333 0.2925925925925926 0.018229166666666668 0.04259259259259259
0 0.5809895833333333 0.025462962962962965 0.0109375 0.02314814814814815
0 0.4265625 0.562962962962963 0.014583333333333334 0.03888888888888889
0 0.3013020833333333 0.3615740740740741 0.01614583333333333 0.04166666666666667
0 0.6591145833333333 0.3175925925925926 0.015104166666666667 0.03333333333333333
0 0.49583333333333335 0.5712962962962963 0.01875 0.05185185185185186
0 0.0625 0.44907407407407407 0.01875 0.040740740740740744
0 0.19401041666666666 0.23472222222222222 0.0140625 0.03425925925925926
0 0.4049479166666667 0.10972222222222222 0.009895833333333333 0.025
0 0.36276041666666664 0.09953703703703703 0.011979166666666666 0.030555555555555558
0 0.38828125 0.5648148148148149 0.01614583333333333 0.044444444444444446
0 0.23203125 0.2523148148148148 0.01614583333333333 0.030555555555555558
0 0.24375 0.9300925925925926 0.022916666666666665 0.049074074074074076
0 0.5984375 0.08703703703703704 0.0125 0.02777777777777778
0 0.18359375 0.9069444444444444 0.024479166666666666 0.05648148148148149
0 0.30234375 0.021296296296296296 0.009895833333333333 0.022222222222222223
0 0.47161458333333334 0.47870370370370374 0.015104166666666667 0.037037037037037035
0 0.3424479166666667 0.7134259259259259 0.0171875 0.04166666666666667
0 0.4341145833333333 0.0763888888888889 0.0109375 0.030555555555555558
0 0.3611979166666667 0.41203703703703703 0.0140625 0.03518518518518519
0 0.3963541666666667 0.3939814814814815 0.015625 0.03425925925925926
0 0.46848958333333335 0.07824074074074075 0.0067708333333333336 0.019444444444444445
0 0.45703125 0.062037037037037036 0.0109375 0.024074074074074074
0 0.090625 0.4712962962962963 0.016666666666666666 0.037037037037037035
0 0.16796875 0.312962962962963 0.019270833333333334 0.040740740740740744
0 0.5546875 0.025462962962962965 0.0125 0.026851851851851852
0 0.9721354166666667 0.10092592592592593 0.013020833333333334 0.02777777777777778
