0 0.7408854166666666 0.4361111111111111 0.018229166666666668 0.03518518518518519
0 0.33619791666666665 0.1726851851851852 0.013020833333333334 0.028703703703703703
0 0.3888020833333333 0.125 0.011979166666666666 0.02962962962962963
0 0.59765625 0.075 0.0109375 0.024074074074074074
0 0.8958333333333334 0.5625 0.020833333333333332 0.04166666666666667
0 0.3828125 0.5643518518518519 0.014583333333333334 0.032407407407407406
0 0.2953125 0.7069444444444445 0.019791666666666666 0.04722222222222222
0 0.49947916666666664 0.37592592592592594 0.015625 0.037037037037037035
0 0.15911458333333334 0.3421296296296296 0.0140625 0.03425925925925926
0 0.5302083333333333 0.45925925925925926 0.017708333333333333 0.044444444444444446
0 0.13203125 0.3282407407407408 0.015104166666666667 0.03796296296296296
0 0.049479166666666664 0.41250000000000003 0.014583333333333334 0.036111111111111115
0 0.26796875 0.22314814814814815 0.0171875 0.040740740740740744
0 0.46484375 0.45601851851851855 0.01614583333333333 0.03981481481481482
0 0.23229166666666667 0.18055555555555555 0.0125 0.03333333333333333
0 0.2520833333333333 0.08009259259259259 0.010416666666666666 0.025
0 0.41562499999999997 0.44907407407407407 0.014583333333333334 0.03518518518518519
0 0.21015625 0.24444444444444446 0.013020833333333334 0.03333333333333333
0 0.25677083333333334 0.19722222222222224 0.013541666666666667 0.031481481481481485
0 0.4197916666666667 0.10648148148148148 0.0125 0.02962962962962963
0 0.3375 0.7282407407407407 0.021875 0.05092592592592593
0 0.5544270833333333 0.009722222222222222 0.008854166666666666 0.019444444444444445
0 0.4127604166666667 0.3037037037037037 0.0109375 0.031481481481481485
0 0.3802083333333333 0.2601851851851852 0.0125 0.03518518518518519
0 0.57578125 0.08472222222222223 0.0109375 0.025
0 0.5049479166666666 0.05555555555555556 0.009895833333333333 0.02592592592592593
0 0.39036458333333335 0.32453703703703707 0.013020833333333334 0.03796296296296296
0 0.97109375 0.10416666666666667 0.0140625 0.026851851851851852
0 0.9848958333333333 0.27870370370370373 0.015625 0.02962962962962963
0 0.37994791666666666 0.18101851851851852 0.013020833333333334 0.026851851851851852
0 0.4770833333333333 0.04398148148148148 0.010416666666666666 0.02314814814814815
0 0.5942708333333333 0.15 0.011458333333333333 0.02777777777777778
