0 0.6307291666666667 0.274537037037037 0.013541666666666667 0.032407407407407406
0 0.7239583333333334 0.3458333333333333 0.015625 0.036111111111111115
0 0.18880208333333334 0.27361111111111114 0.015104166666666667 0.03425925925925926
0 0.6065104166666666 0.06805555555555556 0.0140625 0.028703703703703703
0 0.26276041666666666 0.4273148148148148 0.0171875 0.04166666666666667
0 0.37447916666666664 0.07407407407407407 0.011458333333333333 0.02777777777777778
0 0.40546875 0.6365740740740741 0.015104166666666667 0.036111111111111115
0 0.221875 0.29074074074074074 0.015625 0.03518518518518519
0 0.41041666666666665 0.08935185185185185 0.009375 0.02314814814814815
0 0.025260416666666667 0.5277777777777778 0.019270833333333334 0.040740740740740744
0 0.3575520833333333 0.44722222222222224 0.0140625 0.037037037037037035
0 0.24453125 0.33194444444444443 0.0171875 0.04351851851851852
0 0.30625 0.788888888888889 0.019791666666666666 0.05
0 0.48671875 0.6370370370370371 0.018229166666666668 0.044444444444444446
0 0.5799479166666667 0.009259259259259259 0.009895833333333333 0.018518518518518517
0 0.15130208333333334 0.35324074074074074 0.01614583333333333 0.04351851851851852
0 0.36640625 0.6148148148148148 0.019270833333333334 0.044444444444444446
0 0.48125 0.05601851851851852 0.010416666666666666 0.030555555555555558
0 0.4440104166666667 0.5300925925925926 0.0171875 0.03796296296296296
0 0.3841145833333333 0.4412037037037037 0.015104166666666667 0.032407407407407406
0 0.3260416666666667 0.009259259259259259 0.009375 0.016666666666666666
0 0.47161458333333334 0.012037037037037037 0.008854166666666666 0.022222222222222223
0 0.46249999999999997 0.06759259259259259 0.011458333333333333 0.02592592592592593
0 0.9705729166666667 0.10092592592592593 0.013020833333333334 0.02777777777777778
0 0.058333333333333334 0.5486111111111112 0.016666666666666666 0.04351851851851852
0 0.5533854166666666 0.012962962962962964 0.008854166666666666 0.020370370370370372
