0 0.46328125 0.7652777777777778 0.021354166666666667 0.05092592592592593
0 0.17291666666666666 0.34675925925925927 0.016666666666666666 0.036111111111111115
0 0.65078125 0.26481481481481484 0.015104166666666667 0.03518518518518519
0 0.20729166666666665 0.35879629629629634 0.016666666666666666 0.036111111111111115
0 0.5932291666666667 0.2 0.011458333333333333 0.02962962962962963
0 0.3453125 0.6722222222222223 0.019791666666666666 0.04259259259259259
0 0.18098958333333334 0.5657407407407408 0.0203125 0.04259259259259259
0 0.3731770833333333 0.03287037037037037 0.009895833333333333 0.021296296296296296
0 0.3536458333333333 0.7712962962962964 0.019791666666666666 0.0462962962962963
0 0.40208333333333335 0.6305555555555555 0.021875 0.04814814814814815
0 0.49895833333333334 0.051388888888888894 0.010416666666666666 0.028703703703703703
0 0.40781249999999997 0.049074074074074076 0.008333333333333333 0.020370370370370372
0 0.33307291666666666 0.5328703703703704 0.013020833333333334 0.03796296296296296
0 0.10286458333333333 0.4365740740740741 0.019270833333333334 0.06018518518518519
0 0.4630208333333333 0.034722222222222224 0.008333333333333333 0.025
0 0.3653645833333333 0.5273148148148148 0.01614583333333333 0.03425925925925926
0 0.19765625 0.4101851851851852 0.0171875 0.0462962962962963
0 0.6239583333333333 0.03657407407407408 0.011458333333333333 0.026851851851851852
0 0.5229166666666667 0.033796296296296297 0.010416666666666666 0.026851851851851852
0 0.21562499999999998 0.9601851851851853 0.029166666666666667 0.061111111111111116
0 0.4549479166666667 0.1125 0.0078125 0.021296296296296296
0 0.9705729166666667 0.10416666666666667 0.013020833333333334 0.026851851851851852
