0 0.39010416666666664 0.7166666666666667 0.021875 0.04814814814814815
0 0.32890625 0.7356481481481482 0.0203125 0.05277777777777778
0 0.45468749999999997 0.0587962962962963 0.009375 0.026851851851851852
0 0.30859375 0.5944444444444444 0.019270833333333334 0.0462962962962963
0 0.6109375 0.21064814814814817 0.014583333333333334 0.032407407407407406
0 0.11744791666666667 0.6796296296296297 0.021354166666666667 0.05185185185185186
0 0.15078125 0.39814814814814814 0.018229166666666668 0.03888888888888889
0 0.05651041666666667 0.47870370370370374 0.018229166666666668 0.044444444444444446
0 0.42994791666666665 0.8643518518518519 0.024479166666666666 0.06018518518518519
0 0.3796875 0.014814814814814815 0.009375 0.02592592592592593
0 0.5716145833333334 0.16203703703703703 0.0109375 0.02592592592592593
0 0.18776041666666665 0.412962962962963 0.0171875 0.03888888888888889
0 0.51796875 0.032407407407407406 0.009895833333333333 0.02777777777777778
0 0.34479166666666666 0.5907407407407408 0.021875 0.044444444444444446
0 0.175 0.47500000000000003 0.016666666666666666 0.044444444444444446
0 0.41119791666666666 0.025 0.0078125 0.020370370370370372
0 0.31197916666666664 0.8787037037037038 0.016666666666666666 0.044444444444444446
0 0.54296875 0.01898148148148148 0.008854166666666666 0.02314814814814815
0 0.4484375 0.1439814814814815 0.009375 0.02314814814814815
0 0.9700520833333334 0.10740740740740741 0.0140625 0.02777777777777778
0 0.6356770833333333 0.007870370370370371 0.009895833333333333 0.015740740740740743
