0 0.37057291666666664 0.7597222222222223 0.022395833333333334 0.05092592592592593
0 0.5661458333333333 0.1388888888888889 0.0125 0.02592592592592593
0 0.5921875 0.19398148148148148 0.014583333333333334 0.032407407407407406
0 0.15520833333333334 0.5050925925925926 0.019791666666666666 0.049074074074074076
0 0.08203125 0.7388888888888889 0.024479166666666666 0.05925925925925926
0 0.30755208333333334 0.6291666666666667 0.0171875 0.04722222222222222
0 0.3182291666666667 0.7722222222222223 0.021875 0.05555555555555556
0 0.45208333333333334 0.0699074074074074 0.009375 0.026851851851851852
0 0.04114583333333333 0.5023148148148149 0.01875 0.04722222222222222
0 0.14713541666666666 0.41944444444444445 0.01614583333333333 0.03888888888888889
0 0.17916666666666667 0.4365740740740741 0.016666666666666666 0.03981481481481482
0 0.4244791666666667 0.9111111111111111 0.021875 0.04814814814814815
0 0.5255208333333333 0.02361111111111111 0.009375 0.025
0 0.2869791666666667 0.9398148148148149 0.02395833333333333 0.061111111111111116
0 0.44453125 0.15925925925925927 0.008854166666666666 0.02592592592592593
0 0.9671875 0.1125 0.011458333333333333 0.025
0 0.4171875 0.011574074074074075 0.011458333333333333 0.02314814814814815
0 0.5541666666666667 0.015277777777777779 0.011458333333333333 0.026851851851851852
0 0.3375 0.612037037037037 0.021875 0.04259259259259259
