0 0.14765625 0.5175925925925926 0.018229166666666668 0.04814814814814815
0 0.17395833333333333 0.4527777777777778 0.017708333333333333 0.040740740740740744
0 0.30546875 0.6412037037037037 0.0171875 0.04166666666666667
0 0.58125 0.18101851851851852 0.014583333333333334 0.03425925925925926
0 0.14401041666666667 0.4287037037037037 0.0203125 0.044444444444444446
0 0.44895833333333335 0.07592592592592592 0.008333333333333333 0.02592592592592593
0 0.030208333333333334 0.5175925925925926 0.016666666666666666 0.040740740740740744
0 0.56171875 0.13240740740740742 0.0109375 0.02592592592592593
0 0.35963541666666665 0.7824074074074074 0.0234375 0.04814814814814815
0 0.30859375 0.7925925925925926 0.0203125 0.053703703703703705
0 0.26796875 0.9648148148148149 0.022395833333333334 0.05555555555555556
0 0.06692708333333333 0.7703703703703704 0.025520833333333333 0.06481481481481481
0 0.5294270833333333 0.014351851851851852 0.008854166666666666 0.02314814814814815
0 0.33932291666666664 0.6296296296296297 0.0203125 0.0462962962962963
0 0.42265625 0.9337962962962963 0.0265625 0.05277777777777778
0 0.44166666666666665 0.16527777777777777 0.008333333333333333 0.021296296296296296
0 0.9671875 0.1125 0.011458333333333333 0.025
0 0.5565104166666667 0.014351851851851852 0.008854166666666666 0.025
0 0.42109375 0.008796296296296297 0.008854166666666666 0.017592592592592594
