0 0.24947916666666667 0.19074074074074074 0.013541666666666667 0.03333333333333333
0 0.5317708333333333 0.3763888888888889 0.013541666666666667 0.03796296296296296
0 0.4747395833333333 0.4393518518518519 0.0171875 0.04351851851851852
0 0.14869791666666665 0.2337962962962963 0.0171875 0.032407407407407406
0 0.7567708333333333 0.30092592592592593 0.01875 0.040740740740740744
0 0.5778645833333333 0.21712962962962964 0.013020833333333334 0.030555555555555558
0 0.2703125 0.5347222222222222 0.01875 0.03981481481481482
0 0.384375 0.3472222222222222 0.013541666666666667 0.03518518518518519
0 0.37213541666666666 0.22592592592592595 0.0140625 0.037037037037037035
0 0.5294270833333333 0.19861111111111113 0.013020833333333334 0.028703703703703703
0 0.3346354166666667 0.35879629629629634 0.01614583333333333 0.04166666666666667
0 0.290625 0.26296296296296295 0.014583333333333334 0.03333333333333333
0 0.5885416666666666 0.35000000000000003 0.013541666666666667 0.037037037037037035
0 0.28046875 0.3726851851851852 0.015104166666666667 0.03796296296296296
0 0.6799479166666667 0.32962962962962966 0.0140625 0.03888888888888889
0 0.6369791666666667 0.24166666666666667 0.013541666666666667 0.03518518518518519
0 0.16171875 0.2837962962962963 0.01614583333333333 0.036111111111111115
0 0.6184895833333334 0.2537037037037037 0.0140625 0.037037037037037035
0 0.7763020833333333 0.24120370370370373 0.0140625 0.032407407407407406
0 0.4278645833333333 0.3402777777777778 0.0140625 0.032407407407407406
0 0.18932291666666667 0.30833333333333335 0.015104166666666667 0.037037037037037035
0 0.03671875 0.15787037037037038 0.015104166666666667 0.03796296296296296
0 0.7385416666666667 0.4861111111111111 0.017708333333333333 0.04259259259259259
0 0.7484375 0.38703703703703707 0.022916666666666665 0.037037037037037035
0 0.875 0.40231481481481485 0.020833333333333332 0.03981481481481482
0 0.8971354166666666 0.06851851851851852 0.015104166666666667 0.031481481481481485
