0 0.2778645833333333 0.12175925925925926 0.013020833333333334 0.030555555555555558
0 0.7940104166666666 0.3851851851851852 0.021354166666666667 0.040740740740740744
0 0.6067708333333334 0.45925925925925926 0.016666666666666666 0.03888888888888889
0 0.4341145833333333 0.24537037037037038 0.0140625 0.02962962962962963
0 0.32708333333333334 0.19166666666666668 0.0125 0.02962962962962963
0 0.2786458333333333 0.4791666666666667 0.015625 0.03796296296296296
0 0.3625 0.2550925925925926 0.015625 0.03981481481481482
0 0.5744791666666667 0.3060185185185185 0.015625 0.03425925925925926
0 0.50625 0.29074074074074074 0.014583333333333334 0.031481481481481485
0 0.6270833333333333 0.15416666666666667 0.0125 0.032407407407407406
0 0.6630208333333333 0.22870370370370371 0.011458333333333333 0.031481481481481485
0 0.23645833333333333 0.663425925925926 0.021875 0.04166666666666667
0 0.3802083333333333 0.12916666666666668 0.0125 0.03425925925925926
0 0.6942708333333333 0.3578703703703704 0.013541666666666667 0.036111111111111115
0 0.08671875 0.3282407407407408 0.01614583333333333 0.03425925925925926
0 0.13697916666666665 0.3805555555555556 0.015625 0.037037037037037035
0 0.6083333333333333 0.16342592592592592 0.013541666666666667 0.03796296296296296
0 0.0390625 0.22268518518518518 0.014583333333333334 0.030555555555555558
0 0.72421875 0.1574074074074074 0.013020833333333334 0.031481481481481485
0 0.5364583333333334 0.48703703703703705 0.014583333333333334 0.03518518518518519
0 0.41119791666666666 0.4342592592592593 0.01614583333333333 0.040740740740740744
0 0.4674479166666667 0.3277777777777778 0.015104166666666667 0.031481481481481485
0 0.7619791666666667 0.3106481481481482 0.015625 0.028703703703703703
0 0.18984375 0.4083333333333333 0.0171875 0.05
0 0.778125 0.4814814814814815 0.020833333333333332 0.03518518518518519
0 0.8986979166666667 0.06342592592592593 0.01614583333333333 0.030555555555555558
