0 0.4236979166666667 0.2601851851851852 0.013020833333333334 0.03333333333333333
0 0.7020833333333333 0.3805555555555556 0.014583333333333334 0.037037037037037035
0 0.27760416666666665 0.4615740740740741 0.016666666666666666 0.03796296296296296
0 0.5385416666666667 0.4671296296296297 0.013541666666666667 0.03425925925925926
0 0.3536458333333333 0.2606481481481482 0.015625 0.04166666666666667
0 0.57265625 0.28194444444444444 0.0140625 0.03425925925925926
0 0.321875 0.20046296296296298 0.0125 0.030555555555555558
0 0.27265625 0.1300925925925926 0.013020833333333334 0.032407407407407406
0 0.3794270833333333 0.1449074074074074 0.011979166666666666 0.03425925925925926
0 0.14140625 0.35833333333333334 0.01614583333333333 0.03888888888888889
0 0.60078125 0.4388888888888889 0.01614583333333333 0.03888888888888889
0 0.6111979166666667 0.17916666666666667 0.013020833333333334 0.036111111111111115
0 0.51171875 0.2712962962962963 0.013020833333333334 0.031481481481481485
0 0.6682291666666667 0.24537037037037038 0.013541666666666667 0.03333333333333333
0 0.24791666666666667 0.638425925925926 0.020833333333333332 0.04351851851851852
0 0.77734375 0.3726851851851852 0.022395833333333334 0.049074074074074076
0 0.41302083333333334 0.40925925925925927 0.016666666666666666 0.037037037037037035
0 0.62890625 0.1685185185185185 0.011979166666666666 0.03333333333333333
0 0.46822916666666664 0.3402777777777778 0.015625 0.028703703703703703
0 0.7296875 0.16805555555555557 0.011458333333333333 0.030555555555555558
0 0.096875 0.3125 0.016666666666666666 0.036111111111111115
0 0.7703125 0.4564814814814815 0.02395833333333333 0.03888888888888889
0 0.7833333333333333 0.33101851851851855 0.01875 0.04166666666666667
0 0.18828125 0.38703703703703707 0.0171875 0.05
0 0.03854166666666667 0.20694444444444446 0.015625 0.03425925925925926
0 0.8973958333333333 0.06157407407407408 0.015625 0.026851851851851852
