0 0.8130208333333333 0.4476851851851852 0.021875 0.04166666666666667
0 0.3046875 0.09861111111111112 0.011458333333333333 0.030555555555555558
0 0.45598958333333334 0.20370370370370372 0.011979166666666666 0.031481481481481485
0 0.5734375 0.3699074074074074 0.015625 0.036111111111111115
0 0.21953124999999998 0.7689814814814815 0.022395833333333334 0.04351851851851852
0 0.3442708333333333 0.16342592592592592 0.011458333333333333 0.030555555555555558
0 0.4934895833333333 0.3597222222222222 0.01614583333333333 0.032407407407407406
0 0.6091145833333333 0.1277777777777778 0.013020833333333334 0.03333333333333333
0 0.6161458333333333 0.5430555555555556 0.01875 0.04166666666666667
0 0.6578125 0.1902777777777778 0.013541666666666667 0.032407407407407406
0 0.7072916666666667 0.11944444444444445 0.011458333333333333 0.02962962962962963
0 0.3765625 0.09212962962962963 0.0125 0.032407407407407406
0 0.2708333333333333 0.5615740740740741 0.01875 0.04166666666666667
0 0.6770833333333334 0.3078703703703704 0.013541666666666667 0.03425925925925926
0 0.7166666666666667 0.27824074074074073 0.016666666666666666 0.036111111111111115
0 0.62578125 0.12407407407407407 0.011979166666666666 0.031481481481481485
0 0.12447916666666667 0.4550925925925926 0.017708333333333333 0.04166666666666667
0 0.39479166666666665 0.2111111111111111 0.014583333333333334 0.037037037037037035
0 0.5458333333333333 0.575462962962963 0.014583333333333334 0.036111111111111115
0 0.4046875 0.5046296296296297 0.017708333333333333 0.04259259259259259
0 0.029947916666666668 0.28240740740740744 0.015104166666666667 0.02962962962962963
0 0.05286458333333333 0.41064814814814815 0.018229166666666668 0.03981481481481482
0 0.46119791666666665 0.2865740740740741 0.0140625 0.032407407407407406
0 0.17447916666666666 0.4708333333333333 0.022916666666666665 0.03796296296296296
0 0.8015625 0.5750000000000001 0.028125 0.040740740740740744
0 0.8966145833333333 0.06944444444444445 0.0140625 0.03333333333333333
