0 0.5731770833333333 0.27546296296296297 0.015104166666666667 0.03425925925925926
0 0.51328125 0.2625 0.0140625 0.030555555555555558
0 0.6705729166666666 0.24861111111111112 0.0140625 0.03425925925925926
0 0.25078125 0.6277777777777778 0.0203125 0.04259259259259259
0 0.27578125 0.4564814814814815 0.0171875 0.040740740740740744
0 0.353125 0.26712962962962966 0.015625 0.03981481481481482
0 0.37890625 0.14722222222222223 0.011979166666666666 0.03518518518518519
0 0.42109375 0.26296296296296295 0.011979166666666666 0.031481481481481485
0 0.5395833333333333 0.4601851851851852 0.011458333333333333 0.031481481481481485
0 0.32005208333333335 0.20370370370370372 0.011979166666666666 0.02962962962962963
0 0.6302083333333334 0.1712962962962963 0.013541666666666667 0.031481481481481485
0 0.6135416666666667 0.1837962962962963 0.0125 0.03425925925925926
0 0.14192708333333334 0.3527777777777778 0.0171875 0.03888888888888889
0 0.5986979166666666 0.4310185185185185 0.0171875 0.036111111111111115
0 0.2713541666666667 0.13333333333333333 0.0125 0.03518518518518519
0 0.7317708333333334 0.17222222222222222 0.013541666666666667 0.031481481481481485
0 0.7763020833333333 0.3652777777777778 0.021354166666666667 0.03981481481481482
0 0.7059895833333333 0.3861111111111111 0.0140625 0.03888888888888889
0 0.46770833333333334 0.3458333333333333 0.016666666666666666 0.028703703703703703
0 0.09947916666666666 0.3087962962962963 0.016666666666666666 0.036111111111111115
0 0.4125 0.4046296296296297 0.015625 0.037037037037037035
0 0.1890625 0.3763888888888889 0.017708333333333333 0.04351851851851852
0 0.037760416666666664 0.20324074074074075 0.0140625 0.030555555555555558
0 0.790625 0.33333333333333337 0.020833333333333332 0.040740740740740744
0 0.771875 0.4444444444444445 0.020833333333333332 0.03333333333333333
0 0.896875 0.06527777777777778 0.015625 0.030555555555555558
