0 0.3502604166666667 0.29212962962962963 0.01614583333333333 0.04351851851851852
0 0.3151041666666667 0.2212962962962963 0.013541666666666667 0.031481481481481485
0 0.38203125 0.16805555555555557 0.013020833333333334 0.03796296296296296
0 0.26067708333333334 0.600462962962963 0.018229166666666668 0.04351851851851852
0 0.7669270833333334 0.350462962962963 0.0203125 0.04166666666666667
0 0.7158854166666666 0.4087962962962963 0.01614583333333333 0.03796296296296296
0 0.11119791666666666 0.28055555555555556 0.01614583333333333 0.03518518518518519
0 0.5736979166666667 0.2569444444444445 0.0140625 0.032407407407407406
0 0.46640624999999997 0.375 0.01614583333333333 0.03888888888888889
0 0.14557291666666666 0.33101851851851855 0.01614583333333333 0.036111111111111115
0 0.6752604166666667 0.26805555555555555 0.0140625 0.032407407407407406
0 0.6341145833333334 0.18611111111111112 0.013020833333333334 0.031481481481481485
0 0.5182291666666666 0.2439814814814815 0.014583333333333334 0.030555555555555558
0 0.2638020833333333 0.1513888888888889 0.013020833333333334 0.03425925925925926
0 0.6158854166666666 0.19814814814814816 0.0140625 0.037037037037037035
0 0.59453125 0.40185185185185185 0.01614583333333333 0.037037037037037035
0 0.5388020833333333 0.4305555555555556 0.0140625 0.03888888888888889
0 0.4125 0.28935185185185186 0.0125 0.032407407407407406
0 0.2721354166666667 0.425462962962963 0.015104166666666667 0.03796296296296296
0 0.7432291666666666 0.18935185185185185 0.013541666666666667 0.03425925925925926
0 0.19140625 0.35324074074074074 0.015104166666666667 0.03425925925925926
0 0.8166666666666667 0.3453703703703704 0.017708333333333333 0.037037037037037035
0 0.036458333333333336 0.18888888888888888 0.014583333333333334 0.031481481481481485
0 0.40963541666666664 0.3791666666666667 0.019270833333333334 0.03981481481481482
0 0.7736979166666667 0.4240740740740741 0.021354166666666667 0.040740740740740744
0 0.8971354166666666 0.06527777777777778 0.015104166666666667 0.030555555555555558
