0 0.2546875 0.16574074074074074 0.013541666666666667 0.031481481481481485
0 0.34479166666666666 0.3212962962962963 0.016666666666666666 0.044444444444444446
0 0.38203125 0.18935185185185185 0.0140625 0.03796296296296296
0 0.2638020833333333 0.5685185185185185 0.019270833333333334 0.040740740740740744
0 0.5770833333333333 0.2351851851851852 0.0125 0.031481481481481485
0 0.5223958333333333 0.22083333333333335 0.014583333333333334 0.028703703703703703
0 0.2778645833333333 0.40092592592592596 0.0140625 0.037037037037037035
0 0.5953125 0.375462962962963 0.014583333333333334 0.036111111111111115
0 0.4015625 0.31527777777777777 0.014583333333333334 0.03425925925925926
0 0.7643229166666666 0.3212962962962963 0.019270833333333334 0.0462962962962963
0 0.6747395833333333 0.2986111111111111 0.011979166666666666 0.030555555555555558
0 0.46822916666666664 0.40740740740740744 0.014583333333333334 0.040740740740740744
0 0.3046875 0.24537037037037038 0.013541666666666667 0.031481481481481485
0 0.6166666666666667 0.2263888888888889 0.013541666666666667 0.03796296296296296
0 0.5333333333333333 0.40740740740740744 0.011458333333333333 0.02962962962962963
0 0.63359375 0.2152777777777778 0.0140625 0.03425925925925926
0 0.7234375 0.4513888888888889 0.015625 0.03981481481481482
0 0.15130208333333334 0.3060185185185185 0.01614583333333333 0.03425925925925926
0 0.76015625 0.20833333333333334 0.011979166666666666 0.02777777777777778
0 0.03671875 0.17500000000000002 0.015104166666666667 0.02962962962962963
0 0.12942708333333333 0.26296296296296295 0.0171875 0.03518518518518519
0 0.19401041666666666 0.3282407407407408 0.022395833333333334 0.036111111111111115
0 0.41328125 0.3611111111111111 0.019270833333333334 0.031481481481481485
0 0.76484375 0.41111111111111115 0.0203125 0.03333333333333333
0 0.8440104166666667 0.375 0.021354166666666667 0.04814814814814815
0 0.8971354166666666 0.06527777777777778 0.015104166666666667 0.030555555555555558
