0 0.3346354166666667 0.3773148148148148 0.018229166666666668 0.04351851851851852
0 0.53203125 0.35833333333333334 0.013020833333333334 0.03333333333333333
0 0.7494791666666667 0.2847222222222222 0.017708333333333333 0.04166666666666667
0 0.24583333333333332 0.20277777777777778 0.013541666666666667 0.03518518518518519
0 0.684375 0.3476851851851852 0.015625 0.03796296296296296
0 0.57734375 0.20092592592592592 0.0140625 0.02962962962962963
0 0.36640625 0.23750000000000002 0.015104166666666667 0.03981481481481482
0 0.53125 0.18611111111111112 0.014583333333333334 0.02777777777777778
0 0.27578125 0.5152777777777778 0.0171875 0.03981481481481482
0 0.16067708333333333 0.22314814814814815 0.01614583333333333 0.031481481481481485
0 0.64296875 0.2587962962962963 0.0140625 0.03425925925925926
0 0.47421874999999997 0.4638888888888889 0.01614583333333333 0.037037037037037035
0 0.16145833333333334 0.26851851851851855 0.01875 0.037037037037037035
0 0.5809895833333333 0.325 0.0140625 0.03888888888888889
0 0.2859375 0.28101851851851856 0.011458333333333333 0.032407407407407406
0 0.3796875 0.3717592592592593 0.013541666666666667 0.030555555555555558
0 0.6221354166666666 0.2675925925925926 0.011979166666666666 0.02962962962962963
0 0.43203125 0.3263888888888889 0.013020833333333334 0.030555555555555558
0 0.7515625 0.5097222222222222 0.016666666666666666 0.04722222222222222
0 0.78828125 0.25833333333333336 0.0171875 0.037037037037037035
0 0.19036458333333334 0.29120370370370374 0.0140625 0.030555555555555558
0 0.8940104166666667 0.4115740740740741 0.018229166666666668 0.036111111111111115
0 0.03671875 0.14166666666666666 0.015104166666666667 0.024074074074074074
0 0.8976562499999999 0.0699074074074074 0.0140625 0.030555555555555558
0 0.73984375 0.3712962962962963 0.01614583333333333 0.03333333333333333
0 0.2838541666666667 0.3541666666666667 0.017708333333333333 0.030555555555555558
