0 0.2565104166666667 0.16018518518518518 0.0140625 0.031481481481481485
0 0.2635416666666667 0.5824074074074075 0.01875 0.04259259259259259
0 0.34765625 0.3092592592592593 0.01614583333333333 0.044444444444444446
0 0.14921875 0.31342592592592594 0.0171875 0.036111111111111115
0 0.5760416666666667 0.24444444444444446 0.013541666666666667 0.031481481481481485
0 0.6346354166666667 0.20694444444444446 0.0140625 0.03425925925925926
0 0.38307291666666665 0.18425925925925926 0.0140625 0.037037037037037035
0 0.6760416666666667 0.2898148148148148 0.013541666666666667 0.03518518518518519
0 0.76484375 0.33333333333333337 0.0203125 0.04259259259259259
0 0.7213541666666666 0.4375 0.015625 0.036111111111111115
0 0.5947916666666666 0.3861111111111111 0.014583333333333334 0.03333333333333333
0 0.52109375 0.22731481481481483 0.0140625 0.028703703703703703
0 0.6177083333333333 0.2175925925925926 0.015625 0.03888888888888889
0 0.2747395833333333 0.41250000000000003 0.01614583333333333 0.03981481481481482
0 0.40546875 0.3055555555555556 0.0140625 0.03518518518518519
0 0.4671875 0.39212962962962966 0.013541666666666667 0.036111111111111115
0 0.5354166666666667 0.41712962962962963 0.014583333333333334 0.036111111111111115
0 0.12239583333333333 0.26851851851851855 0.017708333333333333 0.03333333333333333
0 0.30859375 0.23472222222222222 0.0140625 0.030555555555555558
0 0.75390625 0.20324074074074075 0.011979166666666666 0.030555555555555558
0 0.19192708333333333 0.3425925925925926 0.015104166666666667 0.040740740740740744
0 0.03619791666666666 0.17731481481481481 0.0140625 0.028703703703703703
0 0.41041666666666665 0.3726851851851852 0.01875 0.036111111111111115
0 0.76953125 0.41064814814814815 0.022395833333333334 0.03796296296296296
0 0.8328125 0.36435185185185187 0.020833333333333332 0.03796296296296296
0 0.8976562499999999 0.06574074074074074 0.0140625 0.02777777777777778
