0 0.27630208333333334 0.12731481481481483 0.013020833333333334 0.03425925925925926
0 0.7861979166666666 0.37824074074074077 0.021354166666666667 0.04166666666666667
0 0.38046875 0.13842592592592592 0.013020833333333334 0.036111111111111115
0 0.6041666666666666 0.4481481481481482 0.017708333333333333 0.03888888888888889
0 0.27838541666666666 0.46944444444444444 0.01614583333333333 0.037037037037037035
0 0.6651041666666666 0.23703703703703705 0.013541666666666667 0.03333333333333333
0 0.5088541666666666 0.28194444444444444 0.014583333333333334 0.030555555555555558
0 0.42916666666666664 0.25462962962962965 0.0125 0.031481481481481485
0 0.13880208333333333 0.3680555555555556 0.01614583333333333 0.03796296296296296
0 0.24140625 0.6518518518518519 0.021354166666666667 0.04259259259259259
0 0.32421875 0.19490740740740742 0.011979166666666666 0.028703703703703703
0 0.5729166666666666 0.29583333333333334 0.014583333333333334 0.03425925925925926
0 0.6104166666666666 0.16990740740740742 0.013541666666666667 0.03425925925925926
0 0.5377604166666666 0.475462962962963 0.015104166666666667 0.036111111111111115
0 0.628125 0.16111111111111112 0.0125 0.03333333333333333
0 0.46848958333333335 0.33240740740740743 0.015104166666666667 0.02777777777777778
0 0.4114583333333333 0.42129629629629634 0.016666666666666666 0.037037037037037035
0 0.35703125 0.2574074074074074 0.01614583333333333 0.04259259259259259
0 0.09192708333333333 0.3189814814814815 0.0171875 0.036111111111111115
0 0.6984375 0.3685185185185185 0.014583333333333334 0.03888888888888889
0 0.72734375 0.16296296296296298 0.013020833333333334 0.02777777777777778
0 0.7734375 0.32037037037037036 0.016666666666666666 0.03518518518518519
0 0.18828125 0.39305555555555555 0.01614583333333333 0.04166666666666667
0 0.03854166666666667 0.2152777777777778 0.014583333333333334 0.03425925925925926
0 0.7763020833333333 0.47175925925925927 0.025520833333333333 0.04537037037037037
0 0.8981770833333333 0.0638888888888889 0.015104166666666667 0.031481481481481485
