0 0.20963541666666666 0.17083333333333334 0.01614583333333333 0.028703703703703703
0 0.5768229166666666 0.27361111111111114 0.015104166666666667 0.03425925925925926
0 0.5393229166666667 0.1375 0.013020833333333334 0.026851851851851852
0 0.7372395833333333 0.22175925925925927 0.018229166666666668 0.032407407407407406
0 0.16640625 0.2263888888888889 0.015104166666666667 0.032407407407407406
0 0.33489583333333334 0.32083333333333336 0.015625 0.04166666666666667
0 0.37135416666666665 0.4513888888888889 0.015625 0.03796296296296296
0 0.3203125 0.47685185185185186 0.017708333333333333 0.044444444444444446
0 0.6893229166666667 0.4314814814814815 0.0140625 0.03518518518518519
0 0.25104166666666666 0.3375 0.0125 0.030555555555555558
0 0.6583333333333333 0.325 0.015625 0.037037037037037035
0 0.59140625 0.1564814814814815 0.013020833333333334 0.02962962962962963
0 0.2755208333333333 0.44074074074074077 0.016666666666666666 0.037037037037037035
0 0.7953125 0.6106481481481482 0.019791666666666666 0.04351851851851852
0 0.21953124999999998 0.2587962962962963 0.0140625 0.036111111111111115
0 0.3140625 0.2888888888888889 0.014583333333333334 0.03333333333333333
0 0.5197916666666667 0.2976851851851852 0.013541666666666667 0.032407407407407406
0 0.965625 0.4898148148148148 0.019791666666666666 0.0462962962962963
0 0.0296875 0.10462962962962963 0.014583333333333334 0.022222222222222223
0 0.7 0.30092592592592593 0.016666666666666666 0.037037037037037035
0 0.4471354166666667 0.2800925925925926 0.013020833333333334 0.03425925925925926
0 0.4739583333333333 0.5625 0.016666666666666666 0.03981481481481482
0 0.8348958333333333 0.32685185185185184 0.016666666666666666 0.03333333333333333
0 0.20182291666666666 0.24537037037037038 0.0140625 0.031481481481481485
0 0.6309895833333333 0.35555555555555557 0.0234375 0.05185185185185186
0 0.8966145833333333 0.07546296296296297 0.0140625 0.03425925925925926
