0 0.54453125 0.10324074074074074 0.013020833333333334 0.026851851851851852
0 0.7145833333333333 0.18472222222222223 0.016666666666666666 0.036111111111111115
0 0.17395833333333333 0.18703703703703706 0.013541666666666667 0.031481481481481485
0 0.3046875 0.5606481481481481 0.020833333333333332 0.05277777777777778
0 0.5723958333333333 0.23564814814814816 0.013541666666666667 0.032407407407407406
0 0.3690104166666667 0.5263888888888889 0.0171875 0.04166666666666667
0 0.28020833333333334 0.39351851851851855 0.015625 0.03333333333333333
0 0.3145833333333333 0.3888888888888889 0.017708333333333333 0.044444444444444446
0 0.696875 0.5055555555555555 0.017708333333333333 0.044444444444444446
0 0.6872395833333333 0.2425925925925926 0.015104166666666667 0.031481481481481485
0 0.1859375 0.3101851851851852 0.014583333333333334 0.037037037037037035
0 0.6565104166666667 0.3939814814814815 0.01614583333333333 0.04537037037037037
0 0.5994791666666667 0.12314814814814816 0.013541666666666667 0.02777777777777778
0 0.4544270833333333 0.23935185185185187 0.011979166666666666 0.030555555555555558
0 0.84921875 0.6995370370370371 0.019270833333333334 0.04722222222222222
0 0.4666666666666667 0.6490740740740741 0.013541666666666667 0.03518518518518519
0 0.2296875 0.39583333333333337 0.0125 0.030555555555555558
0 0.5166666666666666 0.2587962962962963 0.011458333333333333 0.026851851851851852
0 0.6833333333333333 0.3962962962962963 0.013541666666666667 0.03333333333333333
0 0.24765625 0.13935185185185187 0.015104166666666667 0.03425925925925926
0 0.33515625 0.2476851851851852 0.013020833333333334 0.026851851851851852
0 0.016927083333333332 0.08287037037037037 0.01614583333333333 0.030555555555555558
0 0.21510416666666665 0.20462962962962963 0.015625 0.02777777777777778
0 0.8796875 0.3791666666666667 0.017708333333333333 0.04537037037037037
0 0.8955729166666666 0.08240740740740742 0.015104166666666667 0.031481481481481485
