0 0.16979166666666667 0.2101851851851852 0.014583333333333334 0.031481481481481485
0 0.5723958333333333 0.26157407407407407 0.014583333333333334 0.032407407407407406
0 0.7302083333333333 0.21435185185185185 0.017708333333333333 0.036111111111111115
0 0.5401041666666666 0.1277777777777778 0.013541666666666667 0.02777777777777778
0 0.22057291666666667 0.1638888888888889 0.01614583333333333 0.031481481481481485
0 0.31536458333333334 0.4986111111111111 0.0171875 0.049074074074074076
0 0.2760416666666667 0.42824074074074076 0.017708333333333333 0.03796296296296296
0 0.24661458333333333 0.3578703703703704 0.0140625 0.03425925925925926
0 0.5942708333333333 0.1513888888888889 0.0125 0.026851851851851852
0 0.37083333333333335 0.4763888888888889 0.016666666666666666 0.04166666666666667
0 0.6950520833333333 0.28101851851851856 0.0171875 0.03425925925925926
0 0.21223958333333334 0.27314814814814814 0.015104166666666667 0.03888888888888889
0 0.5192708333333333 0.28425925925925927 0.014583333333333334 0.02962962962962963
0 0.6963541666666666 0.4537037037037037 0.014583333333333334 0.03888888888888889
0 0.6666666666666666 0.34444444444444444 0.015625 0.031481481481481485
0 0.31979166666666664 0.28194444444444444 0.015625 0.032407407407407406
0 0.47421874999999997 0.5847222222222223 0.0140625 0.036111111111111115
0 0.4513020833333333 0.2657407407407408 0.013020833333333334 0.03518518518518519
0 0.20364583333333333 0.23703703703703705 0.015625 0.04259259259259259
0 0.028645833333333332 0.10231481481481482 0.015625 0.021296296296296296
0 0.32760416666666664 0.3365740740740741 0.015625 0.032407407407407406
0 0.9893229166666666 0.5074074074074074 0.018229166666666668 0.03888888888888889
0 0.64296875 0.35833333333333334 0.019270833333333334 0.044444444444444446
0 0.8479166666666667 0.34351851851851856 0.01875 0.03888888888888889
0 0.8119791666666667 0.6398148148148148 0.019791666666666666 0.04259259259259259
0 0.8966145833333333 0.0763888888888889 0.0140625 0.030555555555555558
