0 0.26197916666666665 0.6393518518518518 0.021875 0.04351851851851852
0 0.3182291666666667 0.30185185185185187 0.014583333333333334 0.02962962962962963
0 0.2755208333333333 0.12222222222222223 0.010416666666666666 0.02592592592592593
0 0.53828125 0.24722222222222223 0.0140625 0.03518518518518519
0 0.5036458333333333 0.1712962962962963 0.011458333333333333 0.03333333333333333
0 0.47942708333333334 0.1814814814814815 0.0109375 0.031481481481481485
0 0.14296875 0.16111111111111112 0.013020833333333334 0.02962962962962963
0 0.5815104166666667 0.1726851851851852 0.013020833333333334 0.028703703703703703
0 0.3572916666666667 0.049074074074074076 0.009375 0.02592592592592593
0 0.0765625 0.5083333333333333 0.01875 0.040740740740740744
0 0.20494791666666667 0.6472222222222223 0.021354166666666667 0.03888888888888889
0 0.3841145833333333 0.18564814814814815 0.013020833333333334 0.032407407407407406
0 0.17109375 0.7356481481481482 0.019270833333333334 0.036111111111111115
0 0.6130208333333333 0.46990740740740744 0.016666666666666666 0.03796296296296296
0 0.22291666666666665 0.41574074074074074 0.014583333333333334 0.03333333333333333
0 0.3138020833333333 0.3574074074074074 0.015104166666666667 0.03518518518518519
0 0.3625 0.1925925925925926 0.0125 0.031481481481481485
0 0.19479166666666667 0.1300925925925926 0.011458333333333333 0.026851851851851852
0 0.07708333333333334 0.7967592592592593 0.027083333333333334 0.05277777777777778
0 0.16953125 0.49259259259259264 0.015104166666666667 0.031481481481481485
0 0.47630208333333335 0.09444444444444444 0.0109375 0.02777777777777778
0 0.49192708333333335 0.41712962962962963 0.015104166666666667 0.03796296296296296
0 0.40130208333333334 0.2638888888888889 0.009895833333333333 0.02777777777777778
0 0.5190104166666667 0.41250000000000003 0.013020833333333334 0.032407407407407406
0 0.43255208333333334 0.07731481481481482 0.009895833333333333 0.026851851851851852
0 0.2625 0.22361111111111112 0.010416666666666666 0.025
0 0.10598958333333333 0.6527777777777778 0.0203125 0.05
0 0.4888020833333333 0.3231481481481482 0.011979166666666666 0.02962962962962963
0 0.4419270833333333 0.32546296296296295 0.0109375 0.028703703703703703
0 0.3924479166666667 0.3476851851851852 0.015104166666666667 0.036111111111111115
0 0.4549479166666667 0.3824074074074074 0.0171875 0.040740740740740744
