0 0.6203125 0.5921296296296297 0.021875 0.04351851851851852
0 0.06302083333333333 0.6791666666666667 0.022916666666666665 0.04351851851851852
0 0.5752604166666666 0.2712962962962963 0.015104166666666667 0.031481481481481485
0 0.5169270833333334 0.11111111111111112 0.0109375 0.02777777777777778
0 0.3890625 0.12824074074074074 0.0125 0.026851851851851852
0 0.36171875 0.13472222222222222 0.011979166666666666 0.028703703703703703
0 0.44765625 0.03287037037037037 0.008854166666666666 0.025
0 0.53984375 0.17037037037037037 0.011979166666666666 0.031481481481481485
0 0.41796875 0.19490740740740742 0.0109375 0.028703703703703703
0 0.39765625 0.4842592592592593 0.015104166666666667 0.03518518518518519
0 0.15078125 0.24305555555555555 0.015104166666666667 0.028703703703703703
0 0.3130208333333333 0.07407407407407407 0.009375 0.02592592592592593
0 0.45234375 0.2740740740740741 0.0109375 0.02962962962962963
0 0.496875 0.12222222222222223 0.010416666666666666 0.02777777777777778
0 0.5190104166666667 0.5222222222222223 0.01614583333333333 0.03333333333333333
0 0.20208333333333334 0.5282407407407408 0.017708333333333333 0.03981481481481482
0 0.30052083333333335 0.4046296296296297 0.015625 0.031481481481481485
0 0.4875 0.5263888888888889 0.016666666666666666 0.03981481481481482
0 0.4947916666666667 0.03564814814814815 0.009375 0.025
0 0.4700520833333333 0.41064814814814815 0.0140625 0.030555555555555558
0 0.20807291666666666 0.8342592592592593 0.022395833333333334 0.044444444444444446
0 0.2375 0.07685185185185185 0.009375 0.024074074074074074
0 0.06510416666666667 0.8208333333333334 0.022916666666666665 0.05277777777777778
0 0.3848958333333333 0.3962962962962963 0.016666666666666666 0.037037037037037035
0 0.3020833333333333 0.4620370370370371 0.01875 0.04259259259259259
0 0.11458333333333333 0.9277777777777778 0.020833333333333332 0.040740740740740744
0 0.14322916666666666 0.6171296296296297 0.016666666666666666 0.03796296296296296
0 0.16067708333333333 0.8310185185185186 0.024479166666666666 0.049074074074074076
0 0.12552083333333333 0.6805555555555556 0.022916666666666665 0.04259259259259259
0 0.37604166666666666 0.015740740740740743 0.010416666666666666 0.024074074074074074
0 0.3015625 0.16620370370370371 0.010416666666666666 0.025
