0 0.6145833333333334 0.48240740740740745 0.017708333333333333 0.03888888888888889
0 0.5377604166666666 0.23750000000000002 0.013020833333333334 0.030555555555555558
0 0.31640625 0.31342592592592594 0.015104166666666667 0.028703703703703703
0 0.47994791666666664 0.0837962962962963 0.0109375 0.028703703703703703
0 0.5044270833333333 0.1638888888888889 0.0109375 0.031481481481481485
0 0.3841145833333333 0.1763888888888889 0.013020833333333334 0.032407407407407406
0 0.2583333333333333 0.6587962962962963 0.021875 0.04166666666666667
0 0.16354166666666667 0.7569444444444444 0.017708333333333333 0.03796296296296296
0 0.3625 0.18611111111111112 0.0125 0.031481481481481485
0 0.4828125 0.1736111111111111 0.011458333333333333 0.030555555555555558
0 0.0828125 0.5296296296296297 0.019791666666666666 0.04259259259259259
0 0.14322916666666666 0.16944444444444445 0.013541666666666667 0.02777777777777778
0 0.28072916666666664 0.11481481481481481 0.010416666666666666 0.024074074074074074
0 0.5802083333333333 0.18842592592592594 0.0125 0.030555555555555558
0 0.3130208333333333 0.3763888888888889 0.015625 0.03425925925925926
0 0.36015625 0.04351851851851852 0.009895833333333333 0.024074074074074074
0 0.1625 0.5078703703703704 0.015625 0.032407407407407406
0 0.22005208333333334 0.4287037037037037 0.01614583333333333 0.03333333333333333
0 0.43333333333333335 0.07037037037037037 0.010416666666666666 0.02777777777777778
0 0.20026041666666666 0.12175925925925926 0.009895833333333333 0.025
0 0.4440104166666667 0.32222222222222224 0.0109375 0.03333333333333333
0 0.2700520833333333 0.21712962962962964 0.011979166666666666 0.026851851851851852
0 0.4041666666666667 0.25601851851851853 0.010416666666666666 0.028703703703703703
0 0.48984374999999997 0.4314814814814815 0.01614583333333333 0.03888888888888889
0 0.2015625 0.6671296296296296 0.020833333333333332 0.03981481481481482
0 0.51640625 0.42962962962962964 0.015104166666666667 0.03518518518518519
0 0.07161458333333333 0.8319444444444445 0.024479166666666666 0.058333333333333334
0 0.10026041666666667 0.6736111111111112 0.019270833333333334 0.04351851851851852
0 0.4864583333333333 0.33333333333333337 0.0125 0.031481481481481485
0 0.4427083333333333 0.39583333333333337 0.014583333333333334 0.03425925925925926
0 0.39453125 0.35462962962962963 0.015104166666666667 0.03333333333333333
