0 0.3958333333333333 0.0587962962962963 0.011458333333333333 0.026851851851851852
0 0.55 0.4041666666666667 0.017708333333333333 0.03981481481481482
0 0.24036458333333333 0.5550925925925926 0.0171875 0.036111111111111115
0 0.2752604166666667 0.6430555555555556 0.018229166666666668 0.04351851851851852
0 0.5153645833333333 0.05925925925925926 0.009895833333333333 0.02592592592592593
0 0.3614583333333333 0.06759259259259259 0.011458333333333333 0.02592592592592593
0 0.15755208333333334 0.3773148148148148 0.01614583333333333 0.03425925925925926
0 0.16901041666666666 0.7046296296296296 0.0203125 0.0462962962962963
0 0.6505208333333333 0.7675925925925926 0.022916666666666665 0.044444444444444446
0 0.5348958333333333 0.6759259259259259 0.01875 0.040740740740740744
0 0.47109375 0.17685185185185187 0.009895833333333333 0.02962962962962963
0 0.42552083333333335 0.5398148148148149 0.017708333333333333 0.03518518518518519
0 0.19114583333333332 0.862037037037037 0.030208333333333334 0.06296296296296297
0 0.5317708333333333 0.050462962962962966 0.010416666666666666 0.026851851851851852
0 0.3578125 0.6421296296296296 0.015625 0.03425925925925926
0 0.10859375 0.7842592592592593 0.021354166666666667 0.0462962962962963
0 0.2955729166666667 0.01898148148148148 0.008854166666666666 0.021296296296296296
0 0.36796875 0.475462962962963 0.0171875 0.03796296296296296
0 0.35078125 0.021296296296296296 0.008854166666666666 0.020370370370370372
0 0.5559895833333334 0.09212962962962963 0.011979166666666666 0.030555555555555558
0 0.49921875 0.6856481481481482 0.018229166666666668 0.04351851851851852
0 0.09895833333333333 0.8967592592592593 0.028125 0.05277777777777778
0 0.09479166666666666 0.8143518518518519 0.0125 0.03425925925925926
