0 0.28515625 0.11157407407407408 0.009895833333333333 0.026851851851851852
0 0.3875 0.17083333333333334 0.0125 0.030555555555555558
0 0.5807291666666666 0.19814814814814816 0.0125 0.02962962962962963
0 0.19765625 0.6875 0.022395833333333334 0.03981481481481482
0 0.4830729166666667 0.07592592592592592 0.0109375 0.02592592592592593
0 0.14244791666666667 0.17824074074074076 0.0140625 0.030555555555555558
0 0.08958333333333333 0.5532407407407408 0.01875 0.04351851851851852
0 0.48463541666666665 0.16990740740740742 0.0109375 0.030555555555555558
0 0.6153645833333333 0.49722222222222223 0.015104166666666667 0.03518518518518519
0 0.5372395833333333 0.225 0.013020833333333334 0.03333333333333333
0 0.3145833333333333 0.32175925925925924 0.014583333333333334 0.030555555555555558
0 0.5044270833333333 0.1574074074074074 0.0109375 0.031481481481481485
0 0.25416666666666665 0.6810185185185186 0.020833333333333332 0.04166666666666667
0 0.36223958333333334 0.1787037037037037 0.011979166666666666 0.03333333333333333
0 0.43515624999999997 0.0638888888888889 0.009895833333333333 0.02592592592592593
0 0.40598958333333335 0.24444444444444446 0.0109375 0.022222222222222223
0 0.3950520833333333 0.3611111111111111 0.015104166666666667 0.03518518518518519
0 0.21640625 0.4425925925925926 0.0171875 0.03518518518518519
0 0.4453125 0.31712962962962965 0.010416666666666666 0.030555555555555558
0 0.15989583333333332 0.7787037037037038 0.019791666666666666 0.03888888888888889
0 0.36171875 0.03888888888888889 0.009895833333333333 0.02592592592592593
0 0.20520833333333333 0.11342592592592593 0.011458333333333333 0.026851851851851852
0 0.5140625 0.44027777777777777 0.014583333333333334 0.03425925925925926
0 0.48541666666666666 0.4449074074074074 0.016666666666666666 0.03981481481481482
0 0.008333333333333333 0.5523148148148148 0.016666666666666666 0.03981481481481482
0 0.4302083333333333 0.3962962962962963 0.0125 0.03333333333333333
0 0.10052083333333334 0.6935185185185185 0.017708333333333333 0.0462962962962963
0 0.4861979166666667 0.3453703703703704 0.013020833333333334 0.031481481481481485
0 0.15911458333333334 0.5226851851851853 0.01614583333333333 0.032407407407407406
0 0.07109375 0.8578703703703704 0.024479166666666666 0.05277777777777778
0 0.275 0.2101851851851852 0.0125 0.02962962962962963
0 0.31197916666666664 0.39166666666666666 0.015625 0.03333333333333333
