0 0.3854166666666667 0.1736111111111111 0.013541666666666667 0.030555555555555558
0 0.5372395833333333 0.23148148148148148 0.013020833333333334 0.03333333333333333
0 0.48411458333333335 0.17222222222222222 0.0109375 0.031481481481481485
0 0.2830729166666667 0.11296296296296297 0.009895833333333333 0.02777777777777778
0 0.40546875 0.25277777777777777 0.0109375 0.02962962962962963
0 0.5044270833333333 0.16111111111111112 0.0109375 0.031481481481481485
0 0.21822916666666667 0.4365740740740741 0.017708333333333333 0.036111111111111115
0 0.58125 0.19444444444444445 0.013541666666666667 0.02962962962962963
0 0.31536458333333334 0.3162037037037037 0.015104166666666667 0.028703703703703703
0 0.0859375 0.5398148148148149 0.019791666666666666 0.040740740740740744
0 0.19791666666666666 0.675462962962963 0.021875 0.03981481481481482
0 0.6153645833333333 0.48935185185185187 0.01614583333333333 0.036111111111111115
0 0.1609375 0.7657407407407407 0.01875 0.037037037037037035
0 0.3111979166666667 0.38472222222222224 0.013020833333333334 0.032407407407407406
0 0.3611979166666667 0.18287037037037038 0.011979166666666666 0.026851851851851852
0 0.20390624999999998 0.11851851851851852 0.0109375 0.02777777777777778
0 0.07109375 0.8430555555555556 0.0234375 0.05092592592592593
0 0.48125 0.07916666666666666 0.010416666666666666 0.026851851851851852
0 0.5153645833333333 0.4356481481481482 0.0140625 0.032407407407407406
0 0.15989583333333332 0.5143518518518518 0.016666666666666666 0.030555555555555558
0 0.14322916666666666 0.1736111111111111 0.013541666666666667 0.030555555555555558
0 0.3609375 0.040740740740740744 0.009375 0.024074074074074074
0 0.44375 0.3162037037037037 0.009375 0.028703703703703703
0 0.3950520833333333 0.3578703703703704 0.0171875 0.03425925925925926
0 0.43645833333333334 0.3925925925925926 0.015625 0.031481481481481485
0 0.4341145833333333 0.06527777777777778 0.009895833333333333 0.025
0 0.09895833333333333 0.6833333333333333 0.01875 0.04259259259259259
0 0.2713541666666667 0.2138888888888889 0.010416666666666666 0.02777777777777778
0 0.48854166666666665 0.4398148148148148 0.014583333333333334 0.037037037037037035
0 0.4861979166666667 0.3425925925925926 0.011979166666666666 0.03333333333333333
0 0.005729166666666666 0.549074074074074 0.0125 0.040740740740740744
0 0.2559895833333333 0.6685185185185185 0.021354166666666667 0.040740740740740744
