0 0.6208333333333333 0.6083333333333334 0.019791666666666666 0.040740740740740744
0 0.41770833333333335 0.1865740740740741 0.011458333333333333 0.028703703703703703
0 0.5739583333333333 0.2800925925925926 0.015625 0.032407407407407406
0 0.3169270833333333 0.07222222222222223 0.009895833333333333 0.022222222222222223
0 0.5182291666666666 0.5375 0.016666666666666666 0.03425925925925926
0 0.54296875 0.16064814814814815 0.013020833333333334 0.030555555555555558
0 0.06744791666666666 0.6958333333333334 0.0234375 0.04722222222222222
0 0.29401041666666666 0.41481481481481486 0.01614583333333333 0.03518518518518519
0 0.5174479166666667 0.10740740740740741 0.0109375 0.02777777777777778
0 0.44947916666666665 0.02777777777777778 0.009375 0.02592592592592593
0 0.20026041666666666 0.5425925925925926 0.018229166666666668 0.03888888888888889
0 0.39140625 0.12407407407407407 0.009895833333333333 0.024074074074074074
0 0.3611979166666667 0.12916666666666668 0.011979166666666666 0.025
0 0.19973958333333333 0.8523148148148149 0.0234375 0.05092592592592593
0 0.24427083333333333 0.06898148148148149 0.011458333333333333 0.02314814814814815
0 0.4552083333333333 0.27037037037037037 0.009375 0.031481481481481485
0 0.49895833333333334 0.1175925925925926 0.010416666666666666 0.02777777777777778
0 0.3809895833333333 0.40092592592592596 0.0171875 0.037037037037037035
0 0.3880208333333333 0.49212962962962964 0.015625 0.03981481481481482
0 0.15182291666666667 0.2574074074074074 0.0140625 0.02962962962962963
0 0.4848958333333333 0.5435185185185185 0.016666666666666666 0.040740740740740744
0 0.49583333333333335 0.03333333333333333 0.009375 0.02592592592592593
0 0.06067708333333333 0.8425925925925927 0.022395833333333334 0.05185185185185186
0 0.29921875 0.4791666666666667 0.018229166666666668 0.04537037037037037
0 0.10833333333333334 0.9523148148148148 0.020833333333333332 0.03981481481481482
0 0.30703125 0.16574074074074074 0.009895833333333333 0.024074074074074074
0 0.13932291666666666 0.6287037037037038 0.015104166666666667 0.03333333333333333
0 0.15416666666666667 0.8458333333333333 0.025 0.05648148148148149
0 0.37916666666666665 0.0125 0.013541666666666667 0.025
0 0.1390625 0.6916666666666667 0.026041666666666668 0.04814814814814815
0 0.46432291666666664 0.42129629629629634 0.0140625 0.031481481481481485
