0 0.31953125 0.28703703703703703 0.013020833333333334 0.02962962962962963
0 0.5833333333333334 0.16481481481481483 0.0125 0.02777777777777778
0 0.5403645833333334 0.2601851851851852 0.0140625 0.03518518518518519
0 0.50078125 0.1814814814814815 0.011979166666666666 0.031481481481481485
0 0.26640625 0.6180555555555556 0.0203125 0.04166666666666667
0 0.6145833333333334 0.45231481481481484 0.014583333333333334 0.036111111111111115
0 0.4734375 0.19768518518518519 0.010416666666666666 0.030555555555555558
0 0.22395833333333334 0.40555555555555556 0.015625 0.03333333333333333
0 0.20572916666666666 0.6226851851851852 0.019791666666666666 0.03796296296296296
0 0.38671875 0.2 0.013020833333333334 0.03518518518518519
0 0.11692708333333333 0.637962962962963 0.019270833333333334 0.04814814814814815
0 0.140625 0.1476851851851852 0.0125 0.028703703703703703
0 0.26901041666666664 0.13240740740740742 0.009895833333333333 0.02592592592592593
0 0.0859375 0.7694444444444445 0.021875 0.0462962962962963
0 0.3528645833333333 0.05648148148148149 0.009895833333333333 0.02777777777777778
0 0.4713541666666667 0.10277777777777779 0.010416666666666666 0.02777777777777778
0 0.18984375 0.1375 0.011979166666666666 0.026851851851851852
0 0.43072916666666666 0.08333333333333334 0.010416666666666666 0.02777777777777778
0 0.07369791666666667 0.48750000000000004 0.0171875 0.03796296296296296
0 0.36276041666666664 0.20555555555555557 0.013020833333333334 0.03333333333333333
0 0.17734375 0.4847222222222222 0.01614583333333333 0.030555555555555558
0 0.25729166666666664 0.23472222222222222 0.009375 0.025
0 0.31354166666666666 0.34490740740740744 0.020833333333333332 0.04166666666666667
0 0.4630208333333333 0.36712962962962964 0.014583333333333334 0.03425925925925926
0 0.5169270833333334 0.4050925925925926 0.013020833333333334 0.03425925925925926
0 0.17890625 0.7106481481481481 0.021354166666666667 0.03796296296296296
0 0.43723958333333335 0.33981481481481485 0.0109375 0.03518518518518519
0 0.49244791666666665 0.3148148148148148 0.013020833333333334 0.031481481481481485
0 0.3966145833333333 0.27314814814814814 0.009895833333333333 0.024074074074074074
0 0.49322916666666666 0.4046296296296297 0.013541666666666667 0.03518518518518519
0 0.3950520833333333 0.34120370370370373 0.019270833333333334 0.036111111111111115
