0 0.58203125 0.059722222222222225 0.011979166666666666 0.025
0 0.20182291666666666 0.23935185185185187 0.011979166666666666 0.026851851851851852
0 0.31588541666666664 0.20092592592592592 0.013020833333333334 0.031481481481481485
0 0.5947916666666666 0.2976851851851852 0.014583333333333334 0.032407407407407406
0 0.039322916666666666 0.2791666666666667 0.01614583333333333 0.03425925925925926
0 0.5458333333333333 0.45787037037037037 0.016666666666666666 0.04166666666666667
0 0.5200520833333333 0.23194444444444445 0.0140625 0.028703703703703703
0 0.17916666666666667 0.3527777777777778 0.014583333333333334 0.037037037037037035
0 0.46953125 0.2847222222222222 0.011979166666666666 0.030555555555555558
0 0.4184895833333333 0.2990740740740741 0.0140625 0.03333333333333333
0 0.4609375 0.21574074074074076 0.014583333333333334 0.03333333333333333
0 0.3614583333333333 0.16574074074074074 0.0125 0.02592592592592593
0 0.29713541666666665 0.3962962962962963 0.0171875 0.03333333333333333
0 0.10546875 0.27083333333333337 0.0140625 0.030555555555555558
0 0.13515625 0.48842592592592593 0.019270833333333334 0.036111111111111115
0 0.3768229166666667 0.3472222222222222 0.0140625 0.03888888888888889
0 0.44765625 0.30462962962962964 0.013020833333333334 0.02962962962962963
0 0.2765625 0.16064814814814815 0.0125 0.032407407407407406
0 0.3924479166666667 0.3180555555555556 0.015104166666666667 0.03981481481481482
0 0.3489583333333333 0.437962962962963 0.0125 0.02777777777777778
0 0.35390625 0.5842592592592593 0.011979166666666666 0.03518518518518519
0 0.40338541666666666 0.16898148148148148 0.0109375 0.026851851851851852
0 0.25104166666666666 0.3402777777777778 0.015625 0.030555555555555558
0 0.15130208333333334 0.03333333333333333 0.0078125 0.020370370370370372
0 0.5015625 0.3023148148148148 0.0125 0.030555555555555558
0 0.2796875 0.27083333333333337 0.014583333333333334 0.03425925925925926
0 0.5421875 0.20740740740740743 0.0125 0.031481481481481485
0 0.2565104166666667 0.4027777777777778 0.018229166666666668 0.03888888888888889
0 0.284375 0.20462962962962963 0.0125 0.031481481481481485
0 0.22552083333333334 0.4847222222222222 0.014583333333333334 0.026851851851851852
0 0.5302083333333333 0.3027777777777778 0.017708333333333333 0.03333333333333333
