0 0.58125 0.07037037037037037 0.011458333333333333 0.024074074074074074
0 0.5955729166666667 0.3106481481481482 0.015104166666666667 0.032407407407407406
0 0.5513020833333333 0.42962962962962964 0.01614583333333333 0.040740740740740744
0 0.5143229166666666 0.2449074074074074 0.0140625 0.028703703703703703
0 0.21067708333333332 0.22314814814814815 0.011979166666666666 0.02777777777777778
0 0.18984375 0.3416666666666667 0.0140625 0.03888888888888889
0 0.35234375 0.18055555555555555 0.011979166666666666 0.024074074074074074
0 0.28802083333333334 0.1486111111111111 0.0125 0.030555555555555558
0 0.29791666666666666 0.4236111111111111 0.017708333333333333 0.036111111111111115
0 0.17161458333333332 0.4365740740740741 0.01614583333333333 0.036111111111111115
0 0.46979166666666666 0.2740740740740741 0.0125 0.031481481481481485
0 0.11875 0.25787037037037036 0.014583333333333334 0.030555555555555558
0 0.15104166666666666 0.04814814814814815 0.010416666666666666 0.022222222222222223
0 0.3859375 0.29953703703703705 0.014583333333333334 0.036111111111111115
0 0.03567708333333333 0.3041666666666667 0.01614583333333333 0.03425925925925926
0 0.44765625 0.2976851851851852 0.013020833333333334 0.03425925925925926
0 0.41640625 0.30185185185185187 0.013020833333333334 0.03333333333333333
0 0.40520833333333334 0.1574074074074074 0.010416666666666666 0.02777777777777778
0 0.27421875 0.2888888888888889 0.0140625 0.03518518518518519
0 0.5369791666666667 0.21435185185185185 0.0125 0.026851851851851852
0 0.3497395833333333 0.4166666666666667 0.0140625 0.02962962962962963
0 0.2505208333333333 0.4273148148148148 0.013541666666666667 0.032407407407407406
0 0.3638020833333333 0.55 0.0140625 0.04259259259259259
0 0.12708333333333333 0.5175925925925926 0.020833333333333332 0.040740740740740744
0 0.37421875 0.3263888888888889 0.015104166666666667 0.03796296296296296
0 0.24505208333333334 0.36064814814814816 0.013020833333333334 0.032407407407407406
0 0.3098958333333333 0.22268518518518518 0.011458333333333333 0.028703703703703703
0 0.46015625 0.20277777777777778 0.009895833333333333 0.02592592592592593
0 0.22161458333333334 0.5074074074074074 0.015104166666666667 0.031481481481481485
0 0.5234375 0.32453703703703707 0.010416666666666666 0.026851851851851852
0 0.4973958333333333 0.3212962962962963 0.010416666666666666 0.031481481481481485
