0 0.5815104166666667 0.12916666666666668 0.013020833333333334 0.026851851851851852
0 0.5505208333333333 0.3162037037037037 0.014583333333333334 0.036111111111111115
0 0.32265625 0.24305555555555555 0.013020833333333334 0.028703703703703703
0 0.3859375 0.22962962962962963 0.013541666666666667 0.03333333333333333
0 0.4864583333333333 0.2189814814814815 0.011458333333333333 0.030555555555555558
0 0.22890625 0.5365740740740741 0.018229166666666668 0.036111111111111115
0 0.24765625 0.16342592592592592 0.0109375 0.026851851851851852
0 0.3372395833333333 0.08888888888888889 0.009895833333333333 0.02777777777777778
0 0.28411458333333334 0.5398148148148149 0.019270833333333334 0.03888888888888889
0 0.6057291666666667 0.39537037037037037 0.014583333333333334 0.03333333333333333
0 0.05078125 0.41203703703703703 0.019270833333333334 0.040740740740740744
0 0.19713541666666667 0.43472222222222223 0.015104166666666667 0.03425925925925926
0 0.3645833333333333 0.24675925925925926 0.014583333333333334 0.03796296296296296
0 0.46197916666666666 0.23425925925925928 0.011458333333333333 0.02962962962962963
0 0.42109375 0.10740740740740741 0.0109375 0.02592592592592593
0 0.17005208333333333 0.18055555555555555 0.013020833333333334 0.02777777777777778
0 0.4122395833333333 0.325 0.0140625 0.03518518518518519
0 0.4669270833333333 0.13796296296296298 0.011979166666666666 0.024074074074074074
0 0.37109375 0.3231481481481482 0.011979166666666666 0.03518518518518519
0 0.49635416666666665 0.3736111111111111 0.015625 0.03796296296296296
0 0.14401041666666667 0.5541666666666667 0.018229166666666668 0.03796296296296296
0 0.4796875 0.32175925925925924 0.0125 0.028703703703703703
0 0.14296875 0.11342592592592593 0.011979166666666666 0.025
0 0.24010416666666667 0.3578703703703704 0.014583333333333334 0.030555555555555558
0 0.10338541666666666 0.6722222222222223 0.021354166666666667 0.04814814814814815
0 0.23385416666666667 0.27592592592592596 0.013541666666666667 0.02962962962962963
0 0.41171874999999997 0.4041666666666667 0.015104166666666667 0.03981481481481482
0 0.5135416666666667 0.3731481481481482 0.014583333333333334 0.037037037037037035
0 0.30859375 0.30648148148148147 0.01614583333333333 0.03333333333333333
0 0.5033854166666667 0.275 0.0171875 0.031481481481481485
0 0.19609375 0.6245370370370371 0.021354166666666667 0.026851851851851852
