0 0.21666666666666667 0.5703703703703704 0.01875 0.03518518518518519
0 0.31744791666666666 0.26435185185185184 0.0140625 0.026851851851851852
0 0.17942708333333332 0.15972222222222224 0.013020833333333334 0.026851851851851852
0 0.3453125 0.07407407407407407 0.010416666666666666 0.02592592592592593
0 0.5481770833333334 0.28935185185185186 0.0140625 0.036111111111111115
0 0.390625 0.21851851851851853 0.014583333333333334 0.03518518518518519
0 0.6088541666666667 0.42083333333333334 0.013541666666666667 0.036111111111111115
0 0.49140625 0.20092592592592592 0.0109375 0.03333333333333333
0 0.06276041666666667 0.4449074074074074 0.018229166666666668 0.03796296296296296
0 0.25625 0.15046296296296297 0.010416666666666666 0.025
0 0.584375 0.13935185185185187 0.0125 0.026851851851851852
0 0.22994791666666667 0.375 0.015104166666666667 0.03518518518518519
0 0.275 0.5689814814814815 0.019791666666666666 0.03981481481481482
0 0.49114583333333334 0.3837962962962963 0.015625 0.036111111111111115
0 0.47109375 0.3425925925925926 0.01614583333333333 0.031481481481481485
0 0.19140625 0.4513888888888889 0.01614583333333333 0.032407407407407406
0 0.465625 0.2152777777777778 0.0125 0.026851851851851852
0 0.1 0.7097222222222223 0.022916666666666665 0.04537037037037037
0 0.24505208333333334 0.25324074074074077 0.011979166666666666 0.032407407407407406
0 0.13671875 0.5833333333333334 0.0203125 0.04259259259259259
0 0.3776041666666667 0.2972222222222222 0.011458333333333333 0.02777777777777778
0 0.13776041666666666 0.125 0.0109375 0.02592592592592593
0 0.42161458333333335 0.3736111111111111 0.011979166666666666 0.036111111111111115
0 0.4674479166666667 0.12546296296296297 0.009895833333333333 0.028703703703703703
0 0.42604166666666665 0.10046296296296296 0.011458333333333333 0.028703703703703703
0 0.18958333333333333 0.6643518518518519 0.01875 0.032407407407407406
0 0.40625 0.33194444444444443 0.014583333333333334 0.03425925925925926
0 0.36223958333333334 0.22592592592592595 0.011979166666666666 0.02962962962962963
0 0.51328125 0.38472222222222224 0.011979166666666666 0.030555555555555558
0 0.30963541666666666 0.31157407407407406 0.0171875 0.03981481481481482
0 0.4973958333333333 0.2884259259259259 0.01875 0.030555555555555558
