0 0.5815104166666667 0.06435185185185185 0.0109375 0.025
0 0.5481770833333334 0.44351851851851853 0.01614583333333333 0.040740740740740744
0 0.59453125 0.30462962962962964 0.015104166666666667 0.031481481481481485
0 0.18411458333333333 0.3476851851851852 0.015104166666666667 0.04351851851851852
0 0.24661458333333333 0.3513888888888889 0.015104166666666667 0.032407407407407406
0 0.4700520833333333 0.2777777777777778 0.011979166666666666 0.031481481481481485
0 0.4473958333333333 0.3 0.013541666666666667 0.03333333333333333
0 0.03671875 0.29212962962962963 0.01614583333333333 0.03425925925925926
0 0.20755208333333333 0.23148148148148148 0.013020833333333334 0.02777777777777778
0 0.2833333333333333 0.1537037037037037 0.014583333333333334 0.03333333333333333
0 0.3140625 0.21296296296296297 0.0125 0.031481481481481485
0 0.1125 0.2625 0.014583333333333334 0.032407407407407406
0 0.13020833333333334 0.5092592592592593 0.021875 0.04259259259259259
0 0.27682291666666664 0.28055555555555556 0.0140625 0.031481481481481485
0 0.15078125 0.044444444444444446 0.0109375 0.022222222222222223
0 0.29791666666666666 0.4101851851851852 0.016666666666666666 0.03518518518518519
0 0.3755208333333333 0.3282407407407408 0.016666666666666666 0.04722222222222222
0 0.46067708333333335 0.20740740740740743 0.013020833333333334 0.031481481481481485
0 0.5390625 0.2087962962962963 0.0125 0.025
0 0.3497395833333333 0.4236111111111111 0.015104166666666667 0.03425925925925926
0 0.5169270833333334 0.24027777777777778 0.015104166666666667 0.026851851851851852
0 0.2520833333333333 0.4166666666666667 0.016666666666666666 0.03518518518518519
0 0.41796875 0.300462962962963 0.013020833333333334 0.032407407407407406
0 0.35625 0.1763888888888889 0.011458333333333333 0.025
0 0.3890625 0.3074074074074074 0.014583333333333334 0.03888888888888889
0 0.4041666666666667 0.16296296296296298 0.011458333333333333 0.02777777777777778
0 0.35859375 0.5648148148148149 0.013020833333333334 0.037037037037037035
0 0.22057291666666667 0.49583333333333335 0.01614583333333333 0.030555555555555558
0 0.50078125 0.30833333333333335 0.015104166666666667 0.031481481481481485
0 0.5255208333333333 0.31342592592592594 0.01875 0.030555555555555558
0 0.175 0.4222222222222222 0.017708333333333333 0.03333333333333333
