0 0.5119791666666667 0.10324074074074074 0.0125 0.025
0 0.38255208333333335 0.29814814814814816 0.0140625 0.03333333333333333
0 0.5513020833333333 0.10416666666666667 0.011979166666666666 0.025
0 0.4244791666666667 0.04814814814814815 0.010416666666666666 0.020370370370370372
0 0.3638020833333333 0.05740740740740741 0.0109375 0.02592592592592593
0 0.12213541666666666 0.39305555555555555 0.0140625 0.03796296296296296
0 0.3502604166666667 0.22870370370370371 0.015104166666666667 0.02962962962962963
0 0.20859375 0.29074074074074074 0.0171875 0.031481481481481485
0 0.32317708333333334 0.13194444444444445 0.013020833333333334 0.026851851851851852
0 0.2833333333333333 0.6759259259259259 0.01875 0.04814814814814815
0 0.42109375 0.7875 0.021354166666666667 0.049074074074074076
0 0.16276041666666666 0.2740740740740741 0.015104166666666667 0.03518518518518519
0 0.4315104166666667 0.2777777777777778 0.015104166666666667 0.03333333333333333
0 0.4544270833333333 0.3662037037037037 0.0140625 0.03796296296296296
0 0.28203125 0.3092592592592593 0.013020833333333334 0.024074074074074074
0 0.5911458333333334 0.15092592592592594 0.014583333333333334 0.02777777777777778
0 0.028906249999999998 0.5402777777777777 0.019270833333333334 0.03796296296296296
0 0.49973958333333335 0.5611111111111111 0.0171875 0.040740740740740744
0 0.49296875 0.18101851851851852 0.013020833333333334 0.028703703703703703
0 0.4700520833333333 0.46064814814814814 0.01614583333333333 0.03981481481481482
0 0.09140625 0.10138888888888889 0.013020833333333334 0.026851851851851852
0 0.24453125 0.24166666666666667 0.0140625 0.02962962962962963
0 0.43255208333333334 0.4791666666666667 0.011979166666666666 0.030555555555555558
0 0.42552083333333335 0.5305555555555556 0.014583333333333334 0.03333333333333333
0 0.3182291666666667 0.1962962962962963 0.014583333333333334 0.03333333333333333
0 0.30833333333333335 0.23703703703703705 0.019791666666666666 0.03333333333333333
0 0.5192708333333333 0.1712962962962963 0.016666666666666666 0.02777777777777778
0 0.8645833333333334 0.23981481481481481 0.016666666666666666 0.03888888888888889
