0 0.3223958333333333 0.16018518518518518 0.0125 0.02962962962962963
0 0.371875 0.13703703703703704 0.011458333333333333 0.024074074074074074
0 0.5848958333333333 0.026851851851851852 0.011458333333333333 0.024074074074074074
0 0.5265625 0.5157407407407407 0.016666666666666666 0.040740740740740744
0 0.5151041666666667 0.1962962962962963 0.013541666666666667 0.02592592592592593
0 0.4671875 0.30972222222222223 0.0125 0.030555555555555558
0 0.18567708333333333 0.2662037037037037 0.0109375 0.028703703703703703
0 0.046875 0.23287037037037037 0.013541666666666667 0.030555555555555558
0 0.46119791666666665 0.2388888888888889 0.0140625 0.03888888888888889
0 0.5888020833333333 0.25925925925925924 0.013020833333333334 0.031481481481481485
0 0.54296875 0.17685185185185187 0.013020833333333334 0.02777777777777778
0 0.4200520833333333 0.29444444444444445 0.015104166666666667 0.03518518518518519
0 0.28619791666666666 0.2351851851851852 0.013020833333333334 0.03333333333333333
0 0.33958333333333335 0.4800925925925926 0.015625 0.032407407407407406
0 0.0765625 0.31203703703703706 0.014583333333333334 0.03518518518518519
0 0.38958333333333334 0.34351851851851856 0.015625 0.03888888888888889
0 0.15520833333333334 0.38472222222222224 0.016666666666666666 0.03981481481481482
0 0.24895833333333334 0.1824074074074074 0.013541666666666667 0.03333333333333333
0 0.20703125 0.36712962962962964 0.015104166666666667 0.03425925925925926
0 0.14973958333333334 0.4356481481481482 0.0171875 0.036111111111111115
0 0.4434895833333333 0.33472222222222225 0.0140625 0.036111111111111115
0 0.39166666666666666 0.38333333333333336 0.014583333333333334 0.03518518518518519
0 0.2989583333333333 0.35185185185185186 0.01875 0.037037037037037035
0 0.39791666666666664 0.18981481481481483 0.0125 0.02962962962962963
0 0.24088541666666666 0.4412037037037037 0.015104166666666667 0.028703703703703703
0 0.3216145833333333 0.6699074074074074 0.013020833333333334 0.03981481481481482
0 0.2734375 0.3111111111111111 0.016666666666666666 0.02962962962962963
0 0.2682291666666667 0.35833333333333334 0.022916666666666665 0.03518518518518519
0 0.14895833333333333 0.012037037037037037 0.016666666666666666 0.020370370370370372
0 0.5036458333333333 0.27314814814814814 0.01875 0.031481481481481485
0 0.5322916666666666 0.275 0.015625 0.024074074074074074
