0 0.5515625 0.13564814814814816 0.0125 0.02314814814814815
0 0.5125 0.14305555555555557 0.013541666666666667 0.026851851851851852
0 0.4010416666666667 0.08842592592592594 0.011458333333333333 0.02314814814814815
0 0.46875 0.3861111111111111 0.014583333333333334 0.037037037037037035
0 0.3442708333333333 0.09907407407407408 0.011458333333333333 0.02777777777777778
0 0.4786458333333333 0.6490740740740741 0.020833333333333332 0.05
0 0.1484375 0.3300925925925926 0.013541666666666667 0.028703703703703703
0 0.44375 0.4083333333333333 0.014583333333333334 0.03888888888888889
0 0.3046875 0.1787037037037037 0.0125 0.02592592592592593
0 0.328125 0.28564814814814815 0.015625 0.032407407407407406
0 0.3104166666666667 0.5736111111111112 0.016666666666666666 0.03796296296296296
0 0.42161458333333335 0.2814814814814815 0.0140625 0.03333333333333333
0 0.46432291666666664 0.29583333333333334 0.0140625 0.036111111111111115
0 0.5830729166666666 0.19583333333333333 0.0140625 0.028703703703703703
0 0.38776041666666666 0.4291666666666667 0.015104166666666667 0.03425925925925926
0 0.38645833333333335 0.24027777777777778 0.0125 0.030555555555555558
0 0.19947916666666665 0.23101851851851854 0.016666666666666666 0.036111111111111115
0 0.0796875 0.15694444444444444 0.011458333333333333 0.026851851851851852
0 0.2869791666666667 0.2888888888888889 0.014583333333333334 0.031481481481481485
0 0.018489583333333334 0.40092592592592596 0.0203125 0.044444444444444446
0 0.19036458333333334 0.35324074074074074 0.01614583333333333 0.03425925925925926
0 0.23541666666666666 0.2972222222222222 0.013541666666666667 0.02962962962962963
0 0.30104166666666665 0.2513888888888889 0.0125 0.028703703703703703
0 0.44036458333333334 0.47824074074074074 0.015104166666666667 0.03796296296296296
0 0.08854166666666667 0.4620370370370371 0.014583333333333334 0.02592592592592593
0 0.5036458333333333 0.22222222222222224 0.014583333333333334 0.03333333333333333
0 0.5265625 0.21481481481481482 0.014583333333333334 0.02962962962962963
0 0.2661458333333333 0.3712962962962963 0.014583333333333334 0.024074074074074074
0 0.2421875 0.8861111111111112 0.021875 0.04814814814814815
0 0.8572916666666667 0.2425925925925926 0.014583333333333334 0.02592592592592593
