0 0.31796875 0.19490740740740742 0.013020833333333334 0.028703703703703703
0 0.04088541666666667 0.27083333333333337 0.01614583333333333 0.032407407407407406
0 0.36328125 0.15694444444444444 0.011979166666666666 0.025
0 0.5432291666666667 0.46805555555555556 0.016666666666666666 0.04351851851851852
0 0.46953125 0.2888888888888889 0.013020833333333334 0.03518518518518519
0 0.19791666666666666 0.2425925925925926 0.013541666666666667 0.02962962962962963
0 0.10078125 0.2814814814814815 0.015104166666666667 0.031481481481481485
0 0.5950520833333334 0.287962962962963 0.01614583333333333 0.03333333333333333
0 0.5208333333333334 0.22175925925925927 0.014583333333333334 0.026851851851851852
0 0.41796875 0.2972222222222222 0.015104166666666667 0.03333333333333333
0 0.5838541666666667 0.05555555555555556 0.010416666666666666 0.024074074074074074
0 0.29791666666666666 0.38981481481481484 0.017708333333333333 0.03333333333333333
0 0.46015625 0.2199074074074074 0.0140625 0.03425925925925926
0 0.175 0.3574074074074074 0.016666666666666666 0.03888888888888889
0 0.34713541666666664 0.44583333333333336 0.01614583333333333 0.03796296296296296
0 0.27109375 0.16435185185185186 0.013020833333333334 0.032407407407407406
0 0.39401041666666664 0.32175925925925924 0.01614583333333333 0.036111111111111115
0 0.5013020833333334 0.29953703703703705 0.015104166666666667 0.030555555555555558
0 0.4473958333333333 0.3125 0.013541666666666667 0.03425925925925926
0 0.37916666666666665 0.35555555555555557 0.015625 0.040740740740740744
0 0.18515625 0.40324074074074073 0.01614583333333333 0.036111111111111115
0 0.13697916666666665 0.475462962962963 0.019791666666666666 0.03796296296296296
0 0.15078125 0.029166666666666667 0.0109375 0.02314814814814815
0 0.22864583333333333 0.4763888888888889 0.014583333333333334 0.028703703703703703
0 0.2830729166666667 0.2606481481481482 0.0140625 0.028703703703703703
0 0.54296875 0.19907407407407407 0.013020833333333334 0.02962962962962963
0 0.2552083333333333 0.3365740740740741 0.015625 0.032407407407407406
0 0.4028645833333333 0.1712962962962963 0.011979166666666666 0.02592592592592593
0 0.346875 0.6041666666666667 0.014583333333333334 0.03981481481481482
0 0.5325520833333334 0.2976851851851852 0.013020833333333334 0.028703703703703703
0 0.25338541666666664 0.3907407407407408 0.0203125 0.03888888888888889
