0 0.3255208333333333 0.1550925925925926 0.0125 0.028703703703703703
0 0.18072916666666666 0.27037037037037037 0.013541666666666667 0.02962962962962963
0 0.46458333333333335 0.24583333333333335 0.013541666666666667 0.036111111111111115
0 0.5216145833333333 0.5282407407407408 0.018229166666666668 0.04722222222222222
0 0.5143229166666666 0.18425925925925926 0.013020833333333334 0.02592592592592593
0 0.2877604166666667 0.22268518518518518 0.011979166666666666 0.028703703703703703
0 0.5859375 0.2490740740740741 0.013541666666666667 0.031481481481481485
0 0.24270833333333333 0.18796296296296297 0.013541666666666667 0.031481481481481485
0 0.05182291666666666 0.22453703703703703 0.0140625 0.030555555555555558
0 0.46822916666666664 0.3212962962962963 0.0125 0.03333333333333333
0 0.5846354166666666 0.022685185185185187 0.0109375 0.021296296296296296
0 0.3950520833333333 0.1962962962962963 0.011979166666666666 0.031481481481481485
0 0.37578125 0.125 0.0109375 0.022222222222222223
0 0.21041666666666667 0.3564814814814815 0.014583333333333334 0.03333333333333333
0 0.4203125 0.29305555555555557 0.014583333333333334 0.03425925925925926
0 0.3390625 0.4967592592592593 0.015625 0.03796296296296296
0 0.38958333333333334 0.350462962962963 0.015625 0.03981481481481482
0 0.1578125 0.4226851851851852 0.017708333333333333 0.03981481481481482
0 0.1453125 0.39212962962962966 0.016666666666666666 0.03981481481481482
0 0.3015625 0.3439814814814815 0.017708333333333333 0.03425925925925926
0 0.3111979166666667 0.7064814814814815 0.0171875 0.04814814814814815
0 0.4432291666666667 0.3421296296296296 0.013541666666666667 0.032407407407407406
0 0.06979166666666667 0.3231481481481482 0.01875 0.03333333333333333
0 0.39739583333333334 0.39305555555555555 0.014583333333333334 0.036111111111111115
0 0.27630208333333334 0.30092592592592593 0.015104166666666667 0.03518518518518519
0 0.14557291666666666 0.009259259259259259 0.009895833333333333 0.018518518518518517
0 0.5424479166666667 0.1712962962962963 0.013020833333333334 0.02777777777777778
0 0.2713541666666667 0.3472222222222222 0.016666666666666666 0.02777777777777778
0 0.24635416666666665 0.43333333333333335 0.019791666666666666 0.03333333333333333
0 0.5057291666666667 0.2657407407407408 0.016666666666666666 0.02777777777777778
0 0.5317708333333333 0.26296296296296295 0.014583333333333334 0.02592592592592593
