0 0.3640625 0.18425925925925926 0.014583333333333334 0.02777777777777778
0 0.21744791666666666 0.23750000000000002 0.0171875 0.030555555555555558
0 0.5958333333333333 0.11666666666666667 0.0125 0.02592592592592593
0 0.25286458333333334 0.7671296296296296 0.021354166666666667 0.05092592592592593
0 0.42604166666666665 0.287962962962963 0.014583333333333334 0.031481481481481485
0 0.12734375 0.30972222222222223 0.01614583333333333 0.036111111111111115
0 0.5596354166666666 0.6486111111111111 0.019270833333333334 0.04537037037037037
0 0.5044270833333333 0.07546296296296297 0.011979166666666666 0.028703703703703703
0 0.41041666666666665 0.5421296296296296 0.015625 0.04537037037037037
0 0.2557291666666667 0.19490740740740742 0.013541666666666667 0.028703703703703703
0 0.45078124999999997 0.5305555555555556 0.0171875 0.04259259259259259
0 0.10182291666666667 0.45740740740740743 0.0140625 0.03518518518518519
0 0.32057291666666665 0.19398148148148148 0.013020833333333334 0.028703703703703703
0 0.4380208333333333 0.02175925925925926 0.009375 0.021296296296296296
0 0.0796875 0.06666666666666667 0.0125 0.02777777777777778
0 0.3697916666666667 0.3527777777777778 0.0125 0.03518518518518519
0 0.3815104166666667 0.011574074074074075 0.011979166666666666 0.02314814814814815
0 0.4158854166666667 0.4342592592592593 0.0171875 0.03333333333333333
0 0.3375 0.09953703703703703 0.0125 0.028703703703703703
0 0.47682291666666665 0.14953703703703705 0.011979166666666666 0.028703703703703703
0 0.55234375 0.07546296296296297 0.009895833333333333 0.021296296296296296
0 0.2869791666666667 0.25601851851851853 0.011458333333333333 0.021296296296296296
0 0.47760416666666666 0.6393518518518518 0.014583333333333334 0.03796296296296296
0 0.33697916666666666 0.15833333333333333 0.014583333333333334 0.031481481481481485
0 0.5041666666666667 0.14074074074074075 0.015625 0.03333333333333333
0 0.8640625 0.23703703703703705 0.015625 0.040740740740740744
0 0.35572916666666665 0.9351851851851852 0.029166666666666667 0.05
