0 0.584375 0.051388888888888894 0.011458333333333333 0.025
0 0.46901041666666665 0.29212962962962963 0.013020833333333334 0.03425925925925926
0 0.19635416666666666 0.2449074074074074 0.013541666666666667 0.030555555555555558
0 0.54140625 0.47361111111111115 0.0171875 0.04351851851851852
0 0.09739583333333333 0.28703703703703703 0.015625 0.031481481481481485
0 0.2674479166666667 0.1675925925925926 0.013020833333333334 0.031481481481481485
0 0.31875 0.19212962962962965 0.013541666666666667 0.030555555555555558
0 0.3458333333333333 0.4518518518518519 0.016666666666666666 0.040740740740740744
0 0.36432291666666666 0.15185185185185185 0.011979166666666666 0.024074074074074074
0 0.5434895833333333 0.1953703703703704 0.013020833333333334 0.02962962962962963
0 0.041666666666666664 0.26481481481481484 0.014583333333333334 0.031481481481481485
0 0.5205729166666666 0.21666666666666667 0.0140625 0.02592592592592593
0 0.29791666666666666 0.3851851851851852 0.017708333333333333 0.03333333333333333
0 0.5950520833333334 0.28240740740740744 0.015104166666666667 0.03333333333333333
0 0.4596354166666667 0.2199074074074074 0.0140625 0.036111111111111115
0 0.23072916666666665 0.47222222222222227 0.014583333333333334 0.02777777777777778
0 0.39427083333333335 0.3236111111111111 0.015625 0.036111111111111115
0 0.38046875 0.3611111111111111 0.0171875 0.04259259259259259
0 0.17239583333333333 0.36342592592592593 0.016666666666666666 0.03981481481481482
0 0.13932291666666666 0.4671296296296297 0.019270833333333334 0.036111111111111115
0 0.4479166666666667 0.31712962962962965 0.013541666666666667 0.03425925925925926
0 0.15104166666666666 0.02638888888888889 0.011458333333333333 0.02314814814814815
0 0.41901041666666666 0.2967592592592593 0.015104166666666667 0.03425925925925926
0 0.40208333333333335 0.17314814814814816 0.0125 0.02777777777777778
0 0.2583333333333333 0.33194444444444443 0.015625 0.030555555555555558
0 0.50234375 0.2976851851851852 0.015104166666666667 0.03425925925925926
0 0.284375 0.25787037037037036 0.013541666666666667 0.028703703703703703
0 0.18932291666666667 0.39861111111111114 0.01614583333333333 0.032407407407407406
0 0.259375 0.3851851851851852 0.019791666666666666 0.03888888888888889
0 0.34401041666666665 0.6180555555555556 0.0140625 0.03981481481481482
0 0.53359375 0.29305555555555557 0.0140625 0.030555555555555558
