0 0.325 0.15694444444444444 0.0125 0.028703703703703703
0 0.5846354166666666 0.024537037037037038 0.011979166666666666 0.02314814814814815
0 0.5138020833333333 0.18888888888888888 0.013020833333333334 0.02777777777777778
0 0.18203125 0.27037037037037037 0.0140625 0.02962962962962963
0 0.24322916666666666 0.1875 0.013541666666666667 0.032407407407407406
0 0.4640625 0.2439814814814815 0.013541666666666667 0.03796296296296296
0 0.14765625 0.3907407407407408 0.01614583333333333 0.040740740740740744
0 0.37421875 0.1277777777777778 0.011979166666666666 0.022222222222222223
0 0.5861979166666667 0.25324074074074077 0.0140625 0.030555555555555558
0 0.5231770833333333 0.525 0.0171875 0.044444444444444446
0 0.209375 0.3578703703703704 0.015625 0.03425925925925926
0 0.38958333333333334 0.34861111111111115 0.014583333333333334 0.03796296296296296
0 0.46848958333333335 0.3199074074074074 0.013020833333333334 0.03425925925925926
0 0.05 0.22592592592592595 0.015625 0.02962962962962963
0 0.3390625 0.49259259259259264 0.015625 0.037037037037037035
0 0.07109375 0.3212962962962963 0.019270833333333334 0.03518518518518519
0 0.2872395833333333 0.2240740740740741 0.013020833333333334 0.02777777777777778
0 0.4205729166666667 0.2935185185185185 0.0140625 0.03333333333333333
0 0.31328125 0.6995370370370371 0.018229166666666668 0.05277777777777778
0 0.24557291666666667 0.43194444444444446 0.015104166666666667 0.026851851851851852
0 0.5424479166666667 0.17546296296296296 0.013020833333333334 0.030555555555555558
0 0.3958333333333333 0.19444444444444445 0.0125 0.031481481481481485
0 0.15755208333333334 0.425 0.019270833333333334 0.04259259259259259
0 0.27578125 0.3027777777777778 0.0140625 0.031481481481481485
0 0.3013020833333333 0.3439814814814815 0.0171875 0.03425925925925926
0 0.4434895833333333 0.3416666666666667 0.013020833333333334 0.03518518518518519
0 0.3971354166666667 0.39722222222222225 0.013020833333333334 0.03333333333333333
0 0.14609375 0.009722222222222222 0.009895833333333333 0.017592592592592594
0 0.2739583333333333 0.35000000000000003 0.019791666666666666 0.037037037037037035
0 0.5057291666666667 0.2657407407407408 0.01875 0.031481481481481485
0 0.5307291666666667 0.26296296296296295 0.016666666666666666 0.02592592592592593
