0 0.12343749999999999 0.312962962962963 0.016666666666666666 0.037037037037037035
0 0.596875 0.11481481481481481 0.0125 0.02777777777777778
0 0.4393229166666667 0.018518518518518517 0.009895833333333333 0.020370370370370372
0 0.37057291666666664 0.35879629629629634 0.0140625 0.032407407407407406
0 0.40911458333333334 0.549074074074074 0.01614583333333333 0.04259259259259259
0 0.5036458333333333 0.07361111111111111 0.011458333333333333 0.026851851851851852
0 0.21770833333333334 0.2337962962962963 0.015625 0.03425925925925926
0 0.42552083333333335 0.2884259259259259 0.013541666666666667 0.03425925925925926
0 0.3203125 0.19074074074074074 0.013541666666666667 0.02777777777777778
0 0.5651041666666666 0.6569444444444444 0.020833333333333332 0.04351851851851852
0 0.09895833333333333 0.4652777777777778 0.014583333333333334 0.032407407407407406
0 0.33932291666666664 0.09537037037037037 0.011979166666666666 0.02592592592592593
0 0.55390625 0.07268518518518519 0.0109375 0.02314814814814815
0 0.07734375 0.06157407407407408 0.011979166666666666 0.030555555555555558
0 0.24921875 0.7773148148148148 0.0203125 0.05277777777777778
0 0.36640625 0.18194444444444446 0.013020833333333334 0.026851851851851852
0 0.44921875 0.5370370370370371 0.01614583333333333 0.040740740740740744
0 0.2565104166666667 0.19074074074074074 0.013020833333333334 0.02777777777777778
0 0.47630208333333335 0.14722222222222223 0.011979166666666666 0.031481481481481485
0 0.40859375 0.4462962962962963 0.018229166666666668 0.03888888888888889
0 0.38359375 0.010185185185185186 0.011979166666666666 0.020370370370370372
0 0.28828125 0.2550925925925926 0.013020833333333334 0.02314814814814815
0 0.4796875 0.6453703703703704 0.020833333333333332 0.04814814814814815
0 0.5010416666666666 0.1388888888888889 0.015625 0.02962962962962963
0 0.3375 0.15925925925925927 0.015625 0.03333333333333333
0 0.3458333333333333 0.9518518518518518 0.02395833333333333 0.05
0 0.8651041666666667 0.23425925925925928 0.015625 0.03888888888888889
