0 0.28880208333333335 0.08611111111111111 0.011979166666666666 0.02592592592592593
0 0.4015625 0.0912037037037037 0.0125 0.026851851851851852
0 0.32057291666666665 0.14675925925925926 0.0109375 0.021296296296296296
0 0.40911458333333334 0.2939814814814815 0.013020833333333334 0.032407407407407406
0 0.621875 0.03888888888888889 0.010416666666666666 0.022222222222222223
0 0.29713541666666665 0.7921296296296296 0.022395833333333334 0.04722222222222222
0 0.3372395833333333 0.09814814814814815 0.0109375 0.02777777777777778
0 0.3169270833333333 0.5421296296296296 0.0171875 0.03981481481481482
0 0.77890625 0.851388888888889 0.022395833333333334 0.049074074074074076
0 0.34088541666666666 0.7907407407407407 0.0234375 0.05740740740740741
0 0.24635416666666665 0.11435185185185186 0.0125 0.026851851851851852
0 0.16979166666666667 0.6824074074074075 0.022916666666666665 0.040740740740740744
0 0.7028645833333333 0.8902777777777778 0.025520833333333333 0.062037037037037036
0 0.3653645833333333 0.020370370370370372 0.0109375 0.022222222222222223
0 0.025520833333333333 0.638888888888889 0.019791666666666666 0.04259259259259259
0 0.03515625 0.4828703703703704 0.021354166666666667 0.04537037037037037
0 0.4466145833333333 0.06851851851851852 0.0109375 0.02777777777777778
0 0.47291666666666665 0.06018518518518519 0.008333333333333333 0.022222222222222223
0 0.36875 0.07037037037037037 0.013541666666666667 0.02592592592592593
