0 0.3265625 0.1527777777777778 0.0125 0.02592592592592593
0 0.35390625 0.06574074074074074 0.013020833333333334 0.02777777777777778
0 0.4088541666666667 0.6125 0.020833333333333332 0.049074074074074076
0 0.49609375 0.046759259259259264 0.0109375 0.025
0 0.1015625 0.3625 0.017708333333333333 0.03981481481481482
0 0.3567708333333333 0.4203703703703704 0.014583333333333334 0.03518518518518519
0 0.22942708333333334 0.17824074074074076 0.015104166666666667 0.030555555555555558
0 0.21328125 0.8726851851851852 0.022395833333333334 0.05648148148148149
0 0.2721354166666667 0.14722222222222223 0.011979166666666666 0.02777777777777778
0 0.375 0.625462962962963 0.016666666666666666 0.03981481481481482
0 0.07890625 0.5175925925925926 0.01614583333333333 0.03518518518518519
0 0.3833333333333333 0.14537037037037037 0.013541666666666667 0.02777777777777778
0 0.6059895833333333 0.08287037037037037 0.0109375 0.026851851851851852
0 0.41770833333333335 0.28240740740740744 0.013541666666666667 0.031481481481481485
0 0.5619791666666667 0.0462962962962963 0.009375 0.022222222222222223
0 0.5559895833333334 0.7291666666666667 0.018229166666666668 0.04537037037037037
0 0.6341145833333334 0.7226851851851852 0.0203125 0.04351851851851852
0 0.33958333333333335 0.5189814814814815 0.020833333333333332 0.03425925925925926
0 0.296875 0.2125 0.011458333333333333 0.021296296296296296
0 0.48854166666666665 0.10925925925925926 0.010416666666666666 0.02592592592592593
0 0.4622395833333333 0.11712962962962964 0.013020833333333334 0.032407407407407406
0 0.05677083333333333 0.024537037037037038 0.013541666666666667 0.032407407407407406
0 0.35104166666666664 0.12407407407407407 0.017708333333333333 0.037037037037037035
