0 0.34921875 0.44351851851851853 0.01614583333333333 0.037037037037037035
0 0.36328125 0.662962962962963 0.018229166666666668 0.0462962962962963
0 0.38671875 0.1300925925925926 0.013020833333333334 0.026851851851851852
0 0.23072916666666665 0.1625 0.014583333333333334 0.028703703703703703
0 0.20208333333333334 0.9226851851851853 0.022916666666666665 0.058333333333333334
0 0.41432291666666665 0.28194444444444444 0.013020833333333334 0.028703703703703703
0 0.08359375 0.38657407407407407 0.018229166666666668 0.04166666666666667
0 0.30494791666666665 0.5518518518518519 0.019270833333333334 0.03518518518518519
0 0.4921875 0.03425925925925926 0.011458333333333333 0.020370370370370372
0 0.6651041666666666 0.7615740740740741 0.022916666666666665 0.04722222222222222
0 0.6114583333333333 0.07083333333333333 0.011458333333333333 0.026851851851851852
0 0.3966145833333333 0.6546296296296297 0.019270833333333334 0.04814814814814815
0 0.3559895833333333 0.049074074074074076 0.0109375 0.024074074074074074
0 0.06796875 0.5462962962962963 0.019270833333333334 0.03888888888888889
0 0.33098958333333334 0.1388888888888889 0.011979166666666666 0.02777777777777778
0 0.4591145833333333 0.10370370370370371 0.011979166666666666 0.02962962962962963
0 0.5640625 0.028703703703703703 0.009375 0.020370370370370372
0 0.5838541666666667 0.7875 0.022916666666666665 0.05092592592592593
0 0.2747395833333333 0.1337962962962963 0.009895833333333333 0.02314814814814815
0 0.043229166666666666 0.014351851851851852 0.015625 0.028703703703703703
0 0.30234375 0.19398148148148148 0.009895833333333333 0.021296296296296296
0 0.3578125 0.10833333333333334 0.014583333333333334 0.02777777777777778
0 0.4828125 0.0925925925925926 0.014583333333333334 0.02592592592592593
