0 0.35390625 0.687962962962963 0.018229166666666668 0.04259259259259259
0 0.38984375 0.11990740740740741 0.013020833333333334 0.026851851851851852
0 0.35963541666666665 0.0462962962962963 0.0109375 0.024074074074074074
0 0.3455729166666667 0.46481481481481485 0.015104166666666667 0.037037037037037035
0 0.27760416666666665 0.5717592592592593 0.021875 0.036111111111111115
0 0.05807291666666667 0.5625 0.018229166666666668 0.036111111111111115
0 0.38776041666666666 0.6773148148148148 0.022395833333333334 0.05648148148148149
0 0.0703125 0.40185185185185185 0.017708333333333333 0.03888888888888889
0 0.3296875 0.13194444444444445 0.011458333333333333 0.025
0 0.3072916666666667 0.1851851851851852 0.011458333333333333 0.022222222222222223
0 0.6158854166666666 0.06620370370370371 0.0109375 0.02314814814814815
0 0.23385416666666667 0.14814814814814814 0.013541666666666667 0.02962962962962963
0 0.19114583333333332 0.951388888888889 0.022916666666666665 0.06018518518518519
0 0.41328125 0.2800925925925926 0.011979166666666666 0.032407407407407406
0 0.4583333333333333 0.0976851851851852 0.011458333333333333 0.026851851851851852
0 0.68515625 0.7833333333333333 0.0203125 0.0462962962962963
0 0.4927083333333333 0.02314814814814815 0.009375 0.016666666666666666
0 0.27317708333333335 0.125 0.011979166666666666 0.02777777777777778
0 0.56640625 0.02314814814814815 0.008854166666666666 0.018518518518518517
0 0.60546875 0.8250000000000001 0.024479166666666666 0.06296296296296297
0 0.359375 0.1 0.013541666666666667 0.02592592592592593
0 0.034375 0.012962962962962964 0.016666666666666666 0.02592592592592593
0 0.4822916666666667 0.08425925925925926 0.013541666666666667 0.024074074074074074
