0 0.3911458333333333 0.47962962962962963 0.017708333333333333 0.03888888888888889
0 0.8799479166666666 0.5773148148148148 0.024479166666666666 0.05092592592592593
0 0.3359375 0.8023148148148148 0.028125 0.05648148148148149
0 0.6317708333333333 0.5666666666666667 0.021875 0.04814814814814815
0 0.5958333333333333 0.6560185185185186 0.026041666666666668 0.058333333333333334
0 0.4015625 0.5699074074074074 0.01875 0.03796296296296296
0 0.34088541666666666 0.3337962962962963 0.011979166666666666 0.030555555555555558
0 0.31927083333333334 0.3574074074074074 0.0125 0.02777777777777778
0 0.575 0.8550925925925926 0.03958333333333333 0.09537037037037037
0 0.79765625 0.48379629629629634 0.019270833333333334 0.03796296296296296
0 0.7893229166666667 0.6245370370370371 0.0203125 0.04166666666666667
0 0.37838541666666664 0.32175925925925924 0.0109375 0.026851851851851852
0 0.56875 0.6620370370370371 0.02395833333333333 0.05185185185185186
0 0.35234375 0.5055555555555555 0.01614583333333333 0.03333333333333333
0 0.8190104166666666 0.7180555555555556 0.0234375 0.04537037037037037
0 0.21197916666666666 0.4388888888888889 0.016666666666666666 0.03888888888888889
0 0.019791666666666666 0.23148148148148148 0.014583333333333334 0.02962962962962963
0 0.5286458333333334 0.5115740740740741 0.019791666666666666 0.03981481481481482
0 0.10651041666666666 0.36944444444444446 0.0171875 0.03333333333333333
0 0.2953125 0.763888888888889 0.02395833333333333 0.044444444444444446
0 0.24739583333333334 0.32083333333333336 0.017708333333333333 0.032407407407407406
0 0.7596354166666667 0.5092592592592593 0.0203125 0.03518518518518519
0 0.22890625 0.3560185185185185 0.015104166666666667 0.036111111111111115
0 0.98515625 0.49722222222222223 0.018229166666666668 0.040740740740740744
0 0.7864583333333334 0.6814814814814815 0.020833333333333332 0.037037037037037035
0 0.21484375 0.41250000000000003 0.0140625 0.03425925925925926
0 0.20989583333333334 0.2550925925925926 0.0125 0.028703703703703703
0 0.5338541666666666 0.4949074074074074 0.016666666666666666 0.04166666666666667
0 0.22057291666666667 0.25277777777777777 0.011979166666666666 0.02592592592592593
0 0.08020833333333333 0.25277777777777777 0.016666666666666666 0.02777777777777778
0 0.08932291666666667 0.24861111111111112 0.0078125 0.025
0 0.02786458333333333 0.1736111111111111 0.0140625 0.025
0 0.24505208333333334 0.3472222222222222 0.0140625 0.031481481481481485
0 0.4002604166666667 0.625 0.025520833333333333 0.037037037037037035
