0 0.3385416666666667 0.3277777777777778 0.0125 0.02962962962962963
0 0.3807291666666667 0.31666666666666665 0.0125 0.02777777777777778
0 0.33880208333333334 0.8027777777777778 0.027604166666666666 0.05740740740740741
0 0.3966145833333333 0.5620370370370371 0.019270833333333334 0.040740740740740744
0 0.39010416666666664 0.47175925925925927 0.01875 0.03981481481481482
0 0.6416666666666666 0.5680555555555555 0.020833333333333332 0.04351851851851852
0 0.5838541666666667 0.8550925925925926 0.0375 0.08425925925925926
0 0.5888020833333333 0.6555555555555556 0.024479166666666666 0.05740740740740741
0 0.79765625 0.6277777777777778 0.019270833333333334 0.03888888888888889
0 0.7927083333333333 0.475462962962963 0.019791666666666666 0.036111111111111115
0 0.22135416666666666 0.4412037037037037 0.016666666666666666 0.036111111111111115
0 0.22838541666666667 0.3472222222222222 0.015104166666666667 0.037037037037037035
0 0.24583333333333332 0.3162037037037037 0.015625 0.030555555555555558
0 0.21666666666666667 0.41250000000000003 0.015625 0.036111111111111115
0 0.9791666666666666 0.4949074074074074 0.021875 0.04351851851851852
0 0.7716145833333333 0.5166666666666667 0.019270833333333334 0.037037037037037035
0 0.3203125 0.36203703703703705 0.009375 0.02592592592592593
0 0.3546875 0.4990740740740741 0.014583333333333334 0.031481481481481485
0 0.8283854166666667 0.7268518518518519 0.027604166666666666 0.044444444444444446
0 0.89453125 0.5842592592592593 0.019270833333333334 0.040740740740740744
0 0.025 0.23333333333333334 0.013541666666666667 0.02777777777777778
0 0.5640625 0.6625 0.02395833333333333 0.049074074074074076
0 0.21328125 0.25092592592592594 0.0140625 0.02592592592592593
0 0.08098958333333334 0.2564814814814815 0.013020833333333334 0.02777777777777778
0 0.09166666666666666 0.2523148148148148 0.016666666666666666 0.032407407407407406
0 0.04583333333333333 0.3736111111111111 0.017708333333333333 0.032407407407407406
0 0.02578125 0.16898148148148148 0.015104166666666667 0.02314814814814815
0 0.10598958333333333 0.3648148148148148 0.009895833333333333 0.020370370370370372
0 0.20338541666666665 0.2518518518518519 0.015104166666666667 0.022222222222222223
0 0.24140625 0.3462962962962963 0.015104166666666667 0.02777777777777778
0 0.2989583333333333 0.7722222222222223 0.028125 0.04814814814814815
0 0.39166666666666666 0.6111111111111112 0.021875 0.05
0 0.7981770833333334 0.6875 0.018229166666666668 0.04351851851851852
0 0.5466145833333333 0.4861111111111111 0.019270833333333334 0.03888888888888889
0 0.5346354166666667 0.5166666666666667 0.018229166666666668 0.04259259259259259
