0 0.6135416666666667 0.8574074074074074 0.040625 0.0925925925925926
0 0.5278645833333333 0.6574074074074074 0.0265625 0.05
0 0.5669270833333333 0.663425925925926 0.0265625 0.06018518518518519
0 0.3919270833333333 0.45462962962962966 0.018229166666666668 0.037037037037037035
0 0.25807291666666665 0.44722222222222224 0.01614583333333333 0.03518518518518519
0 0.21380208333333334 0.3314814814814815 0.0140625 0.03333333333333333
0 0.2375 0.4189814814814815 0.013541666666666667 0.03425925925925926
0 0.34088541666666666 0.3162037037037037 0.013020833333333334 0.025
0 0.6736979166666667 0.6083333333333334 0.019270833333333334 0.03333333333333333
0 0.8729166666666667 0.7532407407407408 0.026041666666666668 0.04722222222222222
0 0.3765625 0.30694444444444446 0.0125 0.025
0 0.9596354166666666 0.49444444444444446 0.018229166666666668 0.037037037037037035
0 0.09921875 0.26435185185185184 0.009895833333333333 0.02314814814814815
0 0.3494791666666667 0.7986111111111112 0.026041666666666668 0.058333333333333334
0 0.37604166666666666 0.5324074074074074 0.01875 0.03518518518518519
0 0.36302083333333335 0.48055555555555557 0.013541666666666667 0.03333333333333333
0 0.32265625 0.8060185185185186 0.025520833333333333 0.05462962962962963
0 0.8440104166666667 0.6643518518518519 0.019270833333333334 0.036111111111111115
0 0.33932291666666664 0.37222222222222223 0.013020833333333334 0.02592592592592593
0 0.011979166666666666 0.16574074074074074 0.0125 0.02777777777777778
0 0.04401041666666666 0.24166666666666667 0.013020833333333334 0.02962962962962963
0 0.8302083333333333 0.5546296296296297 0.01875 0.040740740740740744
0 0.10651041666666666 0.26157407407407407 0.009895833333333333 0.026851851851851852
0 0.0921875 0.3523148148148148 0.017708333333333333 0.028703703703703703
0 0.17630208333333333 0.24212962962962964 0.0109375 0.025
0 0.04479166666666667 0.3574074074074074 0.017708333333333333 0.02777777777777778
0 0.0171875 0.26990740740740743 0.016666666666666666 0.036111111111111115
0 0.23359375 0.29953703703703705 0.015104166666666667 0.025
0 0.23046875 0.3287037037037037 0.0140625 0.02962962962962963
0 0.37526041666666665 0.5865740740740741 0.024479166666666666 0.04537037037037037
0 0.5841145833333333 0.5032407407407408 0.0203125 0.03425925925925926
0 0.5721354166666667 0.5287037037037037 0.019270833333333334 0.03888888888888889
0 0.7669270833333334 0.4620370370370371 0.019270833333333334 0.037037037037037035
0 0.8468749999999999 0.7240740740740741 0.02395833333333333 0.05185185185185186
0 0.9502604166666666 0.6337962962962963 0.0265625 0.05462962962962963
