0 0.509375 0.6532407407407408 0.020833333333333332 0.04537037037037037
0 0.2734375 0.4476851851851852 0.01875 0.036111111111111115
0 0.3533854166666667 0.8013888888888889 0.025520833333333333 0.06018518518518519
0 0.6276041666666666 0.8541666666666667 0.04479166666666667 0.09907407407407408
0 0.10651041666666666 0.27037037037037037 0.013020833333333334 0.02592592592592593
0 0.5546875 0.6625 0.026041666666666668 0.05277777777777778
0 0.40078125 0.4467592592592593 0.0171875 0.03425925925925926
0 0.95546875 0.49583333333333335 0.0171875 0.03425925925925926
0 0.3442708333333333 0.30972222222222223 0.0125 0.026851851851851852
0 0.6893229166666667 0.6287037037037038 0.021354166666666667 0.040740740740740744
0 0.37135416666666665 0.5217592592592593 0.01875 0.03425925925925926
0 0.37057291666666664 0.2990740740740741 0.011979166666666666 0.024074074074074074
0 0.20494791666666667 0.32546296296296295 0.0140625 0.030555555555555558
0 0.35182291666666665 0.3763888888888889 0.0140625 0.030555555555555558
0 0.2513020833333333 0.4175925925925926 0.0140625 0.031481481481481485
0 0.85390625 0.5773148148148148 0.019270833333333334 0.03796296296296296
0 0.3645833333333333 0.46990740740740744 0.014583333333333334 0.032407407407407406
0 0.05 0.2490740740740741 0.013541666666666667 0.02777777777777778
0 0.7526041666666666 0.45046296296296295 0.017708333333333333 0.03796296296296296
0 0.8614583333333333 0.7324074074074074 0.021875 0.03888888888888889
0 0.11927083333333333 0.26157407407407407 0.0125 0.028703703703703703
0 0.8596354166666667 0.6736111111111112 0.024479166666666666 0.049074074074074076
0 0.32578125 0.8199074074074074 0.028645833333333332 0.062037037037037036
0 0.04244791666666667 0.35833333333333334 0.018229166666666668 0.03518518518518519
0 0.16588541666666667 0.23240740740740742 0.0140625 0.02777777777777778
0 0.890625 0.763425925925926 0.02395833333333333 0.05277777777777778
0 0.5893229166666667 0.5300925925925926 0.0203125 0.04537037037037037
0 0.6013020833333333 0.5106481481481482 0.018229166666666668 0.04351851851851852
0 0.08619791666666667 0.34953703703703703 0.019270833333333334 0.03425925925925926
0 0.024479166666666666 0.27685185185185185 0.015625 0.03888888888888889
0 0.22421875 0.3199074074074074 0.013020833333333334 0.025
0 0.23098958333333333 0.2976851851851852 0.015104166666666667 0.032407407407407406
0 0.009375 0.16342592592592592 0.016666666666666666 0.026851851851851852
0 0.3723958333333333 0.5666666666666667 0.022916666666666665 0.04259259259259259
