0 0.51953125 0.6513888888888889 0.022395833333333334 0.04351851851851852
0 0.046614583333333334 0.2449074074074074 0.0140625 0.030555555555555558
0 0.20989583333333334 0.32685185185185184 0.014583333333333334 0.03333333333333333
0 0.26458333333333334 0.4481481481481482 0.01875 0.037037037037037035
0 0.6190104166666667 0.8564814814814815 0.043229166666666666 0.0962962962962963
0 0.9658854166666666 0.6453703703703704 0.0265625 0.061111111111111116
0 0.10234375 0.2689814814814815 0.013020833333333334 0.028703703703703703
0 0.3729166666666667 0.5277777777777778 0.019791666666666666 0.03888888888888889
0 0.35052083333333334 0.8009259259259259 0.027083333333333334 0.05925925925925926
0 0.34322916666666664 0.3143518518518519 0.0125 0.026851851851851852
0 0.5614583333333333 0.6638888888888889 0.025 0.053703703703703705
0 0.24296874999999998 0.41944444444444445 0.0140625 0.03333333333333333
0 0.39609375 0.45046296296296295 0.018229166666666668 0.036111111111111115
0 0.9572916666666667 0.4939814814814815 0.01875 0.036111111111111115
0 0.08932291666666667 0.3513888888888889 0.0171875 0.032407407407407406
0 0.23307291666666666 0.3027777777777778 0.0171875 0.03333333333333333
0 0.759375 0.45555555555555555 0.016666666666666666 0.040740740740740744
0 0.32447916666666665 0.8097222222222222 0.025 0.05277777777777778
0 0.3638020833333333 0.4791666666666667 0.013020833333333334 0.030555555555555558
0 0.68046875 0.6129629629629629 0.0203125 0.037037037037037035
0 0.34609375 0.37592592592592594 0.013020833333333334 0.02962962962962963
0 0.171875 0.24305555555555555 0.010416666666666666 0.021296296296296296
0 0.8489583333333334 0.6694444444444445 0.02395833333333333 0.040740740740740744
0 0.3736979166666667 0.3023148148148148 0.013020833333333334 0.025
0 0.021354166666666667 0.2726851851851852 0.011458333333333333 0.028703703703703703
0 0.22630208333333332 0.32407407407407407 0.0140625 0.02962962962962963
0 0.840625 0.5643518518518519 0.022916666666666665 0.04722222222222222
0 0.8544270833333333 0.7273148148148149 0.022395833333333334 0.03981481481481482
0 0.11276041666666667 0.26712962962962966 0.011979166666666666 0.028703703703703703
0 0.04348958333333333 0.35833333333333334 0.0203125 0.02962962962962963
0 0.009895833333333333 0.16481481481481483 0.016666666666666666 0.02962962962962963
0 0.3736979166666667 0.5791666666666667 0.0203125 0.04351851851851852
0 0.5783854166666667 0.5273148148148148 0.019270833333333334 0.036111111111111115
0 0.58984375 0.5078703703703704 0.013020833333333334 0.03425925925925926
0 0.8807291666666667 0.7578703703703704 0.022916666666666665 0.04722222222222222
