0 0.34375 0.3125 0.0125 0.026851851851851852
0 0.26901041666666664 0.4476851851851852 0.0203125 0.036111111111111115
0 0.5578125 0.6638888888888889 0.025 0.05555555555555556
0 0.35234375 0.799537037037037 0.027604166666666666 0.06018518518518519
0 0.6234375 0.8578703703703704 0.042708333333333334 0.09722222222222222
0 0.68515625 0.6189814814814815 0.018229166666666668 0.036111111111111115
0 0.371875 0.300462962962963 0.0125 0.025
0 0.9559895833333333 0.49444444444444446 0.018229166666666668 0.03518518518518519
0 0.5140625 0.6523148148148148 0.021875 0.04537037037037037
0 0.20651041666666667 0.3282407407407408 0.01614583333333333 0.036111111111111115
0 0.3984375 0.4486111111111111 0.015625 0.032407407407407406
0 0.8846354166666667 0.7615740740740741 0.025520833333333333 0.05277777777777778
0 0.97265625 0.6518518518518519 0.0234375 0.05185185185185186
0 0.3489583333333333 0.375 0.013541666666666667 0.02962962962962963
0 0.04739583333333333 0.2476851851851852 0.015625 0.030555555555555558
0 0.36432291666666666 0.47500000000000003 0.0140625 0.031481481481481485
0 0.24687499999999998 0.4166666666666667 0.014583333333333334 0.031481481481481485
0 0.75546875 0.45601851851851855 0.01614583333333333 0.04166666666666667
0 0.3729166666666667 0.5259259259259259 0.019791666666666666 0.037037037037037035
0 0.10442708333333334 0.2689814814814815 0.013020833333333334 0.028703703703703703
0 0.022395833333333334 0.2740740740740741 0.013541666666666667 0.02962962962962963
0 0.3265625 0.8115740740740741 0.026041666666666668 0.05277777777777778
0 0.8533854166666667 0.6759259259259259 0.024479166666666666 0.044444444444444446
0 0.11770833333333333 0.2652777777777778 0.008333333333333333 0.025
0 0.8481770833333333 0.5750000000000001 0.0203125 0.044444444444444446
0 0.1703125 0.24212962962962964 0.010416666666666666 0.02314814814814815
0 0.04348958333333333 0.3574074074074074 0.0171875 0.031481481481481485
0 0.5822916666666667 0.5296296296296297 0.020833333333333332 0.040740740740740744
0 0.5955729166666667 0.5143518518518518 0.015104166666666667 0.04722222222222222
0 0.8575520833333333 0.7351851851851852 0.0265625 0.04814814814814815
0 0.37447916666666664 0.5736111111111112 0.027083333333333334 0.04351851851851852
0 0.22421875 0.3212962962962963 0.013020833333333334 0.02777777777777778
0 0.23151041666666666 0.3023148148148148 0.018229166666666668 0.04537037037037037
0 0.09036458333333333 0.3509259259259259 0.0203125 0.037037037037037035
0 0.008854166666666666 0.16296296296296298 0.015625 0.031481481481481485
