0 0.49322916666666666 0.6541666666666667 0.020833333333333332 0.04351851851851852
0 0.28932291666666665 0.4462962962962963 0.0203125 0.03518518518518519
0 0.36015625 0.8018518518518519 0.0265625 0.05740740740740741
0 0.6455729166666666 0.8597222222222223 0.043229166666666666 0.09722222222222222
0 0.11380208333333333 0.27314814814814814 0.013020833333333334 0.02592592592592593
0 0.3419270833333333 0.3050925925925926 0.0109375 0.026851851851851852
0 0.19375 0.3143518518518519 0.015625 0.03425925925925926
0 0.2671875 0.4189814814814815 0.015625 0.03425925925925926
0 0.3677083333333333 0.37083333333333335 0.014583333333333334 0.030555555555555558
0 0.36640625 0.5046296296296297 0.018229166666666668 0.03333333333333333
0 0.40625 0.4416666666666667 0.015625 0.03333333333333333
0 0.3640625 0.2949074074074074 0.011458333333333333 0.026851851851851852
0 0.9520833333333333 0.49444444444444446 0.016666666666666666 0.03333333333333333
0 0.22760416666666666 0.2949074074074074 0.015625 0.030555555555555558
0 0.7111979166666667 0.6527777777777778 0.024479166666666666 0.044444444444444446
0 0.6052083333333333 0.5449074074074074 0.017708333333333333 0.03981481481481482
0 0.05520833333333333 0.25601851851851853 0.015625 0.028703703703703703
0 0.8809895833333333 0.5962962962962963 0.019270833333333334 0.04814814814814815
0 0.978125 0.600462962962963 0.03854166666666667 0.07314814814814816
0 0.3346354166666667 0.8148148148148149 0.0234375 0.05
0 0.030729166666666665 0.28055555555555556 0.0125 0.02962962962962963
0 0.8763020833333334 0.7412037037037037 0.022395833333333334 0.03796296296296296
0 0.12526041666666665 0.27037037037037037 0.008854166666666666 0.020370370370370372
0 0.03958333333333333 0.3527777777777778 0.0125 0.02777777777777778
0 0.07760416666666667 0.3523148148148148 0.017708333333333333 0.026851851851851852
0 0.21770833333333334 0.31666666666666665 0.015625 0.02962962962962963
0 0.3671875 0.5509259259259259 0.020833333333333332 0.03888888888888889
0 0.621875 0.5185185185185185 0.021875 0.04259259259259259
0 0.9083333333333333 0.7833333333333333 0.02395833333333333 0.04814814814814815
0 0.8807291666666667 0.6930555555555555 0.022916666666666665 0.04537037037037037
0 0.36875 0.4666666666666667 0.016666666666666666 0.02777777777777778
0 0.15494791666666666 0.2300925925925926 0.015104166666666667 0.02314814814814815
0 0.7388020833333333 0.45 0.0203125 0.040740740740740744
0 0.5466145833333333 0.6680555555555556 0.024479166666666666 0.05277777777777778
