0 0.38229166666666664 0.37777777777777777 0.015625 0.031481481481481485
0 0.4765625 0.6513888888888889 0.020833333333333332 0.04351851851851852
0 0.9518229166666666 0.49212962962962964 0.0171875 0.036111111111111115
0 0.6744791666666666 0.8703703703703703 0.04479166666666667 0.09444444444444444
0 0.2908854166666667 0.4166666666666667 0.01614583333333333 0.037037037037037035
0 0.309375 0.4518518518518519 0.017708333333333333 0.040740740740740744
0 0.36953125 0.8032407407407408 0.027604166666666666 0.058333333333333334
0 0.340625 0.8189814814814815 0.02395833333333333 0.05462962962962963
0 0.18776041666666665 0.3060185185185185 0.015104166666666667 0.030555555555555558
0 0.40859375 0.4356481481481482 0.015104166666666667 0.036111111111111115
0 0.3580729166666667 0.2837962962962963 0.0109375 0.02314814814814815
0 0.3328125 0.29953703703703705 0.0125 0.026851851851851852
0 0.9203125 0.625 0.021875 0.044444444444444446
0 0.22265625 0.28703703703703703 0.015104166666666667 0.02962962962962963
0 0.11927083333333333 0.28611111111111115 0.0125 0.02777777777777778
0 0.6263020833333334 0.5555555555555556 0.018229166666666668 0.044444444444444446
0 0.7328125 0.674074074074074 0.02395833333333333 0.04814814814814815
0 0.7192708333333333 0.44212962962962965 0.015625 0.032407407407407406
0 0.0625 0.35833333333333334 0.011458333333333333 0.024074074074074074
0 0.03854166666666667 0.3541666666666667 0.015625 0.028703703703703703
0 0.12760416666666666 0.2833333333333333 0.0125 0.02962962962962963
0 0.8971354166666666 0.7555555555555555 0.019270833333333334 0.03888888888888889
0 0.9510416666666667 0.6064814814814815 0.03333333333333333 0.05740740740740741
0 0.06484375 0.26481481481481484 0.0140625 0.02962962962962963
0 0.040364583333333336 0.28611111111111115 0.0140625 0.02777777777777778
0 0.21171874999999998 0.3041666666666667 0.0140625 0.026851851851851852
0 0.3828125 0.46064814814814814 0.020833333333333332 0.03425925925925926
0 0.5315104166666667 0.6736111111111112 0.019270833333333334 0.04351851851851852
0 0.521875 0.6550925925925927 0.015625 0.036111111111111115
0 0.64375 0.5361111111111111 0.016666666666666666 0.04814814814814815
0 0.9041666666666667 0.6953703703703704 0.022916666666666665 0.04814814814814815
0 0.3541666666666667 0.5402777777777777 0.017708333333333333 0.03425925925925926
0 0.3515625 0.500462962962963 0.020833333333333332 0.036111111111111115
