0 0.47109375 0.6462962962962964 0.022395833333333334 0.04259259259259259
0 0.6888020833333334 0.8736111111111111 0.0484375 0.09722222222222222
0 0.39166666666666666 0.37962962962962965 0.014583333333333334 0.031481481481481485
0 0.30390625 0.4152777777777778 0.015104166666666667 0.032407407407407406
0 0.9526041666666667 0.4912037037037037 0.01875 0.03425925925925926
0 0.11979166666666667 0.2884259259259259 0.0125 0.030555555555555558
0 0.34765625 0.8180555555555555 0.024479166666666666 0.05462962962962963
0 0.32890625 0.29583333333333334 0.011979166666666666 0.026851851851851852
0 0.41015625 0.4324074074074074 0.0140625 0.03518518518518519
0 0.3221354166666667 0.4462962962962963 0.018229166666666668 0.037037037037037035
0 0.37395833333333334 0.8023148148148148 0.028125 0.058333333333333334
0 0.18854166666666666 0.29814814814814816 0.0125 0.031481481481481485
0 0.34140625 0.49768518518518523 0.0171875 0.032407407407407406
0 0.64296875 0.5606481481481481 0.0203125 0.04351851851851852
0 0.07526041666666666 0.26296296296296295 0.015104166666666667 0.02592592592592593
0 0.7091145833333333 0.42962962962962964 0.019270833333333334 0.040740740740740744
0 0.04973958333333333 0.2865740740740741 0.015104166666666667 0.026851851851851852
0 0.35260416666666666 0.27731481481481485 0.011458333333333333 0.02314814814814815
0 0.21927083333333333 0.28101851851851856 0.014583333333333334 0.03425925925925926
0 0.7479166666666667 0.6828703703703703 0.021875 0.03796296296296296
0 0.13098958333333333 0.2847222222222222 0.0109375 0.028703703703703703
0 0.5239583333333333 0.6768518518518519 0.022916666666666665 0.05
0 0.5197916666666667 0.6550925925925927 0.02395833333333333 0.036111111111111115
0 0.6565104166666667 0.5444444444444445 0.0140625 0.04814814814814815
0 0.9390625 0.612037037037037 0.03958333333333333 0.06851851851851852
0 0.34401041666666665 0.5291666666666667 0.018229166666666668 0.04537037037037037
0 0.21067708333333332 0.30092592592592593 0.015104166666666667 0.02777777777777778
0 0.061197916666666664 0.3550925925925926 0.0203125 0.036111111111111115
0 0.0375 0.34953703703703703 0.015625 0.026851851851851852
