0 0.38203125 0.8009259259259259 0.0296875 0.05925925925925926
0 0.7109375 0.8731481481481482 0.04583333333333333 0.0962962962962963
0 0.4588541666666667 0.6398148148148148 0.020833333333333332 0.04259259259259259
0 0.9518229166666666 0.48935185185185187 0.019270833333333334 0.03796296296296296
0 0.4046875 0.3800925925925926 0.014583333333333334 0.030555555555555558
0 0.35572916666666665 0.8157407407407408 0.02395833333333333 0.053703703703703705
0 0.33671875 0.4476851851851852 0.018229166666666668 0.03796296296296296
0 0.32526041666666666 0.2884259259259259 0.0109375 0.025
0 0.3216145833333333 0.42453703703703705 0.013020833333333334 0.032407407407407406
0 0.6640625 0.575925925925926 0.019791666666666666 0.0462962962962963
0 0.08619791666666667 0.26435185185185184 0.0109375 0.026851851851851852
0 0.13463541666666667 0.28935185185185186 0.011979166666666666 0.030555555555555558
0 0.12395833333333334 0.29305555555555557 0.014583333333333334 0.032407407407407406
0 0.06302083333333333 0.28750000000000003 0.011458333333333333 0.026851851851851852
0 0.34479166666666666 0.2712962962962963 0.011458333333333333 0.022222222222222223
0 0.6942708333333333 0.42592592592592593 0.01875 0.03888888888888889
0 0.18645833333333334 0.2898148148148148 0.010416666666666666 0.024074074074074074
0 0.9166666666666666 0.6097222222222223 0.03333333333333333 0.06944444444444445
0 0.3325520833333333 0.5231481481481481 0.0171875 0.037037037037037035
0 0.7692708333333333 0.7134259259259259 0.02395833333333333 0.04537037037037037
0 0.9369791666666667 0.7773148148148148 0.020833333333333332 0.04351851851851852
0 0.9716145833333333 0.6675925925925926 0.024479166666666666 0.04814814814814815
0 0.6760416666666667 0.5583333333333333 0.016666666666666666 0.03888888888888889
0 0.5119791666666667 0.6824074074074075 0.021875 0.04259259259259259
0 0.5114583333333333 0.6550925925925927 0.020833333333333332 0.032407407407407406
0 0.41901041666666666 0.4337962962962963 0.015104166666666667 0.03425925925925926
0 0.32526041666666666 0.4898148148148148 0.018229166666666668 0.02962962962962963
0 0.06015625 0.3509259259259259 0.0203125 0.03888888888888889
0 0.0359375 0.34814814814814815 0.020833333333333332 0.037037037037037035
0 0.20885416666666667 0.29074074074074074 0.011458333333333333 0.022222222222222223
0 0.21380208333333334 0.26944444444444443 0.013020833333333334 0.02962962962962963
0 0.23645833333333333 0.2388888888888889 0.017708333333333333 0.02777777777777778
