0 0.71953125 0.8722222222222222 0.04739583333333333 0.0962962962962963
0 0.45260416666666664 0.6351851851851852 0.019791666666666666 0.040740740740740744
0 0.3841145833333333 0.7990740740740742 0.027604166666666666 0.061111111111111116
0 0.32916666666666666 0.4236111111111111 0.015625 0.032407407407407406
0 0.4083333333333333 0.37777777777777777 0.013541666666666667 0.02777777777777778
0 0.3416666666666667 0.45092592592592595 0.016666666666666666 0.037037037037037035
0 0.35885416666666664 0.8162037037037038 0.020833333333333332 0.05462962962962963
0 0.9510416666666667 0.4898148148148148 0.01875 0.037037037037037035
0 0.08984375 0.2657407407407408 0.0140625 0.02777777777777778
0 0.325 0.28564814814814815 0.011458333333333333 0.025
0 0.7765625 0.7194444444444444 0.02395833333333333 0.04259259259259259
0 0.12994791666666666 0.2962962962962963 0.018229166666666668 0.03518518518518519
0 0.34140625 0.26944444444444443 0.0109375 0.022222222222222223
0 0.9096354166666667 0.6074074074074074 0.03802083333333333 0.07592592592592592
0 0.425 0.4412037037037037 0.016666666666666666 0.04351851851851852
0 0.24140625 0.23796296296296296 0.008854166666666666 0.018518518518518517
0 0.21328125 0.26712962962962966 0.0140625 0.032407407407407406
0 0.93828125 0.725462962962963 0.0265625 0.05277777777777778
0 0.13697916666666665 0.2916666666666667 0.01875 0.040740740740740744
0 0.32838541666666665 0.5171296296296296 0.019270833333333334 0.03425925925925926
0 0.32369791666666664 0.487962962962963 0.018229166666666668 0.031481481481481485
0 0.058333333333333334 0.35370370370370374 0.0125 0.02962962962962963
0 0.035416666666666666 0.34444444444444444 0.016666666666666666 0.02962962962962963
0 0.18619791666666666 0.28935185185185186 0.0140625 0.02314814814814815
0 0.6692708333333334 0.5773148148148148 0.021875 0.04537037037037037
0 0.6838541666666667 0.5615740740740741 0.016666666666666666 0.04537037037037037
0 0.68984375 0.4291666666666667 0.019270833333333334 0.04351851851851852
0 0.9408854166666667 0.7824074074074074 0.0203125 0.04259259259259259
0 0.06484375 0.2902777777777778 0.0140625 0.026851851851851852
0 0.5098958333333333 0.6824074074074075 0.017708333333333333 0.040740740740740744
0 0.50859375 0.6462962962962964 0.019270833333333334 0.02777777777777778
0 0.20989583333333334 0.2925925925925926 0.015625 0.031481481481481485
