0 0.4557291666666667 0.6370370370370371 0.021875 0.04259259259259259
0 0.38177083333333334 0.8009259259259259 0.029166666666666667 0.06296296296296297
0 0.40520833333333334 0.3800925925925926 0.013541666666666667 0.032407407407407406
0 0.32421875 0.425462962962963 0.01614583333333333 0.03796296296296296
0 0.9515625 0.4902777777777778 0.019791666666666666 0.03796296296296296
0 0.12526041666666665 0.2953703703703704 0.0140625 0.031481481481481485
0 0.34322916666666664 0.26944444444444443 0.011458333333333333 0.020370370370370372
0 0.08697916666666666 0.26481481481481484 0.0125 0.02592592592592593
0 0.35651041666666666 0.8171296296296297 0.0234375 0.05648148148148149
0 0.32526041666666666 0.2884259259259259 0.011979166666666666 0.025
0 0.33958333333333335 0.44907407407407407 0.017708333333333333 0.037037037037037035
0 0.771875 0.7157407407407408 0.025 0.0462962962962963
0 0.6927083333333334 0.4236111111111111 0.020833333333333332 0.04166666666666667
0 0.23802083333333332 0.23703703703703705 0.011458333333333333 0.018518518518518517
0 0.13515625 0.2916666666666667 0.0109375 0.02962962962962963
0 0.06484375 0.2898148148148148 0.013020833333333334 0.02777777777777778
0 0.18619791666666666 0.2851851851851852 0.0109375 0.02777777777777778
0 0.058333333333333334 0.3472222222222222 0.011458333333333333 0.031481481481481485
0 0.034895833333333334 0.34444444444444444 0.015625 0.02962962962962963
0 0.20833333333333334 0.2916666666666667 0.010416666666666666 0.02777777777777778
0 0.21276041666666667 0.2712962962962963 0.013020833333333334 0.02777777777777778
0 0.32786458333333335 0.48935185185185187 0.019270833333333334 0.032407407407407406
0 0.33098958333333334 0.5194444444444445 0.025520833333333333 0.03888888888888889
0 0.421875 0.4361111111111111 0.0125 0.03888888888888889
0 0.6635416666666667 0.5712962962962963 0.017708333333333333 0.037037037037037035
0 0.68046875 0.5601851851851852 0.0265625 0.04259259259259259
0 0.7140625 0.875 0.04375 0.09074074074074075
0 0.9166666666666666 0.6143518518518519 0.040625 0.075
0 0.9752604166666666 0.6759259259259259 0.019270833333333334 0.05185185185185186
0 0.51171875 0.6828703703703703 0.0203125 0.03425925925925926
0 0.5111979166666667 0.6486111111111111 0.024479166666666666 0.032407407407407406
0 0.9385416666666666 0.7796296296296297 0.020833333333333332 0.05
0 0.9395833333333333 0.7180555555555556 0.021875 0.04351851851851852
