0 0.9526041666666667 0.4912037037037037 0.01875 0.03981481481481482
0 0.31953125 0.27592592592592596 0.0109375 0.024074074074074074
0 0.4231770833333333 0.6018518518518519 0.019270833333333334 0.04259259259259259
0 0.396875 0.7986111111111112 0.027083333333333334 0.0638888888888889
0 0.44166666666666665 0.44907407407407407 0.015625 0.03888888888888889
0 0.3138020833333333 0.46620370370370373 0.0171875 0.032407407407407406
0 0.36822916666666666 0.8152777777777778 0.025 0.06018518518518519
0 0.3533854166666667 0.4291666666666667 0.015104166666666667 0.03796296296296296
0 0.98046875 0.6129629629629629 0.034895833333333334 0.07222222222222223
0 0.7528645833333333 0.8814814814814815 0.04739583333333333 0.1
0 0.21119791666666665 0.2555555555555556 0.013020833333333334 0.03333333333333333
0 0.36432291666666666 0.4569444444444445 0.0171875 0.03796296296296296
0 0.49635416666666665 0.6708333333333334 0.021875 0.05092592592592593
0 0.24765625 0.24629629629629632 0.009895833333333333 0.02592592592592593
0 0.4966145833333333 0.6518518518518519 0.021354166666666667 0.0462962962962963
0 0.42552083333333335 0.3736111111111111 0.016666666666666666 0.030555555555555558
0 0.7036458333333333 0.6 0.02395833333333333 0.05
0 0.31015625 0.49583333333333335 0.01614583333333333 0.036111111111111115
0 0.8153645833333333 0.7495370370370371 0.0265625 0.05277777777777778
0 0.33619791666666665 0.25972222222222224 0.011979166666666666 0.02314814814814815
0 0.19973958333333333 0.27731481481481485 0.015104166666666667 0.028703703703703703
0 0.17526041666666667 0.27083333333333337 0.011979166666666666 0.028703703703703703
0 0.058854166666666666 0.34953703703703703 0.017708333333333333 0.036111111111111115
0 0.03984375 0.33796296296296297 0.0203125 0.031481481481481485
0 0.07682291666666667 0.30092592592592593 0.013020833333333334 0.02777777777777778
0 0.09713541666666667 0.27361111111111114 0.018229166666666668 0.032407407407407406
0 0.13697916666666665 0.3074074074074074 0.015625 0.02962962962962963
0 0.14973958333333334 0.300462962962963 0.013020833333333334 0.032407407407407406
0 0.6661458333333333 0.4240740740740741 0.017708333333333333 0.03888888888888889
0 0.88359375 0.6203703703703703 0.04114583333333333 0.06851851851851852
0 0.7190104166666667 0.5814814814814815 0.019270833333333334 0.05
