0 0.3755208333333333 0.8157407407407408 0.026041666666666668 0.061111111111111116
0 0.9552083333333333 0.4912037037037037 0.01875 0.04166666666666667
0 0.40598958333333335 0.5861111111111111 0.0203125 0.04259259259259259
0 0.2583333333333333 0.2587962962962963 0.013541666666666667 0.032407407407407406
0 0.3794270833333333 0.4310185185185185 0.015104166666666667 0.036111111111111115
0 0.31015625 0.26990740740740743 0.0109375 0.025
0 0.4830729166666667 0.6796296296296297 0.022395833333333334 0.05
0 0.78125 0.8796296296296297 0.053125 0.10185185185185186
0 0.46328125 0.45833333333333337 0.013020833333333334 0.03518518518518519
0 0.38203125 0.4652777777777778 0.01614583333333333 0.03425925925925926
0 0.7283854166666667 0.6194444444444445 0.0234375 0.0462962962962963
0 0.16979166666666667 0.26157407407407407 0.013541666666666667 0.032407407407407406
0 0.44244791666666666 0.38287037037037036 0.01614583333333333 0.032407407407407406
0 0.334375 0.2490740740740741 0.0125 0.024074074074074074
0 0.4067708333333333 0.799537037037037 0.028125 0.06574074074074074
0 0.20781249999999998 0.24861111111111112 0.013541666666666667 0.02314814814814815
0 0.6471354166666666 0.4189814814814815 0.018229166666666668 0.036111111111111115
0 0.2984375 0.45416666666666666 0.01875 0.03425925925925926
0 0.15234375 0.3143518518518519 0.011979166666666666 0.028703703703703703
0 0.29010416666666666 0.48564814814814816 0.016666666666666666 0.03425925925925926
0 0.48046875 0.6444444444444445 0.0203125 0.040740740740740744
0 0.4791666666666667 0.46990740740740744 0.009375 0.026851851851851852
0 0.9536458333333333 0.6175925925925926 0.035416666666666666 0.06481481481481481
0 0.08958333333333333 0.300462962962963 0.013541666666666667 0.03425925925925926
0 0.0390625 0.33472222222222225 0.019791666666666666 0.03425925925925926
0 0.10755208333333333 0.2791666666666667 0.013020833333333334 0.032407407407407406
0 0.05572916666666666 0.3513888888888889 0.01875 0.032407407407407406
0 0.16041666666666665 0.31203703703703706 0.0125 0.02962962962962963
0 0.7427083333333333 0.6055555555555556 0.017708333333333333 0.037037037037037035
0 0.8622395833333333 0.6199074074074075 0.04114583333333333 0.06574074074074074
0 0.19140625 0.2662037037037037 0.019270833333333334 0.032407407407407406
