0 0.40260416666666665 0.5805555555555556 0.020833333333333332 0.04259259259259259
0 0.9546875 0.4912037037037037 0.019791666666666666 0.04166666666666667
0 0.41119791666666666 0.800462962962963 0.0296875 0.06944444444444445
0 0.3885416666666667 0.43333333333333335 0.015625 0.03518518518518519
0 0.4510416666666667 0.3842592592592593 0.015625 0.031481481481481485
0 0.7880208333333333 0.8800925925925926 0.05 0.10462962962962963
0 0.11328125 0.2833333333333333 0.013020833333333334 0.02777777777777778
0 0.26276041666666666 0.2606481481481482 0.011979166666666666 0.028703703703703703
0 0.39088541666666665 0.4671296296296297 0.0171875 0.036111111111111115
0 0.4791666666666667 0.6796296296296297 0.022916666666666665 0.05185185185185186
0 0.9411458333333333 0.6189814814814815 0.03333333333333333 0.06759259259259259
0 0.30755208333333334 0.2675925925925926 0.0109375 0.024074074074074074
0 0.63984375 0.4115740740740741 0.018229166666666668 0.03796296296296296
0 0.2830729166666667 0.4828703703703704 0.0171875 0.036111111111111115
0 0.7375 0.6245370370370371 0.020833333333333332 0.04722222222222222
0 0.1546875 0.3175925925925926 0.014583333333333334 0.031481481481481485
0 0.20364583333333333 0.24953703703703706 0.0125 0.025
0 0.16848958333333333 0.26157407407407407 0.011979166666666666 0.025
0 0.47109375 0.45925925925925926 0.0140625 0.03518518518518519
0 0.29401041666666666 0.4476851851851852 0.018229166666666668 0.03425925925925926
0 0.3328125 0.24814814814814815 0.011458333333333333 0.022222222222222223
0 0.0953125 0.3060185185185185 0.0125 0.026851851851851852
0 0.4875 0.4726851851851852 0.010416666666666666 0.026851851851851852
0 0.1625 0.312962962962963 0.014583333333333334 0.031481481481481485
0 0.4692708333333333 0.6402777777777778 0.01875 0.03981481481481482
0 0.37916666666666665 0.8180555555555555 0.027083333333333334 0.06018518518518519
0 0.0546875 0.3509259259259259 0.016666666666666666 0.04259259259259259
0 0.0421875 0.32962962962962966 0.017708333333333333 0.02777777777777778
0 0.1921875 0.2689814814814815 0.015625 0.032407407407407406
0 0.7588541666666666 0.6111111111111112 0.020833333333333332 0.05
0 0.84921875 0.6189814814814815 0.0359375 0.05648148148148149
