0 0.41041666666666665 0.5888888888888889 0.019791666666666666 0.040740740740740744
0 0.2552083333333333 0.25462962962962965 0.013541666666666667 0.031481481481481485
0 0.31354166666666666 0.27314814814814814 0.010416666666666666 0.024074074074074074
0 0.37083333333333335 0.4324074074074074 0.015625 0.03518518518518519
0 0.37213541666666666 0.8148148148148149 0.024479166666666666 0.05925925925925926
0 0.95390625 0.4898148148148148 0.019270833333333334 0.040740740740740744
0 0.9614583333333333 0.6166666666666667 0.03958333333333333 0.06851851851851852
0 0.14635416666666667 0.3092592592592593 0.013541666666666667 0.02962962962962963
0 0.77265625 0.8791666666666667 0.050520833333333334 0.10092592592592593
0 0.30390625 0.45833333333333337 0.018229166666666668 0.03333333333333333
0 0.171875 0.2625 0.0125 0.030555555555555558
0 0.21015625 0.250462962962963 0.013020833333333334 0.025
0 0.29635416666666664 0.49074074074074076 0.015625 0.03518518518518519
0 0.40338541666666666 0.800462962962963 0.0265625 0.06574074074074074
0 0.45416666666666666 0.45601851851851855 0.0125 0.032407407407407406
0 0.33541666666666664 0.25092592592592594 0.0125 0.024074074074074074
0 0.10390624999999999 0.27592592592592596 0.015104166666666667 0.031481481481481485
0 0.65234375 0.4199074074074074 0.018229166666666668 0.036111111111111115
0 0.37578125 0.46111111111111114 0.0140625 0.02962962962962963
0 0.46901041666666665 0.46805555555555556 0.011979166666666666 0.032407407407407406
0 0.71953125 0.6157407407407408 0.022395833333333334 0.044444444444444446
0 0.08567708333333333 0.2986111111111111 0.015104166666666667 0.030555555555555558
0 0.15859375 0.30972222222222223 0.013020833333333334 0.028703703703703703
0 0.05677083333333333 0.35324074074074074 0.019791666666666666 0.036111111111111115
0 0.7330729166666666 0.6060185185185185 0.022395833333333334 0.04722222222222222
0 0.03958333333333333 0.33611111111111114 0.022916666666666665 0.03888888888888889
0 0.19557291666666665 0.2712962962962963 0.015104166666666667 0.02777777777777778
0 0.4359375 0.3819444444444445 0.0125 0.032407407407407406
0 0.8658854166666666 0.6194444444444445 0.0359375 0.07037037037037037
0 0.48828125 0.6787037037037037 0.024479166666666666 0.04814814814814815
0 0.4864583333333333 0.6435185185185185 0.020833333333333332 0.037037037037037035
