0 0.25338541666666664 0.25277777777777777 0.013020833333333334 0.031481481481481485
0 0.40182291666666664 0.7990740740740742 0.0265625 0.06666666666666667
0 0.4119791666666667 0.5912037037037037 0.020833333333333332 0.04166666666666667
0 0.37265625 0.813425925925926 0.021354166666666667 0.05462962962962963
0 0.3684895833333333 0.4324074074074074 0.015104166666666667 0.03333333333333333
0 0.7708333333333334 0.8842592592592593 0.053125 0.10370370370370371
0 0.965625 0.6162037037037037 0.03854166666666667 0.0712962962962963
0 0.3143229166666667 0.27361111111111114 0.0109375 0.025
0 0.9541666666666666 0.4902777777777778 0.020833333333333332 0.04166666666666667
0 0.37473958333333335 0.46064814814814814 0.0171875 0.03425925925925926
0 0.3052083333333333 0.46064814814814814 0.01875 0.030555555555555558
0 0.14635416666666667 0.30833333333333335 0.013541666666666667 0.02962962962962963
0 0.103125 0.2740740740740741 0.013541666666666667 0.02962962962962963
0 0.3359375 0.25324074074074077 0.0125 0.025
0 0.20989583333333334 0.2523148148148148 0.013541666666666667 0.026851851851851852
0 0.17239583333333333 0.2625 0.013541666666666667 0.032407407407407406
0 0.6546875 0.4189814814814815 0.017708333333333333 0.03796296296296296
0 0.46822916666666664 0.4675925925925926 0.011458333333333333 0.02777777777777778
0 0.4536458333333333 0.45462962962962966 0.013541666666666667 0.03333333333333333
0 0.05703125 0.3523148148148148 0.0203125 0.036111111111111115
0 0.2984375 0.49259259259259264 0.015625 0.031481481481481485
0 0.4328125 0.37777777777777777 0.014583333333333334 0.02962962962962963
0 0.08619791666666667 0.3 0.013020833333333334 0.02777777777777778
0 0.8703124999999999 0.6148148148148148 0.03229166666666666 0.06296296296296297
0 0.7166666666666667 0.6152777777777778 0.022916666666666665 0.04537037037037037
0 0.7369791666666666 0.5962962962962963 0.021875 0.04814814814814815
0 0.4888020833333333 0.6472222222222223 0.0265625 0.040740740740740744
0 0.48828125 0.6787037037037037 0.024479166666666666 0.04814814814814815
0 0.1953125 0.27592592592592596 0.016666666666666666 0.02962962962962963
0 0.037760416666666664 0.33796296296296297 0.0140625 0.022222222222222223
0 0.15885416666666666 0.3111111111111111 0.011458333333333333 0.037037037037037035
