0 0.3966145833333333 0.5652777777777778 0.0203125 0.03981481481481482
0 0.16041666666666665 0.2518518518518519 0.013541666666666667 0.031481481481481485
0 0.12213541666666666 0.28564814814814815 0.013020833333333334 0.028703703703703703
0 0.47265625 0.6837962962962963 0.022395833333333334 0.05277777777777778
0 0.9544270833333334 0.4930555555555556 0.019270833333333334 0.03981481481481482
0 0.48541666666666666 0.46805555555555556 0.0125 0.03425925925925926
0 0.5072916666666667 0.48564814814814816 0.011458333333333333 0.028703703703703703
0 0.30390625 0.2652777777777778 0.009895833333333333 0.025
0 0.625 0.4134259259259259 0.01875 0.03796296296296296
0 0.44453125 0.6157407407407408 0.0203125 0.037037037037037035
0 0.4041666666666667 0.47500000000000003 0.014583333333333334 0.037037037037037035
0 0.2721354166666667 0.2712962962962963 0.011979166666666666 0.02777777777777778
0 0.28880208333333335 0.4398148148148148 0.018229166666666668 0.03518518518518519
0 0.2734375 0.47500000000000003 0.017708333333333333 0.03518518518518519
0 0.8098958333333334 0.8833333333333334 0.05416666666666667 0.10185185185185186
0 0.3859375 0.8273148148148148 0.026041666666666668 0.05648148148148149
0 0.4200520833333333 0.8013888888888889 0.028645833333333332 0.0638888888888889
0 0.9221354166666667 0.6185185185185186 0.0328125 0.07777777777777778
0 0.103125 0.3092592592592593 0.0125 0.02592592592592593
0 0.40260416666666665 0.4462962962962963 0.014583333333333334 0.037037037037037035
0 0.9874999999999999 0.6046296296296296 0.028125 0.07037037037037037
0 0.46510416666666665 0.3907407407407408 0.014583333333333334 0.031481481481481485
0 0.05546875 0.3425925925925926 0.018229166666666668 0.03518518518518519
0 0.8291666666666666 0.6287037037037038 0.025 0.04814814814814815
0 0.054427083333333334 0.2 0.0140625 0.022222222222222223
0 0.03984375 0.32083333333333336 0.015104166666666667 0.02314814814814815
0 0.18567708333333333 0.25925925925925924 0.013020833333333334 0.022222222222222223
0 0.325 0.24953703703703706 0.010416666666666666 0.026851851851851852
0 0.7606770833333333 0.650462962962963 0.018229166666666668 0.04722222222222222
0 0.7799479166666666 0.6245370370370371 0.0203125 0.04537037037037037
0 0.16223958333333333 0.3277777777777778 0.018229166666666668 0.037037037037037035
0 0.17213541666666665 0.3199074074074074 0.0140625 0.036111111111111115
