0 0.4231770833333333 0.8023148148148148 0.030729166666666665 0.06759259259259259
0 0.41041666666666665 0.48240740740740745 0.01875 0.03888888888888889
0 0.4692708333333333 0.6851851851851852 0.021875 0.04814814814814815
0 0.39166666666666666 0.5597222222222222 0.020833333333333332 0.04351851851851852
0 0.5151041666666667 0.487962962962963 0.014583333333333334 0.03333333333333333
0 0.91484375 0.625925925925926 0.030729166666666665 0.07222222222222223
0 0.27578125 0.27731481481481485 0.013020833333333334 0.026851851851851852
0 0.6205729166666667 0.4138888888888889 0.018229166666666668 0.037037037037037035
0 0.95390625 0.49444444444444446 0.018229166666666668 0.040740740740740744
0 0.28854166666666664 0.4337962962962963 0.017708333333333333 0.03425925925925926
0 0.49114583333333334 0.47314814814814815 0.013541666666666667 0.03518518518518519
0 0.46979166666666666 0.3907407407407408 0.015625 0.03333333333333333
0 0.43828125 0.6092592592592593 0.019270833333333334 0.037037037037037035
0 0.3020833333333333 0.2638888888888889 0.010416666666666666 0.024074074074074074
0 0.12552083333333333 0.287962962962963 0.013541666666666667 0.02962962962962963
0 0.81484375 0.8833333333333334 0.06197916666666667 0.11111111111111112
0 0.15598958333333332 0.2523148148148148 0.0140625 0.028703703703703703
0 0.27109375 0.47175925925925927 0.018229166666666668 0.03796296296296296
0 0.32135416666666666 0.24583333333333335 0.010416666666666666 0.02314814814814815
0 0.984375 0.6125 0.034375 0.07685185185185185
0 0.10885416666666667 0.3087962962962963 0.014583333333333334 0.028703703703703703
0 0.38828125 0.8337962962962964 0.0296875 0.058333333333333334
0 0.040364583333333336 0.3194444444444445 0.0171875 0.031481481481481485
0 0.053906249999999996 0.3439814814814815 0.018229166666666668 0.030555555555555558
0 0.8223958333333333 0.6273148148148149 0.030208333333333334 0.05462962962962963
0 0.17942708333333332 0.25462962962962965 0.013020833333333334 0.02777777777777778
0 0.05130208333333333 0.19722222222222224 0.013020833333333334 0.02962962962962963
0 0.16770833333333332 0.3287037037037037 0.015625 0.02962962962962963
0 0.17942708333333332 0.325 0.0140625 0.02777777777777778
0 0.4109375 0.4518518518518519 0.016666666666666666 0.031481481481481485
0 0.76953125 0.650462962962963 0.0203125 0.04537037037037037
0 0.7877604166666666 0.6314814814814815 0.0203125 0.05
