0 0.3770833333333333 0.5550925925925926 0.020833333333333332 0.03796296296296296
0 0.42343749999999997 0.5 0.017708333333333333 0.03888888888888889
0 0.9515625 0.49953703703703706 0.019791666666666666 0.03796296296296296
0 0.4609375 0.6842592592592592 0.021875 0.05
0 0.43203125 0.7981481481481482 0.030729166666666665 0.07222222222222223
0 0.1390625 0.250462962962963 0.014583333333333334 0.032407407407407406
0 0.89609375 0.6328703703703704 0.03177083333333333 0.06944444444444445
0 0.4278645833333333 0.5898148148148148 0.019270833333333334 0.03518518518518519
0 0.534375 0.5018518518518519 0.015625 0.03518518518518519
0 0.9661458333333334 0.6189814814814815 0.042708333333333334 0.075
0 0.11276041666666667 0.325 0.0140625 0.02777777777777778
0 0.6041666666666666 0.4175925925925926 0.017708333333333333 0.037037037037037035
0 0.28489583333333335 0.2898148148148148 0.0125 0.02962962962962963
0 0.8393229166666667 0.8842592592592593 0.0546875 0.10925925925925926
0 0.13229166666666667 0.29814814814814816 0.013541666666666667 0.02962962962962963
0 0.26276041666666666 0.45925925925925926 0.0203125 0.03518518518518519
0 0.28515625 0.4236111111111111 0.01614583333333333 0.032407407407407406
0 0.3966145833333333 0.8365740740740741 0.025520833333333333 0.04722222222222222
0 0.48125 0.39583333333333337 0.014583333333333334 0.03425925925925926
0 0.5057291666666667 0.48333333333333334 0.011458333333333333 0.03518518518518519
0 0.42526041666666664 0.46851851851851856 0.0171875 0.03888888888888889
0 0.80546875 0.6240740740740741 0.0296875 0.05
0 0.16953125 0.25416666666666665 0.0140625 0.026851851851851852
0 0.0375 0.1925925925925926 0.015625 0.02962962962962963
0 0.050520833333333334 0.3453703703703704 0.016666666666666666 0.031481481481481485
0 0.034895833333333334 0.32222222222222224 0.016666666666666666 0.02962962962962963
0 0.18177083333333333 0.3388888888888889 0.017708333333333333 0.031481481481481485
0 0.19270833333333334 0.3314814814814815 0.017708333333333333 0.03888888888888889
0 0.29583333333333334 0.2611111111111111 0.010416666666666666 0.022222222222222223
