0 0.8713541666666667 0.6398148148148148 0.03125 0.06296296296296297
0 0.44869791666666664 0.8097222222222222 0.03177083333333333 0.07685185185185185
0 0.35494791666666664 0.5462962962962963 0.021354166666666667 0.040740740740740744
0 0.9367187499999999 0.625462962962963 0.04010416666666666 0.06944444444444445
0 0.9489583333333333 0.49953703703703706 0.01875 0.03796296296296296
0 0.5567708333333333 0.5189814814814815 0.014583333333333334 0.032407407407407406
0 0.45338541666666665 0.6800925925925926 0.022395833333333334 0.04537037037037037
0 0.5856770833333333 0.4203703703703704 0.0171875 0.03888888888888889
0 0.5302083333333333 0.4990740740740741 0.015625 0.03888888888888889
0 0.2713541666666667 0.42083333333333334 0.017708333333333333 0.03425925925925926
0 0.41119791666666666 0.5712962962962963 0.01614583333333333 0.031481481481481485
0 0.48932291666666666 0.4078703703703704 0.0140625 0.03425925925925926
0 0.12630208333333334 0.25277777777777777 0.015104166666666667 0.02592592592592593
0 0.25234375 0.4467592592592593 0.018229166666666668 0.032407407407407406
0 0.8690104166666667 0.8921296296296297 0.059895833333333336 0.1175925925925926
0 0.2986979166666667 0.3060185185185185 0.013020833333333334 0.032407407407407406
0 0.1390625 0.3027777777777778 0.016666666666666666 0.03888888888888889
0 0.04244791666666667 0.1912037037037037 0.015104166666666667 0.032407407407407406
0 0.0203125 0.19351851851851853 0.017708333333333333 0.03333333333333333
0 0.403125 0.8425925925925927 0.027083333333333334 0.053703703703703705
0 0.7854166666666667 0.6398148148148148 0.03125 0.06296296296296297
0 0.11953124999999999 0.3287037037037037 0.015104166666666667 0.031481481481481485
0 0.8166666666666667 0.6856481481481482 0.02395833333333333 0.04351851851851852
0 0.2890625 0.25925925925925924 0.010416666666666666 0.024074074074074074
0 0.03567708333333333 0.34490740740740744 0.015104166666666667 0.03425925925925926
0 0.01796875 0.3199074074074074 0.015104166666666667 0.04351851851851852
0 0.19739583333333333 0.3439814814814815 0.016666666666666666 0.032407407407407406
0 0.20677083333333332 0.33796296296296297 0.0125 0.031481481481481485
0 0.8380208333333333 0.6712962962962963 0.02395833333333333 0.05185185185185186
0 0.15755208333333334 0.25 0.018229166666666668 0.02777777777777778
0 0.4458333333333333 0.4800925925925926 0.016666666666666666 0.032407407407407406
0 0.4432291666666667 0.5115740740740741 0.02395833333333333 0.032407407407407406
