0 0.4739583333333333 0.812962962962963 0.036458333333333336 0.07407407407407407
0 0.3338541666666667 0.5365740740740741 0.020833333333333332 0.04722222222222222
0 0.3890625 0.5421296296296296 0.017708333333333333 0.036111111111111115
0 0.44036458333333334 0.662962962962963 0.0203125 0.04259259259259259
0 0.590625 0.5393518518518519 0.015625 0.032407407407407406
0 0.15807291666666667 0.3162037037037037 0.0140625 0.026851851851851852
0 0.946875 0.5018518518518519 0.01875 0.03518518518518519
0 0.5651041666666666 0.513425925925926 0.01875 0.03981481481481482
0 0.90390625 0.6337962962962963 0.03697916666666667 0.0712962962962963
0 0.5703125 0.4203703703703704 0.016666666666666666 0.037037037037037035
0 0.3208333333333333 0.32083333333333336 0.014583333333333334 0.032407407407407406
0 0.13776041666666666 0.34490740740740744 0.011979166666666666 0.02314814814814815
0 0.84140625 0.6481481481481481 0.027604166666666666 0.06296296296296297
0 0.50234375 0.41574074074074074 0.013020833333333334 0.02962962962962963
0 0.2546875 0.41203703703703703 0.016666666666666666 0.03333333333333333
0 0.9190104166666666 0.8907407407407407 0.0671875 0.1277777777777778
0 0.23906249999999998 0.44212962962962965 0.016666666666666666 0.04351851851851852
0 0.7630208333333334 0.65 0.029166666666666667 0.05740740740740741
0 0.11848958333333333 0.24583333333333335 0.013020833333333334 0.017592592592592594
0 0.2734375 0.2550925925925926 0.010416666666666666 0.026851851851851852
0 0.29791666666666666 0.24444444444444446 0.010416666666666666 0.020370370370370372
0 0.024479166666666666 0.1865740740740741 0.010416666666666666 0.02314814814814815
0 0.00625 0.18564814814814815 0.010416666666666666 0.025
0 0.14114583333333333 0.24351851851851852 0.011458333333333333 0.022222222222222223
0 0.025260416666666667 0.3388888888888889 0.015104166666666667 0.02777777777777778
0 0.008854166666666666 0.3074074074074074 0.010416666666666666 0.02777777777777778
0 0.22057291666666667 0.3527777777777778 0.0140625 0.040740740740740744
0 0.228125 0.34305555555555556 0.011458333333333333 0.032407407407407406
0 0.4184895833333333 0.8490740740740741 0.03177083333333333 0.07037037037037037
0 0.47682291666666665 0.500925925925926 0.013020833333333334 0.02962962962962963
0 0.47265625 0.5324074074074074 0.015104166666666667 0.04259259259259259
0 0.03671875 0.3277777777777778 0.0140625 0.02777777777777778
