0 0.48020833333333335 0.8111111111111111 0.035416666666666666 0.08148148148148149
0 0.89609375 0.6337962962962963 0.034895833333333334 0.06944444444444445
0 0.3296875 0.525462962962963 0.021875 0.04537037037037037
0 0.43124999999999997 0.6564814814814816 0.019791666666666666 0.044444444444444446
0 0.3854166666666667 0.5361111111111111 0.01875 0.03888888888888889
0 0.5739583333333333 0.524537037037037 0.016666666666666666 0.03796296296296296
0 0.32734375 0.3263888888888889 0.013020833333333334 0.03425925925925926
0 0.8317708333333333 0.6458333333333334 0.028125 0.06574074074074074
0 0.5661458333333333 0.42129629629629634 0.017708333333333333 0.03333333333333333
0 0.4817708333333333 0.5291666666666667 0.019791666666666666 0.05277777777777778
0 0.9473958333333333 0.5013888888888889 0.01875 0.03796296296296296
0 0.25078125 0.40740740740740744 0.018229166666666668 0.03333333333333333
0 0.50625 0.41435185185185186 0.014583333333333334 0.030555555555555558
0 0.6015625 0.5430555555555556 0.014583333333333334 0.030555555555555558
0 0.14322916666666666 0.3439814814814815 0.013541666666666667 0.026851851851851852
0 0.16302083333333334 0.3175925925925926 0.013541666666666667 0.02777777777777778
0 0.23776041666666667 0.43194444444444446 0.01614583333333333 0.03425925925925926
0 0.9328124999999999 0.8930555555555556 0.06770833333333333 0.13055555555555556
0 0.48515625 0.5064814814814815 0.0171875 0.037037037037037035
0 0.2708333333333333 0.25416666666666665 0.010416666666666666 0.026851851851851852
0 0.7557291666666667 0.6481481481481481 0.028125 0.05185185185185186
0 0.02395833333333333 0.18703703703703706 0.011458333333333333 0.02962962962962963
0 0.003125 0.18333333333333335 0.004166666666666667 0.031481481481481485
0 0.13567708333333334 0.24537037037037038 0.015104166666666667 0.022222222222222223
0 0.034895833333333334 0.3212962962962963 0.016666666666666666 0.02962962962962963
0 0.021875 0.3300925925925926 0.0125 0.032407407407407406
0 0.00703125 0.29953703703703705 0.008854166666666666 0.025
0 0.228125 0.3541666666666667 0.015625 0.03425925925925926
0 0.23671875 0.3490740740740741 0.013020833333333334 0.03888888888888889
0 0.2916666666666667 0.23703703703703705 0.010416666666666666 0.02777777777777778
0 0.42109375 0.8416666666666667 0.03697916666666667 0.07777777777777778
