0 0.48203124999999997 0.8106481481481482 0.0359375 0.08055555555555556
0 0.32916666666666666 0.5231481481481481 0.019791666666666666 0.044444444444444446
0 0.3848958333333333 0.5324074074074074 0.01875 0.037037037037037035
0 0.5763020833333333 0.5277777777777778 0.0171875 0.040740740740740744
0 0.8927083333333333 0.6361111111111112 0.03854166666666667 0.07037037037037037
0 0.328125 0.3282407407407408 0.014583333333333334 0.032407407407407406
0 0.42890625 0.6527777777777778 0.019270833333333334 0.04259259259259259
0 0.9473958333333333 0.5013888888888889 0.01875 0.03796296296296296
0 0.4828125 0.538425925925926 0.01875 0.04166666666666667
0 0.14348958333333334 0.34444444444444444 0.0140625 0.02962962962962963
0 0.8291666666666666 0.6453703703703704 0.029166666666666667 0.06481481481481481
0 0.5658854166666667 0.4222222222222222 0.0171875 0.03333333333333333
0 0.16588541666666667 0.3180555555555556 0.013020833333333334 0.028703703703703703
0 0.2375 0.4328703703703704 0.01875 0.03425925925925926
0 0.6044270833333333 0.5467592592592593 0.0140625 0.028703703703703703
0 0.2505208333333333 0.4087962962962963 0.017708333333333333 0.032407407407407406
0 0.50625 0.41481481481481486 0.011458333333333333 0.02777777777777778
0 0.4869791666666667 0.512962962962963 0.01875 0.040740740740740744
0 0.9369791666666667 0.8953703703703704 0.06875 0.13518518518518519
0 0.7533854166666667 0.6490740740740741 0.028645833333333332 0.053703703703703705
0 0.42135416666666664 0.8425925925925927 0.029166666666666667 0.06296296296296297
0 0.2700520833333333 0.25462962962962965 0.009895833333333333 0.02777777777777778
0 0.021875 0.18472222222222223 0.013541666666666667 0.028703703703703703
0 0.2911458333333333 0.23101851851851854 0.0125 0.025
0 0.22916666666666666 0.3527777777777778 0.011458333333333333 0.02777777777777778
0 0.23828125 0.34861111111111115 0.0140625 0.032407407407407406
0 0.00390625 0.18703703703703706 0.008854166666666666 0.037037037037037035
0 0.024479166666666666 0.33564814814814814 0.0125 0.026851851851851852
0 0.034895833333333334 0.3175925925925926 0.015625 0.02962962962962963
0 0.13151041666666666 0.2425925925925926 0.013020833333333334 0.020370370370370372
