0 0.4786458333333333 0.8106481481481482 0.0375 0.08240740740740742
0 0.38671875 0.5375 0.018229166666666668 0.036111111111111115
0 0.325 0.32546296296296295 0.014583333333333334 0.03425925925925926
0 0.43385416666666665 0.6569444444444444 0.020833333333333332 0.04351851851851852
0 0.33177083333333335 0.5259259259259259 0.020833333333333332 0.044444444444444446
0 0.94765625 0.500925925925926 0.018229166666666668 0.037037037037037035
0 0.47812499999999997 0.5324074074074074 0.01875 0.037037037037037035
0 0.5671875 0.42129629629629634 0.016666666666666666 0.03518518518518519
0 0.8333333333333334 0.6481481481481481 0.03125 0.05925925925925926
0 0.571875 0.5217592592592593 0.016666666666666666 0.03981481481481482
0 0.5052083333333334 0.41574074074074074 0.0125 0.031481481481481485
0 0.1625 0.31851851851851853 0.013541666666666667 0.02777777777777778
0 0.14114583333333333 0.3439814814814815 0.013541666666666667 0.026851851851851852
0 0.89921875 0.6333333333333333 0.0390625 0.07037037037037037
0 0.5973958333333333 0.5416666666666667 0.013541666666666667 0.02777777777777778
0 0.2513020833333333 0.40972222222222227 0.0171875 0.03425925925925926
0 0.23906249999999998 0.437962962962963 0.01875 0.040740740740740744
0 0.9296875 0.8916666666666667 0.0625 0.12592592592592594
0 0.4192708333333333 0.8467592592592593 0.030208333333333334 0.062037037037037036
0 0.2713541666666667 0.2550925925925926 0.009375 0.02314814814814815
0 0.75625 0.65 0.028125 0.05555555555555556
0 0.48125 0.5037037037037038 0.014583333333333334 0.031481481481481485
0 0.022916666666666665 0.1865740740740741 0.0125 0.026851851851851852
0 0.29140625 0.2351851851851852 0.013020833333333334 0.02962962962962963
0 0.22604166666666667 0.35185185185185186 0.011458333333333333 0.031481481481481485
0 0.23489583333333333 0.34861111111111115 0.011458333333333333 0.032407407407407406
0 0.13671875 0.24583333333333335 0.015104166666666667 0.02314814814814815
0 0.02395833333333333 0.3402777777777778 0.0125 0.026851851851851852
0 0.03463541666666667 0.3212962962962963 0.013020833333333334 0.020370370370370372
0 0.007291666666666667 0.3060185185185185 0.011458333333333333 0.025
0 0.002864583333333333 0.18287037037037038 0.0078125 0.03425925925925926
