0 0.4458333333333333 0.6287037037037038 0.020833333333333332 0.05
0 0.29635416666666664 0.7555555555555555 0.028125 0.05
0 0.675 0.1851851851851852 0.014583333333333334 0.03333333333333333
0 0.375 0.32685185185185184 0.01875 0.040740740740740744
0 0.7559895833333333 0.5777777777777778 0.021354166666666667 0.05
0 0.61171875 0.23055555555555557 0.0171875 0.037037037037037035
0 0.39348958333333334 0.3263888888888889 0.0203125 0.04166666666666667
0 0.8130208333333333 0.6245370370370371 0.022916666666666665 0.05092592592592593
0 0.6765625 0.2939814814814815 0.017708333333333333 0.03981481481481482
0 0.34479166666666666 0.4763888888888889 0.020833333333333332 0.03981481481481482
0 0.4497395833333333 0.10416666666666667 0.015104166666666667 0.03425925925925926
0 0.6018229166666667 0.21157407407407408 0.018229166666666668 0.03796296296296296
0 0.34921875 0.4449074074074074 0.018229166666666668 0.04166666666666667
0 0.89140625 0.2777777777777778 0.0203125 0.040740740740740744
0 0.46875 0.14351851851851852 0.014583333333333334 0.03518518518518519
0 0.81328125 0.1736111111111111 0.021354166666666667 0.04722222222222222
0 0.8317708333333333 0.18425925925925926 0.01875 0.03518518518518519
0 0.8098958333333334 0.26666666666666666 0.019791666666666666 0.03518518518518519
0 0.36953125 0.6847222222222222 0.030729166666666665 0.04722222222222222
