0 0.7598958333333333 0.5824074074074075 0.02395833333333333 0.053703703703703705
0 0.4223958333333333 0.6300925925925926 0.01875 0.04166666666666667
0 0.6815104166666667 0.17037037037037037 0.015104166666666667 0.03333333333333333
0 0.28125 0.7527777777777778 0.029166666666666667 0.04814814814814815
0 0.9138020833333333 0.3023148148148148 0.024479166666666666 0.03981481481481482
0 0.6307291666666667 0.21805555555555556 0.017708333333333333 0.03796296296296296
0 0.36041666666666666 0.3101851851851852 0.019791666666666666 0.03888888888888889
0 0.671875 0.29953703703703705 0.017708333333333333 0.04351851851851852
0 0.37864583333333335 0.46620370370370373 0.019791666666666666 0.04166666666666667
0 0.3796875 0.3074074074074074 0.020833333333333332 0.040740740740740744
0 0.371875 0.4962962962962963 0.021875 0.04259259259259259
0 0.43359375 0.10231481481481482 0.0140625 0.03796296296296296
0 0.8184895833333333 0.6185185185185186 0.024479166666666666 0.04814814814814815
0 0.6106770833333334 0.19675925925925927 0.0171875 0.03425925925925926
0 0.35234375 0.675462962962963 0.0265625 0.04722222222222222
0 0.82109375 0.2972222222222222 0.019270833333333334 0.037037037037037035
0 0.45677083333333335 0.14444444444444446 0.019791666666666666 0.03333333333333333
0 0.8026041666666667 0.1962962962962963 0.019791666666666666 0.031481481481481485
0 0.7890625 0.1814814814814815 0.019791666666666666 0.037037037037037035
0 0.61796875 0.9750000000000001 0.028645833333333332 0.03518518518518519
