0 0.6328125 0.17175925925925928 0.015625 0.03425925925925926
0 0.32005208333333335 0.625925925925926 0.0265625 0.05
0 0.21119791666666665 0.7300925925925926 0.030729166666666665 0.04537037037037037
0 0.3611979166666667 0.6134259259259259 0.021354166666666667 0.03981481481481482
0 0.6703125 0.18564814814814815 0.016666666666666666 0.03425925925925926
0 0.6953125 0.14675925925925926 0.014583333333333334 0.032407407407407406
0 0.6239583333333333 0.7870370370370371 0.025 0.05555555555555556
0 0.39010416666666664 0.11666666666666667 0.014583333333333334 0.037037037037037035
0 0.4575520833333333 0.5314814814814816 0.022395833333333334 0.04259259259259259
0 0.3059895833333333 0.29120370370370374 0.019270833333333334 0.036111111111111115
0 0.7510416666666666 0.5745370370370371 0.022916666666666665 0.04722222222222222
0 0.44505208333333335 0.5796296296296296 0.0234375 0.04259259259259259
0 0.96953125 0.4046296296296297 0.025520833333333333 0.05740740740740741
0 0.41432291666666665 0.16018518518518518 0.0140625 0.037037037037037035
0 0.8192708333333333 0.6273148148148149 0.025 0.05277777777777778
0 0.7223958333333333 0.22268518518518518 0.01875 0.036111111111111115
0 0.8664062499999999 0.38981481481481484 0.021354166666666667 0.040740740740740744
0 0.6604166666666667 0.3037037037037037 0.017708333333333333 0.03888888888888889
0 0.32057291666666665 0.287962962962963 0.0203125 0.03518518518518519
0 0.7072916666666667 0.21203703703703705 0.019791666666666666 0.040740740740740744
0 0.8861979166666667 0.8592592592592593 0.025520833333333333 0.05740740740740741
0 0.69453125 0.9652777777777778 0.024479166666666666 0.05092592592592593
