0 0.66484375 0.19398148148148148 0.0140625 0.03796296296296296
0 0.3026041666666667 0.7625000000000001 0.025 0.049074074074074076
0 0.75625 0.575462962962963 0.021875 0.04722222222222222
0 0.38567708333333334 0.3365740740740741 0.019270833333333334 0.03981481481481482
0 0.4046875 0.33564814814814814 0.019791666666666666 0.04166666666666667
0 0.45677083333333335 0.638888888888889 0.015625 0.037037037037037035
0 0.6822916666666666 0.2791666666666667 0.01875 0.05277777777777778
0 0.3294270833333333 0.42824074074074076 0.019270833333333334 0.04166666666666667
0 0.46119791666666665 0.09907407407407408 0.015104166666666667 0.03333333333333333
0 0.32265625 0.45925925925925926 0.021354166666666667 0.040740740740740744
0 0.3875 0.6851851851851852 0.02395833333333333 0.0462962962962963
0 0.4786458333333333 0.14027777777777778 0.014583333333333334 0.03425925925925926
0 0.8026041666666667 0.6296296296296297 0.02395833333333333 0.04259259259259259
0 0.7984375 0.25277777777777777 0.01875 0.040740740740740744
0 0.8768229166666667 0.2518518518518519 0.019270833333333334 0.037037037037037035
0 0.834375 0.1675925925925926 0.016666666666666666 0.03888888888888889
0 0.8557291666666667 0.18194444444444446 0.020833333333333332 0.04166666666666667
0 0.5953125 0.2087962962962963 0.016666666666666666 0.021296296296296296
0 0.5994791666666667 0.23425925925925928 0.017708333333333333 0.037037037037037035
