0 0.18203125 0.7217592592592593 0.028645833333333332 0.05092592592592593
0 0.6330729166666667 0.15787037037037038 0.015104166666666667 0.03425925925925926
0 0.3296875 0.6148148148148148 0.020833333333333332 0.04259259259259259
0 0.3703125 0.11527777777777778 0.014583333333333334 0.036111111111111115
0 0.7505208333333333 0.5750000000000001 0.022916666666666665 0.0462962962962963
0 0.49713541666666666 0.5620370370370371 0.021354166666666667 0.044444444444444446
0 0.4783854166666667 0.6240740740740741 0.0234375 0.044444444444444446
0 0.6171875 0.7041666666666667 0.022916666666666665 0.05277777777777778
0 0.7028645833333333 0.14351851851851852 0.0140625 0.03518518518518519
0 0.2916666666666667 0.6199074074074075 0.025 0.04722222222222222
0 0.3963541666666667 0.16574074074074074 0.015625 0.037037037037037035
0 0.2799479166666667 0.2814814814814815 0.019270833333333334 0.03888888888888889
0 0.2942708333333333 0.27824074074074073 0.019791666666666666 0.03981481481481482
0 0.6596354166666667 0.2986111111111111 0.022395833333333334 0.05648148148148149
0 0.8924479166666667 0.44074074074074077 0.022395833333333334 0.044444444444444446
0 0.6859375 0.17824074074074076 0.010416666666666666 0.032407407407407406
0 0.6971354166666667 0.8800925925925926 0.025520833333333333 0.06759259259259259
0 0.9114583333333334 0.7898148148148149 0.022916666666666665 0.053703703703703705
0 0.8182291666666667 0.625925925925926 0.02395833333333333 0.04814814814814815
0 0.09609375 0.010648148148148148 0.013020833333333334 0.017592592592592594
0 0.6765625 0.21064814814814817 0.017708333333333333 0.021296296296296296
0 0.6848958333333334 0.23611111111111113 0.01875 0.02962962962962963
