0 0.25364583333333335 0.7532407407407408 0.029166666666666667 0.04722222222222222
0 0.621875 0.1875 0.015625 0.032407407407407406
0 0.6481770833333333 0.2050925925925926 0.0171875 0.036111111111111115
0 0.3950520833333333 0.6319444444444444 0.0234375 0.04351851851851852
0 0.41640625 0.11064814814814815 0.015104166666666667 0.036111111111111115
0 0.6802083333333333 0.15555555555555556 0.014583333333333334 0.03333333333333333
0 0.33984375 0.30648148148148147 0.019270833333333334 0.03888888888888889
0 0.9390625 0.3351851851851852 0.025 0.040740740740740744
0 0.66640625 0.2990740740740741 0.018229166666666668 0.040740740740740744
0 0.8395833333333333 0.3365740740740741 0.019791666666666666 0.04166666666666667
0 0.41432291666666665 0.48240740740740745 0.018229166666666668 0.04259259259259259
0 0.7596354166666667 0.5740740740740741 0.021354166666666667 0.044444444444444446
0 0.4041666666666667 0.5222222222222223 0.021875 0.03888888888888889
0 0.44088541666666664 0.15555555555555556 0.015104166666666667 0.03888888888888889
0 0.8216145833333334 0.6236111111111111 0.024479166666666666 0.05648148148148149
0 0.3580729166666667 0.2976851851851852 0.018229166666666668 0.036111111111111115
0 0.7598958333333333 0.19351851851851853 0.015625 0.04259259259259259
0 0.34140625 0.6592592592592593 0.0265625 0.0462962962962963
0 0.6096354166666667 0.9050925925925927 0.030729166666666665 0.06018518518518519
0 0.7770833333333333 0.20833333333333334 0.017708333333333333 0.037037037037037035
0 0.8578125 0.9685185185185186 0.034375 0.06851851851851852
