0 0.6614583333333334 0.19907407407407407 0.013541666666666667 0.037037037037037035
0 0.6869791666666667 0.2814814814814815 0.019791666666666666 0.0462962962962963
0 0.3059895833333333 0.7689814814814815 0.0265625 0.05092592592592593
0 0.46015625 0.649537037037037 0.018229166666666668 0.03981481481481482
0 0.7596354166666667 0.575462962962963 0.0234375 0.049074074074074076
0 0.4125 0.34444444444444444 0.020833333333333332 0.044444444444444446
0 0.3145833333333333 0.4199074074074074 0.019791666666666666 0.04166666666666667
0 0.39375 0.34814814814814815 0.019791666666666666 0.04259259259259259
0 0.30390625 0.45416666666666666 0.021354166666666667 0.03981481481481482
0 0.5908854166666666 0.22453703703703703 0.0171875 0.04166666666666667
0 0.4036458333333333 0.6828703703703703 0.025 0.04722222222222222
0 0.8041666666666667 0.6291666666666667 0.021875 0.04351851851851852
0 0.46901041666666665 0.09675925925925927 0.018229166666666668 0.03425925925925926
0 0.58515625 0.24305555555555555 0.01614583333333333 0.03796296296296296
0 0.7877604166666666 0.23564814814814816 0.0171875 0.03796296296296296
0 0.49166666666666664 0.13703703703703704 0.01875 0.03518518518518519
0 0.8479166666666667 0.15833333333333333 0.017708333333333333 0.03333333333333333
0 0.8645833333333334 0.1685185185185185 0.01875 0.031481481481481485
0 0.8619791666666666 0.23703703703703705 0.019791666666666666 0.03888888888888889
