0 0.6330729166666667 0.15925925925925927 0.01614583333333333 0.03518518518518519
0 0.6166666666666667 0.712962962962963 0.02395833333333333 0.05555555555555556
0 0.18515625 0.7222222222222222 0.027604166666666666 0.04814814814814815
0 0.7497395833333333 0.5745370370370371 0.0234375 0.049074074074074076
0 0.70234375 0.1439814814814815 0.0140625 0.036111111111111115
0 0.371875 0.11574074074074074 0.015625 0.037037037037037035
0 0.49557291666666664 0.5601851851851852 0.021354166666666667 0.04259259259259259
0 0.4752604166666667 0.6208333333333333 0.022395833333333334 0.04351851851851852
0 0.2942708333333333 0.6199074074074075 0.027083333333333334 0.05092592592592593
0 0.33229166666666665 0.6162037037037037 0.021875 0.04351851851851852
0 0.2799479166666667 0.2828703703703704 0.0203125 0.03981481481481482
0 0.6861979166666666 0.1787037037037037 0.013020833333333334 0.031481481481481485
0 0.39791666666666664 0.16574074074074074 0.015625 0.03888888888888889
0 0.8908854166666667 0.44074074074074077 0.021354166666666667 0.04814814814814815
0 0.8182291666666667 0.6282407407407408 0.02395833333333333 0.05092592592592593
0 0.2950520833333333 0.27592592592592596 0.018229166666666668 0.037037037037037035
0 0.9075520833333334 0.7981481481481482 0.0265625 0.061111111111111116
0 0.6979166666666666 0.887962962962963 0.026041666666666668 0.07037037037037037
0 0.990625 0.45231481481481484 0.01875 0.06018518518518519
0 0.09427083333333333 0.011574074074074075 0.016666666666666666 0.019444444444444445
0 0.6791666666666667 0.20601851851851852 0.014583333333333334 0.025
0 0.6885416666666666 0.23194444444444445 0.019791666666666666 0.032407407407407406
0 0.66171875 0.30324074074074076 0.018229166666666668 0.03796296296296296
