0 0.43697916666666664 0.6296296296296297 0.022916666666666665 0.05
0 0.6791666666666667 0.17824074074074076 0.014583333333333334 0.03425925925925926
0 0.2908854166666667 0.7541666666666667 0.0296875 0.049074074074074076
0 0.6216145833333333 0.22453703703703703 0.0171875 0.036111111111111115
0 0.37005208333333334 0.3199074074074074 0.019270833333333334 0.03981481481481482
0 0.7583333333333333 0.5787037037037037 0.022916666666666665 0.05185185185185186
0 0.6747395833333333 0.2986111111111111 0.0171875 0.04166666666666667
0 0.8158854166666667 0.6231481481481481 0.0234375 0.053703703703703705
0 0.38776041666666666 0.31666666666666665 0.018229166666666668 0.037037037037037035
0 0.9020833333333333 0.29074074074074074 0.021875 0.040740740740740744
0 0.44296874999999997 0.10185185185185186 0.015104166666666667 0.037037037037037035
0 0.803125 0.17824074074074076 0.01875 0.04351851851851852
0 0.46328125 0.14675925925925926 0.0140625 0.036111111111111115
0 0.60546875 0.20231481481481484 0.015104166666666667 0.030555555555555558
0 0.3580729166666667 0.6842592592592592 0.022395833333333334 0.044444444444444446
0 0.36302083333333335 0.45416666666666666 0.021875 0.04166666666666667
0 0.35703125 0.4851851851851852 0.025520833333333333 0.037037037037037035
0 0.8177083333333334 0.19074074074074074 0.017708333333333333 0.037037037037037035
0 0.8161458333333333 0.28425925925925927 0.01875 0.031481481481481485
