0 0.3109375 0.7703703703703704 0.025 0.04814814814814815
0 0.6591145833333333 0.20324074074074075 0.013020833333333334 0.036111111111111115
0 0.69296875 0.2828703703703704 0.0203125 0.04722222222222222
0 0.7622395833333333 0.5819444444444445 0.0234375 0.05462962962962963
0 0.42109375 0.3541666666666667 0.021354166666666667 0.049074074074074076
0 0.4627604166666667 0.6541666666666667 0.01614583333333333 0.03796296296296296
0 0.5880208333333333 0.22592592592592595 0.015625 0.03888888888888889
0 0.47161458333333334 0.09398148148148149 0.015104166666666667 0.032407407407407406
0 0.39921875 0.35324074074074074 0.019270833333333334 0.04351851851851852
0 0.4114583333333333 0.6828703703703703 0.026041666666666668 0.04722222222222222
0 0.2916666666666667 0.4476851851851852 0.021875 0.03981481481481482
0 0.5776041666666667 0.24953703703703706 0.014583333333333334 0.036111111111111115
0 0.3013020833333333 0.4185185185185185 0.021354166666666667 0.04259259259259259
0 0.8091145833333333 0.6273148148148149 0.022395833333333334 0.04722222222222222
0 0.7822916666666666 0.225 0.017708333333333333 0.044444444444444446
0 0.49947916666666664 0.12962962962962962 0.020833333333333332 0.03518518518518519
0 0.8583333333333333 0.1527777777777778 0.01875 0.03888888888888889
0 0.8765625 0.17500000000000002 0.019791666666666666 0.03518518518518519
0 0.8546874999999999 0.23333333333333334 0.01875 0.03518518518518519
