0 0.38619791666666664 0.6236111111111111 0.024479166666666666 0.04537037037037037
0 0.6268229166666667 0.18425925925925926 0.01614583333333333 0.03333333333333333
0 0.6549479166666666 0.20092592592592592 0.0171875 0.037037037037037035
0 0.24244791666666665 0.7486111111111111 0.0296875 0.04722222222222222
0 0.68203125 0.15185185185185185 0.0140625 0.03333333333333333
0 0.40989583333333335 0.1125 0.014583333333333334 0.036111111111111115
0 0.3299479166666667 0.3027777777777778 0.0203125 0.040740740740740744
0 0.60859375 0.8726851851851852 0.028645833333333332 0.062037037037037036
0 0.7565104166666666 0.5736111111111112 0.0234375 0.04537037037037037
0 0.42604166666666665 0.4902777777777778 0.020833333333333332 0.04537037037037037
0 0.3346354166666667 0.6476851851851853 0.025520833333333333 0.04351851851851852
0 0.6635416666666667 0.2976851851851852 0.017708333333333333 0.03796296296296296
0 0.9510416666666667 0.3472222222222222 0.025 0.04259259259259259
0 0.4153645833333333 0.5314814814814816 0.021354166666666667 0.040740740740740744
0 0.4356770833333333 0.1564814814814815 0.0140625 0.037037037037037035
0 0.8484375 0.3453703703703704 0.020833333333333332 0.040740740740740744
0 0.8200520833333333 0.6222222222222222 0.022395833333333334 0.05
0 0.7450520833333333 0.19583333333333333 0.01614583333333333 0.036111111111111115
0 0.8716145833333333 0.9518518518518518 0.028645833333333332 0.06666666666666667
0 0.34713541666666664 0.29953703703703705 0.0203125 0.04351851851851852
0 0.7640625 0.21574074074074076 0.017708333333333333 0.03333333333333333
