0 0.63671875 0.1425925925925926 0.0140625 0.03333333333333333
0 0.628125 0.6370370370370371 0.02395833333333333 0.05740740740740741
0 0.14739583333333334 0.7203703703703704 0.030208333333333334 0.05
0 0.3091145833333333 0.5935185185185186 0.021354166666666667 0.04814814814814815
0 0.26484375 0.27037037037037037 0.021354166666666667 0.037037037037037035
0 0.6971354166666667 0.13425925925925927 0.0140625 0.02962962962962963
0 0.5247395833333334 0.6138888888888889 0.021354166666666667 0.0462962962962963
0 0.35078125 0.12453703703703704 0.015104166666666667 0.036111111111111115
0 0.5143229166666666 0.6652777777777779 0.022395833333333334 0.04722222222222222
0 0.8130208333333333 0.6092592592592593 0.025 0.03888888888888889
0 0.7026041666666667 0.16620370370370371 0.016666666666666666 0.03425925925925926
0 0.9036458333333334 0.7185185185185186 0.026041666666666668 0.05925925925925926
0 0.6598958333333333 0.30324074074074076 0.019791666666666666 0.04166666666666667
0 0.7565104166666666 0.5750000000000001 0.0234375 0.044444444444444446
0 0.6895833333333333 0.7865740740740741 0.02395833333333333 0.062037037037037036
0 0.24791666666666667 0.27824074074074073 0.020833333333333332 0.036111111111111115
0 0.915625 0.48935185185185187 0.022916666666666665 0.04351851851851852
0 0.3796875 0.16944444444444445 0.014583333333333334 0.03333333333333333
0 0.26015625 0.6018518518518519 0.025520833333333333 0.04259259259259259
0 0.11015625 0.018518518518518517 0.0109375 0.02592592592592593
0 0.6401041666666667 0.23657407407407408 0.019791666666666666 0.04166666666666667
