0 0.6286458333333333 0.1824074074074074 0.015625 0.03333333333333333
0 0.6838541666666667 0.15 0.013541666666666667 0.03333333333333333
0 0.23802083333333332 0.7462962962962963 0.03125 0.0462962962962963
0 0.9552083333333333 0.35370370370370374 0.027083333333333334 0.04259259259259259
0 0.38255208333333335 0.6231481481481481 0.025520833333333333 0.05185185185185186
0 0.65703125 0.19907407407407407 0.01614583333333333 0.03518518518518519
0 0.75546875 0.575462962962963 0.0234375 0.049074074074074076
0 0.4067708333333333 0.11296296296296297 0.015625 0.03888888888888889
0 0.609375 0.8606481481481482 0.027083333333333334 0.058333333333333334
0 0.32786458333333335 0.29953703703703705 0.018229166666666668 0.03796296296296296
0 0.3328125 0.6467592592592593 0.027083333333333334 0.04722222222222222
0 0.6625 0.29814814814814816 0.016666666666666666 0.040740740740740744
0 0.8197916666666667 0.6240740740740741 0.02395833333333333 0.053703703703703705
0 0.4302083333333333 0.4935185185185185 0.019791666666666666 0.037037037037037035
0 0.43307291666666664 0.15694444444444444 0.0140625 0.036111111111111115
0 0.34270833333333334 0.2935185185185185 0.019791666666666666 0.037037037037037035
0 0.8734375 0.9425925925925926 0.028125 0.06851851851851852
0 0.73984375 0.19907407407407407 0.0171875 0.040740740740740744
0 0.7583333333333333 0.21805555555555556 0.01875 0.03796296296296296
0 0.8510416666666667 0.35000000000000003 0.019791666666666666 0.03888888888888889
0 0.4200520833333333 0.5370370370370371 0.0234375 0.040740740740740744
