0 0.6341145833333334 0.15231481481481482 0.015104166666666667 0.03425925925925926
0 0.27838541666666666 0.6148148148148148 0.025520833333333333 0.0462962962962963
0 0.16744791666666667 0.7240740740740741 0.0265625 0.05
0 0.3638020833333333 0.1175925925925926 0.015104166666666667 0.037037037037037035
0 0.7520833333333333 0.5782407407407407 0.02395833333333333 0.049074074074074076
0 0.6169270833333333 0.6796296296296297 0.021354166666666667 0.05555555555555556
0 0.50703125 0.575925925925926 0.0203125 0.0462962962962963
0 0.4927083333333333 0.6356481481481482 0.021875 0.04537037037037037
0 0.31927083333333334 0.6097222222222223 0.019791666666666666 0.04537037037037037
0 0.2838541666666667 0.275 0.020833333333333332 0.03888888888888889
0 0.26848958333333334 0.2814814814814815 0.0203125 0.03518518518518519
0 0.70234375 0.1388888888888889 0.013020833333333334 0.02962962962962963
0 0.6927083333333334 0.851388888888889 0.025 0.0712962962962963
0 0.9104166666666667 0.7689814814814815 0.026041666666666668 0.05462962962962963
0 0.90234375 0.4587962962962963 0.0234375 0.05277777777777778
0 0.38958333333333334 0.17037037037037037 0.014583333333333334 0.03888888888888889
0 0.8169270833333333 0.6217592592592592 0.024479166666666666 0.049074074074074076
0 0.6924479166666666 0.17175925925925928 0.0140625 0.032407407407407406
0 0.10104166666666667 0.013425925925925926 0.014583333333333334 0.02314814814814815
0 0.6619791666666667 0.2111111111111111 0.016666666666666666 0.02962962962962963
0 0.6677083333333333 0.24212962962962964 0.021875 0.049074074074074076
0 0.6609375 0.30324074074074076 0.019791666666666666 0.04166666666666667
