0 0.63203125 0.17592592592592593 0.01614583333333333 0.03333333333333333
0 0.6893229166666667 0.1486111111111111 0.0140625 0.032407407407407406
0 0.37135416666666665 0.6166666666666667 0.022916666666666665 0.044444444444444446
0 0.6638020833333333 0.19351851851851853 0.01614583333333333 0.03518518518518519
0 0.22369791666666666 0.7402777777777778 0.030729166666666665 0.049074074074074076
0 0.3989583333333333 0.11435185185185186 0.015625 0.03796296296296296
0 0.7546875 0.575925925925926 0.02395833333333333 0.05
0 0.6182291666666666 0.825925925925926 0.027083333333333334 0.05925925925925926
0 0.66171875 0.300462962962963 0.018229166666666668 0.03796296296296296
0 0.3268229166666667 0.6347222222222223 0.025520833333333333 0.049074074074074076
0 0.4239583333333333 0.15925925925925927 0.013541666666666667 0.037037037037037035
0 0.44244791666666666 0.5157407407407407 0.0203125 0.03888888888888889
0 0.8596354166666667 0.37592592592592594 0.0203125 0.04814814814814815
0 0.33203125 0.2902777777777778 0.019270833333333334 0.03981481481481482
0 0.96328125 0.38287037037037036 0.022395833333333334 0.04722222222222222
0 0.8192708333333333 0.625 0.02395833333333333 0.05185185185185186
0 0.31614583333333335 0.2949074074074074 0.019791666666666666 0.03796296296296296
0 0.7408854166666666 0.21944444444444444 0.018229166666666668 0.03888888888888889
0 0.4317708333333333 0.5611111111111111 0.022916666666666665 0.04259259259259259
0 0.8783854166666667 0.899537037037037 0.027604166666666666 0.06574074074074074
0 0.7244791666666667 0.20185185185185187 0.015625 0.040740740740740744
