0 0.29583333333333334 0.7564814814814815 0.028125 0.05185185185185186
0 0.44479166666666664 0.625462962962963 0.019791666666666666 0.04351851851851852
0 0.6755208333333333 0.18425925925925926 0.014583333333333334 0.03518518518518519
0 0.6143229166666666 0.23055555555555557 0.01614583333333333 0.03518518518518519
0 0.39375 0.3236111111111111 0.019791666666666666 0.03796296296296296
0 0.7572916666666667 0.5777777777777778 0.022916666666666665 0.05
0 0.3734375 0.32546296296296295 0.01875 0.03981481481481482
0 0.34791666666666665 0.47500000000000003 0.021875 0.040740740740740744
0 0.6026041666666666 0.21064814814814817 0.017708333333333333 0.03796296296296296
0 0.35182291666666665 0.4476851851851852 0.021354166666666667 0.04537037037037037
0 0.8135416666666666 0.6212962962962963 0.02395833333333333 0.044444444444444446
0 0.8934895833333333 0.2791666666666667 0.0203125 0.03981481481481482
0 0.4484375 0.10555555555555556 0.014583333333333334 0.037037037037037035
0 0.46796875 0.1425925925925926 0.015104166666666667 0.037037037037037035
0 0.3640625 0.6870370370370371 0.025 0.04814814814814815
0 0.8109375 0.16574074074074074 0.01875 0.037037037037037035
0 0.828125 0.1824074074074074 0.01875 0.03518518518518519
0 0.8119791666666667 0.26666666666666666 0.020833333333333332 0.03518518518518519
0 0.6755208333333333 0.29444444444444445 0.019791666666666666 0.03518518518518519
