0 0.4296875 0.6305555555555555 0.022916666666666665 0.044444444444444446
0 0.6263020833333334 0.22037037037037038 0.018229166666666668 0.037037037037037035
0 0.2859375 0.7527777777777778 0.028125 0.04814814814814815
0 0.3848958333333333 0.3111111111111111 0.019791666666666666 0.03888888888888889
0 0.3651041666666667 0.3148148148148148 0.019791666666666666 0.040740740740740744
0 0.6809895833333334 0.17407407407407408 0.015104166666666667 0.03518518518518519
0 0.90703125 0.29444444444444445 0.024479166666666666 0.04259259259259259
0 0.759375 0.5791666666666667 0.022916666666666665 0.05092592592592593
0 0.8177083333333334 0.6199074074074075 0.02395833333333333 0.05092592592592593
0 0.6083333333333333 0.19953703703703704 0.017708333333333333 0.03425925925925926
0 0.6736979166666667 0.2990740740740741 0.0171875 0.04259259259259259
0 0.43776041666666665 0.10277777777777779 0.0140625 0.037037037037037035
0 0.3541666666666667 0.675462962962963 0.02395833333333333 0.04351851851851852
0 0.8174479166666666 0.2953703703703704 0.0203125 0.04259259259259259
0 0.7979166666666666 0.1800925925925926 0.01875 0.04351851851851852
0 0.45859374999999997 0.14814814814814814 0.01614583333333333 0.037037037037037035
0 0.8145833333333333 0.19305555555555556 0.021875 0.04166666666666667
0 0.3723958333333333 0.45462962962962966 0.020833333333333332 0.03333333333333333
0 0.3658854166666667 0.49212962962962964 0.0234375 0.04166666666666667
