0 0.6815104166666667 0.16805555555555557 0.015104166666666667 0.03425925925925926
0 0.6354166666666666 0.21435185185185185 0.017708333333333333 0.036111111111111115
0 0.27421875 0.7541666666666667 0.0296875 0.049074074074074076
0 0.6713541666666667 0.30185185185185187 0.01875 0.04259259259259259
0 0.7604166666666666 0.5796296296296296 0.022916666666666665 0.0462962962962963
0 0.9192708333333334 0.30972222222222223 0.025 0.04351851851851852
0 0.35625 0.30833333333333335 0.019791666666666666 0.03888888888888889
0 0.6127604166666667 0.19351851851851853 0.0171875 0.03333333333333333
0 0.3880208333333333 0.4712962962962963 0.019791666666666666 0.040740740740740744
0 0.3755208333333333 0.30324074074074076 0.01875 0.03796296296296296
0 0.8260416666666667 0.30324074074074076 0.019791666666666666 0.03796296296296296
0 0.3796875 0.5064814814814815 0.021875 0.04259259259259259
0 0.42994791666666665 0.10046296296296296 0.0140625 0.04166666666666667
0 0.8205729166666667 0.6208333333333333 0.024479166666666666 0.05092592592592593
0 0.6192708333333333 0.976388888888889 0.034375 0.05462962962962963
0 0.34921875 0.6731481481481482 0.025520833333333333 0.0462962962962963
0 0.41640625 0.6291666666666667 0.0265625 0.04537037037037037
0 0.453125 0.14722222222222223 0.020833333333333332 0.03888888888888889
0 0.7802083333333333 0.18055555555555555 0.019791666666666666 0.03888888888888889
0 0.7971354166666667 0.19861111111111113 0.024479166666666666 0.04351851851851852
