0 0.33151041666666664 0.8041666666666667 0.0296875 0.05277777777777778
0 0.646875 0.23657407407407408 0.013541666666666667 0.03796296296296296
0 0.5005208333333333 0.6819444444444445 0.021875 0.04722222222222222
0 0.43255208333333334 0.3893518518518519 0.0171875 0.04351851851851852
0 0.7234375 0.2953703703703704 0.019791666666666666 0.04814814814814815
0 0.7770833333333333 0.587962962962963 0.021875 0.0462962962962963
0 0.23802083333333332 0.3773148148148148 0.019791666666666666 0.03796296296296296
0 0.5645833333333333 0.23981481481481481 0.017708333333333333 0.037037037037037035
0 0.4588541666666667 0.39212962962962966 0.019791666666666666 0.04351851851851852
0 0.8203125 0.6208333333333333 0.022916666666666665 0.04166666666666667
0 0.5307291666666667 0.2712962962962963 0.014583333333333334 0.03518518518518519
0 0.45 0.7231481481481482 0.026041666666666668 0.05
0 0.8247395833333333 0.1837962962962963 0.01614583333333333 0.04166666666666667
0 0.22864583333333333 0.4027777777777778 0.020833333333333332 0.03888888888888889
0 0.7497395833333333 0.17500000000000002 0.0171875 0.037037037037037035
0 0.9268229166666666 0.15462962962962964 0.018229166666666668 0.03333333333333333
0 0.49609375 0.07685185185185185 0.011979166666666666 0.02777777777777778
0 0.5197916666666667 0.11666666666666667 0.017708333333333333 0.02962962962962963
0 0.9140625 0.13611111111111113 0.019791666666666666 0.037037037037037035
