0 0.45260416666666664 0.41064814814814815 0.017708333333333333 0.04351851851851852
0 0.63125 0.2518518518518519 0.014583333333333334 0.03888888888888889
0 0.35703125 0.8115740740740741 0.028645833333333332 0.05462962962962963
0 0.7432291666666666 0.3041666666666667 0.019791666666666666 0.04722222222222222
0 0.52578125 0.6962962962962963 0.0203125 0.044444444444444446
0 0.48125 0.41064814814814815 0.017708333333333333 0.04351851851851852
0 0.56484375 0.250462962962963 0.0171875 0.03981481481481482
0 0.7682291666666666 0.5847222222222223 0.020833333333333332 0.049074074074074076
0 0.19036458333333334 0.3912037037037037 0.0203125 0.03981481481481482
0 0.20911458333333333 0.35555555555555557 0.018229166666666668 0.03518518518518519
0 0.47291666666666665 0.737962962962963 0.025 0.05
0 0.8184895833333333 0.6203703703703703 0.022395833333333334 0.044444444444444446
0 0.5005208333333333 0.2837962962962963 0.017708333333333333 0.03796296296296296
0 0.9572916666666667 0.1486111111111111 0.017708333333333333 0.036111111111111115
0 0.93984375 0.13564814814814816 0.019270833333333334 0.03981481481481482
0 0.5375 0.10138888888888889 0.015625 0.02314814814814815
0 0.5052083333333334 0.0787037037037037 0.016666666666666666 0.031481481481481485
0 0.7348958333333333 0.13796296296296298 0.017708333333333333 0.02777777777777778
0 0.80625 0.15092592592592594 0.01875 0.031481481481481485
