0 0.5171875 0.6898148148148149 0.02395833333333333 0.05
0 0.34453125 0.8092592592592593 0.0296875 0.053703703703703705
0 0.6377604166666666 0.24537037037037038 0.0140625 0.03888888888888889
0 0.5635416666666666 0.24675925925925926 0.017708333333333333 0.03796296296296296
0 0.44244791666666666 0.39814814814814814 0.01614583333333333 0.04259259259259259
0 0.73203125 0.2990740740740741 0.018229166666666668 0.04814814814814815
0 0.22369791666666666 0.3648148148148148 0.019270833333333334 0.037037037037037035
0 0.4713541666666667 0.3990740740740741 0.01875 0.044444444444444446
0 0.7729166666666667 0.5856481481481481 0.022916666666666665 0.04722222222222222
0 0.20859375 0.39814814814814814 0.021354166666666667 0.037037037037037035
0 0.46171875 0.7296296296296296 0.0265625 0.04814814814814815
0 0.8190104166666666 0.6189814814814815 0.022395833333333334 0.04166666666666667
0 0.9440104166666666 0.1486111111111111 0.0171875 0.03425925925925926
0 0.5140625 0.2740740740740741 0.017708333333333333 0.03888888888888889
0 0.49895833333333334 0.08240740740740742 0.017708333333333333 0.03888888888888889
0 0.5265625 0.10972222222222222 0.015625 0.02314814814814815
0 0.7385416666666667 0.15555555555555556 0.015625 0.02777777777777778
0 0.8088541666666667 0.1685185185185185 0.014583333333333334 0.03518518518518519
0 0.9286458333333333 0.1398148148148148 0.016666666666666666 0.031481481481481485
