0 0.3651041666666667 0.8115740740740741 0.029166666666666667 0.05462962962962963
0 0.5341145833333333 0.7083333333333334 0.024479166666666666 0.05185185185185186
0 0.46041666666666664 0.42083333333333334 0.016666666666666666 0.04351851851851852
0 0.7515625 0.30694444444444446 0.019791666666666666 0.04722222222222222
0 0.5661458333333333 0.25416666666666665 0.016666666666666666 0.03796296296296296
0 0.628125 0.25925925925925924 0.014583333333333334 0.03888888888888889
0 0.49114583333333334 0.4226851851851852 0.015625 0.04166666666666667
0 0.19895833333333332 0.3462962962962963 0.019791666666666666 0.03518518518518519
0 0.7640625 0.5819444444444445 0.021875 0.049074074074074076
0 0.17942708333333332 0.3814814814814815 0.0203125 0.037037037037037035
0 0.5088541666666666 0.07314814814814816 0.013541666666666667 0.03518518518518519
0 0.8182291666666667 0.6226851851851852 0.022916666666666665 0.04722222222222222
0 0.49296875 0.28564814814814815 0.01614583333333333 0.03981481481481482
0 0.9669270833333333 0.14166666666666666 0.0171875 0.031481481481481485
0 0.7986979166666667 0.14537037037037037 0.0171875 0.03888888888888889
0 0.728125 0.13194444444444445 0.01875 0.03796296296296296
0 0.9502604166666666 0.1287037037037037 0.0171875 0.031481481481481485
0 0.48333333333333334 0.7430555555555556 0.026041666666666668 0.05277777777777778
0 0.5408854166666667 0.10185185185185186 0.013020833333333334 0.02777777777777778
