0 0.62265625 0.2888888888888889 0.01614583333333333 0.040740740740740744
0 0.7799479166666666 0.32453703703703707 0.019270833333333334 0.04722222222222222
0 0.38776041666666666 0.8328703703703704 0.0296875 0.05462962962962963
0 0.48984374999999997 0.4527777777777778 0.019270833333333334 0.0462962962962963
0 0.75234375 0.575925925925926 0.0234375 0.05185185185185186
0 0.5604166666666667 0.7416666666666667 0.022916666666666665 0.05185185185185186
0 0.17161458333333332 0.31574074074074077 0.019270833333333334 0.040740740740740744
0 0.5200520833333333 0.4569444444444445 0.0203125 0.049074074074074076
0 0.4627604166666667 0.30694444444444446 0.0171875 0.03796296296296296
0 0.14739583333333334 0.350462962962963 0.019791666666666666 0.036111111111111115
0 0.5192708333333333 0.7569444444444444 0.026041666666666668 0.05092592592592593
0 0.71796875 0.1087962962962963 0.0171875 0.03425925925925926
0 0.55390625 0.0962962962962963 0.013020833333333334 0.03518518518518519
0 0.5609375 0.26481481481481484 0.016666666666666666 0.03333333333333333
0 0.7841145833333333 0.10787037037037038 0.013020833333333334 0.03425925925925926
0 0.5166666666666666 0.06296296296296297 0.017708333333333333 0.031481481481481485
0 0.9856770833333334 0.125 0.024479166666666666 0.03333333333333333
0 0.8481770833333333 0.6393518518518518 0.027604166666666666 0.04722222222222222
