0 0.6252604166666667 0.075 0.013020833333333334 0.02962962962962963
0 0.26536458333333335 0.1449074074074074 0.01614583333333333 0.036111111111111115
0 0.14661458333333333 0.22037037037037038 0.0171875 0.037037037037037035
0 0.6776041666666667 0.07962962962962963 0.0125 0.03333333333333333
0 0.2546875 0.5388888888888889 0.019791666666666666 0.044444444444444446
0 0.6609375 0.42453703703703705 0.021875 0.05092592592592593
0 0.6486979166666667 0.9097222222222222 0.028645833333333332 0.05462962962962963
0 0.18072916666666666 0.20972222222222223 0.01875 0.03981481481481482
0 0.6893229166666667 0.825925925925926 0.0234375 0.04259259259259259
0 0.6580729166666667 0.30324074074074076 0.019270833333333334 0.03796296296296296
0 0.5473958333333333 0.22592592592592595 0.014583333333333334 0.040740740740740744
0 0.71015625 0.11388888888888889 0.015104166666666667 0.03333333333333333
0 0.684375 0.5013888888888889 0.021875 0.05277777777777778
0 0.8307291666666666 0.4416666666666667 0.021875 0.040740740740740744
0 0.17265625 0.08240740740740742 0.013020833333333334 0.02592592592592593
0 0.5109375 0.27731481481481485 0.017708333333333333 0.04351851851851852
0 0.5450520833333333 0.962962962962963 0.028645833333333332 0.06851851851851852
0 0.7856770833333333 0.6532407407407408 0.0234375 0.04351851851851852
0 0.14036458333333332 0.044444444444444446 0.013020833333333334 0.02777777777777778
0 0.7559895833333333 0.6310185185185185 0.0234375 0.05462962962962963
0 0.15963541666666667 0.524537037037037 0.025520833333333333 0.03981481481481482
0 0.03333333333333333 0.7467592592592592 0.025 0.04537037037037037
0 0.2830729166666667 0.19907407407407407 0.0171875 0.03888888888888889
0 0.11666666666666667 0.028703703703703703 0.016666666666666666 0.03333333333333333
0 0.8182291666666667 0.028703703703703703 0.016666666666666666 0.03333333333333333
