0 0.46015625 0.612037037037037 0.025520833333333333 0.05
0 0.23854166666666665 0.5287037037037037 0.019791666666666666 0.040740740740740744
0 0.10807291666666667 0.13240740740740742 0.0171875 0.03333333333333333
0 0.4125 0.6111111111111112 0.02395833333333333 0.053703703703703705
0 0.7138020833333333 0.20092592592592592 0.0171875 0.044444444444444446
0 0.13020833333333334 0.1300925925925926 0.017708333333333333 0.036111111111111115
0 0.6604166666666667 0.3027777777777778 0.01875 0.040740740740740744
0 0.14661458333333333 0.17037037037037037 0.0171875 0.040740740740740744
0 0.6760416666666667 0.016666666666666666 0.011458333333333333 0.02777777777777778
0 0.7231770833333333 0.5967592592592593 0.0265625 0.05648148148148149
0 0.18645833333333334 0.19675925925925927 0.011458333333333333 0.02314814814814815
0 0.7421875 0.2555555555555556 0.017708333333333333 0.044444444444444446
0 0.5026041666666666 0.19722222222222224 0.014583333333333334 0.031481481481481485
0 0.15130208333333334 0.2162037037037037 0.01614583333333333 0.03796296296296296
0 0.20520833333333333 0.11203703703703705 0.014583333333333334 0.031481481481481485
0 0.98828125 0.049074074074074076 0.015104166666666667 0.03518518518518519
0 0.23619791666666667 0.13148148148148148 0.015104166666666667 0.03518518518518519
0 0.7736979166666667 0.18472222222222223 0.0171875 0.036111111111111115
0 0.48463541666666665 0.22175925925925927 0.0203125 0.03981481481481482
0 0.8033854166666666 0.6518518518518519 0.025520833333333333 0.053703703703703705
0 0.028645833333333332 0.46064814814814814 0.022916666666666665 0.04722222222222222
