0 0.4744791666666667 0.6439814814814815 0.02395833333333333 0.049074074074074076
0 0.7161458333333334 0.23240740740740742 0.01875 0.0462962962962963
0 0.97421875 0.0587962962962963 0.01614583333333333 0.032407407407407406
0 0.24114583333333334 0.5305555555555556 0.020833333333333332 0.040740740740740744
0 0.72890625 0.5902777777777778 0.025520833333333333 0.05092592592592593
0 0.4197916666666667 0.6472222222222223 0.02395833333333333 0.05555555555555556
0 0.11432291666666666 0.1449074074074074 0.018229166666666668 0.036111111111111115
0 0.66015625 0.3055555555555556 0.018229166666666668 0.040740740740740744
0 0.6794270833333333 0.025462962962962965 0.0140625 0.028703703703703703
0 0.49895833333333334 0.19953703703703704 0.013541666666666667 0.032407407407407406
0 0.16067708333333333 0.1638888888888889 0.015104166666666667 0.037037037037037035
0 0.7471354166666666 0.2800925925925926 0.018229166666666668 0.03981481481481482
0 0.1328125 0.14583333333333334 0.017708333333333333 0.03796296296296296
0 0.7856770833333333 0.21296296296296297 0.01614583333333333 0.037037037037037035
0 0.037760416666666664 0.46111111111111114 0.024479166666666666 0.04259259259259259
0 0.48385416666666664 0.2263888888888889 0.017708333333333333 0.036111111111111115
0 0.22135416666666666 0.12175925925925926 0.013541666666666667 0.028703703703703703
0 0.17786458333333333 0.18101851851851852 0.0109375 0.025
0 0.8083333333333333 0.650462962962963 0.025 0.04166666666666667
0 0.19088541666666667 0.10324074074074074 0.01614583333333333 0.032407407407407406
0 0.59921875 0.007407407407407408 0.009895833333333333 0.014814814814814815
0 0.64140625 0.008333333333333333 0.009895833333333333 0.016666666666666666
0 0.16354166666666667 0.2189814814814815 0.017708333333333333 0.04166666666666667
