0 0.6739583333333333 0.0638888888888889 0.011458333333333333 0.022222222222222223
0 0.5424479166666667 0.2199074074074074 0.0140625 0.03796296296296296
0 0.6716145833333333 0.4101851851851852 0.021354166666666667 0.053703703703703705
0 0.2552083333333333 0.14675925925925926 0.015625 0.03425925925925926
0 0.6205729166666667 0.06944444444444445 0.015104166666666667 0.031481481481481485
0 0.17161458333333332 0.20324074074074075 0.018229166666666668 0.03796296296296296
0 0.13854166666666667 0.2125 0.016666666666666666 0.03796296296296296
0 0.7067708333333333 0.1050925925925926 0.014583333333333334 0.03425925925925926
0 0.6578125 0.3013888888888889 0.020833333333333332 0.03796296296296296
0 0.25677083333333334 0.5305555555555556 0.019791666666666666 0.0462962962962963
0 0.7 0.8652777777777778 0.02395833333333333 0.04722222222222222
0 0.53515625 0.9277777777777778 0.0265625 0.07037037037037037
0 0.5057291666666667 0.2740740740740741 0.01875 0.03888888888888889
0 0.011197916666666667 0.7555555555555555 0.024479166666666666 0.04814814814814815
0 0.6911458333333333 0.47453703703703703 0.01875 0.04537037037037037
0 0.66328125 0.9407407407407408 0.028645833333333332 0.05555555555555556
0 0.8190104166666666 0.4166666666666667 0.018229166666666668 0.037037037037037035
0 0.1765625 0.08888888888888889 0.014583333333333334 0.02962962962962963
0 0.14973958333333334 0.04583333333333334 0.013020833333333334 0.026851851851851852
0 0.5716145833333334 0.9819444444444445 0.030729166666666665 0.04722222222222222
0 0.12239583333333333 0.032407407407407406 0.0125 0.02777777777777778
0 0.271875 0.20601851851851852 0.017708333333333333 0.03981481481481482
0 0.15026041666666667 0.5092592592592593 0.024479166666666666 0.03888888888888889
0 0.7559895833333333 0.6245370370370371 0.0265625 0.049074074074074076
0 0.78671875 0.6402777777777778 0.025520833333333333 0.04351851851851852
0 0.8328125 0.02962962962962963 0.016666666666666666 0.031481481481481485
