0 0.7169270833333333 0.23981481481481481 0.0171875 0.044444444444444446
0 0.73203125 0.5898148148148148 0.024479166666666666 0.04814814814814815
0 0.24296874999999998 0.5287037037037037 0.021354166666666667 0.040740740740740744
0 0.48072916666666665 0.6578703703703704 0.022916666666666665 0.05277777777777778
0 0.659375 0.3037037037037037 0.019791666666666666 0.03888888888888889
0 0.13359375 0.14907407407407408 0.019270833333333334 0.03518518518518519
0 0.9658854166666666 0.05787037037037037 0.0171875 0.03425925925925926
0 0.4205729166666667 0.6703703703703704 0.024479166666666666 0.05925925925925926
0 0.16588541666666667 0.16527777777777777 0.0171875 0.03796296296296296
0 0.11510416666666666 0.1486111111111111 0.017708333333333333 0.036111111111111115
0 0.7497395833333333 0.29305555555555557 0.018229166666666668 0.03981481481481482
0 0.6809895833333334 0.030092592592592594 0.0140625 0.028703703703703703
0 0.7919270833333333 0.22175925925925927 0.01614583333333333 0.03425925925925926
0 0.18515625 0.1 0.0140625 0.03333333333333333
0 0.21640625 0.11481481481481481 0.0140625 0.02592592592592593
0 0.5981770833333333 0.009259259259259259 0.0109375 0.018518518518518517
0 0.48411458333333335 0.23101851851851854 0.019270833333333334 0.03981481481481482
0 0.80859375 0.650462962962963 0.0265625 0.04351851851851852
0 0.6440104166666667 0.010648148148148148 0.0109375 0.019444444444444445
0 0.04583333333333333 0.4620370370370371 0.022916666666666665 0.040740740740740744
0 0.49947916666666664 0.19953703703703704 0.013541666666666667 0.03425925925925926
0 0.17135416666666667 0.2212962962962963 0.015625 0.02962962962962963
