0 0.6776041666666667 0.07962962962962963 0.0125 0.02962962962962963
0 0.6260416666666666 0.0763888888888889 0.0125 0.030555555555555558
0 0.68515625 0.8199074074074074 0.0234375 0.04351851851851852
0 0.14921875 0.2263888888888889 0.018229166666666668 0.04166666666666667
0 0.6442708333333333 0.9 0.028125 0.053703703703703705
0 0.26875 0.1449074074074074 0.016666666666666666 0.036111111111111115
0 0.2526041666666667 0.5337962962962963 0.01875 0.04166666666666667
0 0.18177083333333333 0.21296296296296297 0.01875 0.03888888888888889
0 0.6580729166666667 0.3027777777777778 0.019270833333333334 0.03888888888888889
0 0.6588541666666666 0.4277777777777778 0.020833333333333332 0.05740740740740741
0 0.17109375 0.08148148148148149 0.013020833333333334 0.022222222222222223
0 0.8328125 0.4467592592592593 0.022916666666666665 0.03981481481481482
0 0.5138020833333333 0.27175925925925926 0.0171875 0.036111111111111115
0 0.7557291666666667 0.6324074074074074 0.02395833333333333 0.05925925925925926
0 0.6838541666666667 0.512962962962963 0.020833333333333332 0.044444444444444446
0 0.16276041666666666 0.5291666666666667 0.025520833333333333 0.04166666666666667
0 0.5486979166666667 0.2263888888888889 0.015104166666666667 0.036111111111111115
0 0.7109375 0.11620370370370371 0.013541666666666667 0.03425925925925926
0 0.54609375 0.9717592592592593 0.0296875 0.0638888888888889
0 0.04088541666666667 0.7439814814814815 0.025520833333333333 0.04537037037037037
0 0.7861979166666666 0.6574074074074074 0.0234375 0.0462962962962963
0 0.13776041666666666 0.043055555555555555 0.013020833333333334 0.026851851851851852
0 0.1140625 0.02777777777777778 0.01875 0.031481481481481485
0 0.28802083333333334 0.19305555555555556 0.017708333333333333 0.04166666666666667
0 0.8135416666666666 0.02314814814814815 0.017708333333333333 0.03518518518518519
