0 0.5213541666666667 0.7305555555555556 0.022916666666666665 0.06296296296296297
0 0.2453125 0.5310185185185186 0.022916666666666665 0.04351851851851852
0 0.44088541666666664 0.7319444444444445 0.024479166666666666 0.062037037037037036
0 0.6588541666666666 0.3060185185185185 0.01875 0.04166666666666667
0 0.6895833333333333 0.05092592592592593 0.014583333333333334 0.02962962962962963
0 0.7252604166666666 0.28935185185185186 0.019270833333333334 0.04166666666666667
0 0.16848958333333333 0.08287037037037037 0.015104166666666667 0.032407407407407406
0 0.65625 0.024537037037037038 0.010416666666666666 0.02314814814814815
0 0.14557291666666666 0.16527777777777777 0.01614583333333333 0.036111111111111115
0 0.48593749999999997 0.24120370370370373 0.01875 0.03796296296296296
0 0.7989583333333333 0.26990740740740743 0.014583333333333334 0.03425925925925926
0 0.7450520833333333 0.35000000000000003 0.018229166666666668 0.04259259259259259
0 0.12473958333333333 0.16574074074074074 0.018229166666666668 0.03888888888888889
0 0.6013020833333333 0.022222222222222223 0.013020833333333334 0.02592592592592593
0 0.5091145833333334 0.20046296296296298 0.01614583333333333 0.036111111111111115
0 0.18958333333333333 0.16712962962962963 0.014583333333333334 0.036111111111111115
0 0.9309895833333334 0.06157407407407408 0.013020833333333334 0.03425925925925926
0 0.20078125 0.09490740740740741 0.013020833333333334 0.025
0 0.07942708333333333 0.47361111111111115 0.024479166666666666 0.03981481481481482
0 0.19322916666666667 0.22222222222222224 0.019791666666666666 0.031481481481481485
0 0.73203125 0.5939814814814816 0.024479166666666666 0.04166666666666667
0 0.7888020833333333 0.6449074074074075 0.025520833333333333 0.05277777777777778
0 0.15755208333333334 0.1375 0.0109375 0.02314814814814815
