0 0.6255208333333333 0.075 0.013541666666666667 0.02962962962962963
0 0.14817708333333332 0.22268518518518518 0.018229166666666668 0.036111111111111115
0 0.18177083333333333 0.20972222222222223 0.01875 0.03796296296296296
0 0.2671875 0.14537037037037037 0.016666666666666666 0.03518518518518519
0 0.6776041666666667 0.08055555555555556 0.0125 0.031481481481481485
0 0.2546875 0.5412037037037037 0.015625 0.036111111111111115
0 0.6877604166666667 0.8236111111111112 0.0234375 0.04351851851851852
0 0.6580729166666667 0.30185185185185187 0.019270833333333334 0.037037037037037035
0 0.6591145833333333 0.425462962962963 0.0203125 0.05277777777777778
0 0.8315104166666667 0.4439814814814815 0.0203125 0.03981481481481482
0 0.17135416666666667 0.08101851851851852 0.0125 0.021296296296296296
0 0.646875 0.9050925925925927 0.028125 0.05462962962962963
0 0.5119791666666667 0.27361111111111114 0.016666666666666666 0.03796296296296296
0 0.03828125 0.7435185185185186 0.0265625 0.044444444444444446
0 0.5481770833333334 0.22546296296296298 0.015104166666666667 0.036111111111111115
0 0.7104166666666667 0.11574074074074074 0.014583333333333334 0.03333333333333333
0 0.7559895833333333 0.6310185185185185 0.022395833333333334 0.05277777777777778
0 0.5453125 0.9671296296296297 0.029166666666666667 0.062037037037037036
0 0.7859375 0.6541666666666667 0.02395833333333333 0.04722222222222222
0 0.2856770833333333 0.1962962962962963 0.01614583333333333 0.03888888888888889
0 0.16041666666666665 0.5263888888888889 0.025 0.03981481481481482
0 0.13932291666666666 0.044444444444444446 0.013020833333333334 0.02777777777777778
0 0.684375 0.5074074074074074 0.020833333333333332 0.04814814814814815
0 0.11458333333333333 0.026851851851851852 0.017708333333333333 0.02962962962962963
0 0.8156249999999999 0.028703703703703703 0.017708333333333333 0.03333333333333333
