0 0.2484375 0.14722222222222223 0.016666666666666666 0.03333333333333333
0 0.6828125 0.4 0.019791666666666666 0.05185185185185186
0 0.6950520833333333 0.45833333333333337 0.0203125 0.053703703703703705
0 0.13333333333333333 0.2101851851851852 0.017708333333333333 0.03888888888888889
0 0.6575520833333334 0.30092592592592593 0.019270833333333334 0.037037037037037035
0 0.6723958333333333 0.06296296296296297 0.011458333333333333 0.02592592592592593
0 0.70546875 0.09814814814814815 0.0140625 0.03333333333333333
0 0.70390625 0.8898148148148148 0.024479166666666666 0.0462962962962963
0 0.5388020833333333 0.21712962962962964 0.0140625 0.03796296296296296
0 0.16614583333333333 0.20092592592592592 0.019791666666666666 0.03888888888888889
0 0.5239583333333333 0.9083333333333333 0.027083333333333334 0.06481481481481481
0 0.8135416666666666 0.39675925925925926 0.01875 0.03981481481481482
0 0.2565104166666667 0.5351851851851852 0.018229166666666668 0.037037037037037035
0 0.5033854166666667 0.27222222222222225 0.018229166666666668 0.037037037037037035
0 0.75703125 0.6300925925925926 0.028645833333333332 0.06574074074074074
0 0.15442708333333333 0.05324074074074074 0.015104166666666667 0.030555555555555558
0 0.6166666666666667 0.06342592592592593 0.0125 0.028703703703703703
0 0.1796875 0.09166666666666667 0.013541666666666667 0.02777777777777778
0 0.5736979166666667 0.9685185185185186 0.033854166666666664 0.06481481481481481
0 0.2640625 0.20740740740740743 0.017708333333333333 0.040740740740740744
0 0.6684895833333333 0.9606481481481481 0.030729166666666665 0.058333333333333334
0 0.78046875 0.6402777777777778 0.0265625 0.05462962962962963
0 0.007291666666666667 0.7620370370370371 0.015625 0.04814814814814815
0 0.14453125 0.5120370370370371 0.0234375 0.044444444444444446
0 0.8432291666666667 0.026851851851851852 0.017708333333333333 0.03333333333333333
0 0.12760416666666666 0.036111111111111115 0.01875 0.03333333333333333
