0 0.44765625 0.5833333333333334 0.0234375 0.04814814814814815
0 0.3963541666666667 0.5953703703703704 0.025 0.05740740740740741
0 0.7041666666666666 0.1875 0.017708333333333333 0.04351851851851852
0 0.23541666666666666 0.5277777777777778 0.02395833333333333 0.04259259259259259
0 0.10494791666666667 0.12824074074074074 0.0171875 0.032407407407407406
0 0.12630208333333334 0.12175925925925926 0.018229166666666668 0.03425925925925926
0 0.7286458333333333 0.6074074074074074 0.025 0.053703703703703705
0 0.190625 0.2111111111111111 0.0125 0.024074074074074074
0 0.9921875 0.04259259259259259 0.015625 0.037037037037037035
0 0.5059895833333333 0.19768518518518519 0.0171875 0.030555555555555558
0 0.6604166666666667 0.30324074074074076 0.019791666666666666 0.04166666666666667
0 0.21458333333333332 0.1212962962962963 0.015625 0.031481481481481485
0 0.74140625 0.23564814814814816 0.01614583333333333 0.04166666666666667
0 0.8018229166666666 0.6393518518518518 0.025520833333333333 0.04351851851851852
0 0.4856770833333333 0.21805555555555556 0.019270833333333334 0.036111111111111115
0 0.031510416666666666 0.46064814814814814 0.024479166666666666 0.04351851851851852
0 0.24635416666666665 0.13703703703703704 0.014583333333333334 0.02962962962962963
0 0.7674479166666667 0.1763888888888889 0.015104166666666667 0.03425925925925926
0 0.13463541666666667 0.16620370370370371 0.019270833333333334 0.04166666666666667
0 0.13984375 0.22037037037037038 0.01614583333333333 0.03518518518518519
0 0.67421875 0.0125 0.013020833333333334 0.021296296296296296
