0 0.6934895833333333 0.06527777777777778 0.015104166666666667 0.028703703703703703
0 0.7161458333333334 0.3212962962962963 0.01875 0.044444444444444446
0 0.2484375 0.5333333333333333 0.019791666666666666 0.037037037037037035
0 0.53515625 0.7875 0.024479166666666666 0.062037037037037036
0 0.12864583333333332 0.17407407407407408 0.017708333333333333 0.037037037037037035
0 0.4731770833333333 0.763425925925926 0.0234375 0.062037037037037036
0 0.6565104166666667 0.0375 0.0109375 0.025
0 0.6580729166666667 0.3074074074074074 0.019270833333333334 0.040740740740740744
0 0.1484375 0.17500000000000002 0.016666666666666666 0.037037037037037035
0 0.6067708333333334 0.031481481481481485 0.014583333333333334 0.02777777777777778
0 0.15833333333333333 0.07037037037037037 0.015625 0.031481481481481485
0 0.7364583333333333 0.37962962962962965 0.01875 0.044444444444444446
0 0.20416666666666666 0.1615740740740741 0.017708333333333333 0.036111111111111115
0 0.5135416666666667 0.21157407407407408 0.015625 0.03796296296296296
0 0.8072916666666666 0.3078703703703704 0.016666666666666666 0.036111111111111115
0 0.77890625 0.6361111111111112 0.022395833333333334 0.0462962962962963
0 0.1875 0.08472222222222223 0.013541666666666667 0.026851851851851852
0 0.49713541666666666 0.24861111111111112 0.019270833333333334 0.03981481481481482
0 0.0890625 0.4912037037037037 0.02395833333333333 0.04166666666666667
0 0.73046875 0.5958333333333333 0.025520833333333333 0.05092592592592593
0 0.21302083333333333 0.2199074074074074 0.016666666666666666 0.03796296296296296
0 0.9104166666666667 0.06620370370370371 0.019791666666666666 0.04166666666666667
