0 0.4010416666666667 0.600462962962963 0.025 0.05462962962962963
0 0.10546875 0.1287037037037037 0.0171875 0.03333333333333333
0 0.7083333333333334 0.19305555555555556 0.016666666666666666 0.04722222222222222
0 0.23671875 0.5282407407407408 0.0234375 0.04351851851851852
0 0.7276041666666666 0.6027777777777777 0.025 0.053703703703703705
0 0.4513020833333333 0.5898148148148148 0.024479166666666666 0.04814814814814815
0 0.12786458333333334 0.12222222222222223 0.018229166666666668 0.03333333333333333
0 0.18932291666666667 0.20694444444444446 0.011979166666666666 0.025
0 0.66015625 0.30324074074074076 0.019270833333333334 0.03981481481481482
0 0.03046875 0.45787037037037037 0.024479166666666666 0.04351851851851852
0 0.5049479166666666 0.19907407407407407 0.01614583333333333 0.031481481481481485
0 0.9911458333333333 0.04259259259259259 0.015625 0.03518518518518519
0 0.74140625 0.24120370370370373 0.01614583333333333 0.03796296296296296
0 0.21119791666666665 0.1175925925925926 0.015104166666666667 0.031481481481481485
0 0.13854166666666667 0.16712962962962963 0.017708333333333333 0.04166666666666667
0 0.14244791666666667 0.21805555555555556 0.0171875 0.036111111111111115
0 0.4830729166666667 0.2189814814814815 0.0171875 0.03796296296296296
0 0.7682291666666666 0.17731481481481481 0.015625 0.03796296296296296
0 0.24427083333333333 0.13472222222222222 0.015625 0.03425925925925926
0 0.80234375 0.6472222222222223 0.025520833333333333 0.05185185185185186
0 0.67421875 0.011574074074074075 0.008854166666666666 0.02314814814814815
