0 0.42682291666666666 0.7064814814814815 0.025520833333333333 0.06296296296296297
0 0.7221354166666667 0.27546296296296297 0.018229166666666668 0.04351851851851852
0 0.24505208333333334 0.5310185185185186 0.0234375 0.03796296296296296
0 0.6869791666666667 0.04537037037037037 0.014583333333333334 0.02962962962962963
0 0.6541666666666667 0.022685185185185187 0.010416666666666666 0.028703703703703703
0 0.5080729166666667 0.7050925925925926 0.018229166666666668 0.05462962962962963
0 0.9427083333333334 0.0587962962962963 0.019791666666666666 0.030555555555555558
0 0.20625 0.10601851851851853 0.013541666666666667 0.026851851851851852
0 0.6588541666666666 0.30462962962962964 0.01875 0.03888888888888889
0 0.7502604166666667 0.3277777777777778 0.018229166666666668 0.044444444444444446
0 0.12057291666666667 0.15925925925925927 0.019270833333333334 0.03518518518518519
0 0.7966145833333333 0.25787037037037036 0.0140625 0.03796296296296296
0 0.14192708333333334 0.16064814814814815 0.0171875 0.036111111111111115
0 0.4822916666666667 0.23611111111111113 0.017708333333333333 0.03518518518518519
0 0.17291666666666666 0.08796296296296297 0.014583333333333334 0.031481481481481485
0 0.18151041666666667 0.16898148148148148 0.0140625 0.03425925925925926
0 0.5971354166666667 0.016666666666666666 0.009895833333333333 0.02962962962962963
0 0.50703125 0.19861111111111113 0.015104166666666667 0.03796296296296296
0 0.06927083333333334 0.4666666666666667 0.02395833333333333 0.04259259259259259
0 0.7325520833333333 0.5958333333333333 0.022395833333333334 0.04166666666666667
0 0.159375 0.1462962962962963 0.014583333333333334 0.03333333333333333
0 0.18854166666666666 0.2240740740740741 0.019791666666666666 0.031481481481481485
0 0.79765625 0.6476851851851853 0.0234375 0.04351851851851852
