0 0.19114583333333332 0.23101851851851854 0.019791666666666666 0.03981481481481482
0 0.62734375 0.09351851851851853 0.013020833333333334 0.031481481481481485
0 0.165625 0.23703703703703705 0.019791666666666666 0.037037037037037035
0 0.68125 0.09074074074074075 0.013541666666666667 0.031481481481481485
0 0.17864583333333334 0.55 0.026041666666666668 0.04814814814814815
0 0.6252604166666667 0.8430555555555556 0.027604166666666666 0.05277777777777778
0 0.28671875 0.13796296296296298 0.01614583333333333 0.037037037037037035
0 0.8421875 0.5037037037037038 0.021875 0.04259259259259259
0 0.07213541666666666 0.7157407407407408 0.027604166666666666 0.044444444444444446
0 0.65859375 0.3041666666666667 0.019270833333333334 0.04166666666666667
0 0.7536458333333333 0.6203703703703703 0.022916666666666665 0.05185185185185186
0 0.12395833333333334 0.030555555555555558 0.013541666666666667 0.02592592592592593
0 0.65546875 0.4675925925925926 0.025520833333333333 0.05925925925925926
0 0.5356770833333333 0.25787037037037036 0.018229166666666668 0.03425925925925926
0 0.5611979166666666 0.23472222222222222 0.01614583333333333 0.036111111111111115
0 0.6473958333333333 0.775462962962963 0.020833333333333332 0.03981481481481482
0 0.30885416666666665 0.19166666666666668 0.017708333333333333 0.040740740740740744
0 0.7911458333333333 0.015740740740740743 0.021875 0.031481481481481485
0 0.7161458333333334 0.13425925925925927 0.017708333333333333 0.02592592592592593
0 0.16015625 0.07268518518518519 0.0109375 0.019444444444444445
0 0.09739583333333333 0.013425925925925926 0.017708333333333333 0.02314814814814815
0 0.6799479166666667 0.5541666666666667 0.024479166666666666 0.049074074074074076
0 0.80078125 0.6763888888888889 0.0234375 0.04537037037037037
0 0.24973958333333332 0.5541666666666667 0.024479166666666666 0.04537037037037037
0 0.9895833333333334 0.6986111111111112 0.020833333333333332 0.05092592592592593
