0 0.6114583333333333 0.8018518518518519 0.027083333333333334 0.05555555555555556
0 0.6263020833333334 0.10185185185185186 0.0140625 0.031481481481481485
0 0.6861979166666666 0.10138888888888889 0.013020833333333334 0.032407407407407406
0 0.18046875 0.24583333333333335 0.0203125 0.03796296296296296
0 0.29921875 0.13101851851851853 0.01614583333333333 0.036111111111111115
0 0.20078125 0.24027777777777778 0.021354166666666667 0.03981481481481482
0 0.08854166666666667 0.6986111111111112 0.028125 0.04351851851851852
0 0.64921875 0.48935185185185187 0.0234375 0.05648148148148149
0 0.25286458333333334 0.5546296296296297 0.019270833333333334 0.040740740740740744
0 0.7481770833333333 0.6023148148148149 0.0234375 0.04722222222222222
0 0.6591145833333333 0.3050925925925926 0.019270833333333334 0.04351851851851852
0 0.6229166666666667 0.7476851851851852 0.020833333333333332 0.049074074074074076
0 0.19427083333333334 0.5564814814814815 0.026041666666666668 0.044444444444444446
0 0.8559895833333333 0.5398148148148149 0.024479166666666666 0.0462962962962963
0 0.6736979166666667 0.5944444444444444 0.021354166666666667 0.053703703703703705
0 0.11953124999999999 0.024074074074074074 0.013020833333333334 0.02777777777777778
0 0.55390625 0.2569444444444445 0.021354166666666667 0.04166666666666667
0 0.9799479166666667 0.6583333333333333 0.0296875 0.061111111111111116
0 0.7169270833333333 0.14074074074074075 0.0140625 0.02962962962962963
0 0.5716145833333334 0.23564814814814816 0.018229166666666668 0.04537037037037037
0 0.3221354166666667 0.18796296296296297 0.01614583333333333 0.03888888888888889
0 0.09036458333333333 0.010648148148148148 0.013020833333333334 0.017592592592592594
0 0.14921875 0.06435185185185185 0.011979166666666666 0.019444444444444445
0 0.7729166666666667 0.015277777777777779 0.015625 0.019444444444444445
0 0.81015625 0.6768518518518519 0.024479166666666666 0.03888888888888889
