0 0.634375 0.12175925925925926 0.013541666666666667 0.032407407407407406
0 0.69375 0.11898148148148148 0.013541666666666667 0.032407407407407406
0 0.23645833333333333 0.2537037037037037 0.020833333333333332 0.03888888888888889
0 0.21197916666666666 0.26342592592592595 0.020833333333333332 0.03796296296296296
0 0.5575520833333333 0.7305555555555556 0.0234375 0.04814814814814815
0 0.3268229166666667 0.1277777777777778 0.015104166666666667 0.037037037037037035
0 0.12526041666666665 0.6990740740740741 0.030729166666666665 0.04259259259259259
0 0.2908854166666667 0.5657407407407408 0.021354166666666667 0.03888888888888889
0 0.6596354166666667 0.3023148148148148 0.018229166666666668 0.03981481481481482
0 0.746875 0.5837962962962964 0.021875 0.04537037037037037
0 0.6315104166666666 0.5601851851851852 0.022395833333333334 0.05
0 0.94609375 0.5643518518518519 0.025520833333333333 0.049074074074074076
0 0.8908854166666667 0.6324074074074074 0.0234375 0.04814814814814815
0 0.71171875 0.1527777777777778 0.015104166666666667 0.03333333333333333
0 0.23203125 0.5717592592592593 0.024479166666666666 0.04537037037037037
0 0.35130208333333335 0.1726851851851852 0.015104166666666667 0.036111111111111115
0 0.5765625 0.6717592592592593 0.021875 0.04166666666666667
0 0.12734375 0.03981481481481482 0.011979166666666666 0.018518518518518517
0 0.8088541666666667 0.6407407407407407 0.02395833333333333 0.044444444444444446
0 0.6078125 0.2212962962962963 0.01875 0.02962962962962963
0 0.5994791666666667 0.24212962962962964 0.021875 0.04166666666666667
0 0.69453125 0.6925925925925926 0.0265625 0.05925925925925926
