0 0.15755208333333334 0.23333333333333334 0.019270833333333334 0.03888888888888889
0 0.1875 0.225 0.019791666666666666 0.03888888888888889
0 0.6276041666666666 0.08518518518518518 0.0125 0.031481481481481485
0 0.7536458333333333 0.6245370370370371 0.021875 0.05092592592592593
0 0.8388020833333333 0.48379629629629634 0.022395833333333334 0.04722222222222222
0 0.67890625 0.08703703703703704 0.011979166666666666 0.03333333333333333
0 0.6799479166666667 0.5347222222222222 0.021354166666666667 0.04722222222222222
0 0.6330729166666667 0.8638888888888889 0.027604166666666666 0.05185185185185186
0 0.24739583333333334 0.5444444444444445 0.01875 0.037037037037037035
0 0.7140625 0.125 0.013541666666666667 0.03333333333333333
0 0.6583333333333333 0.3041666666666667 0.01875 0.04166666666666667
0 0.6638020833333333 0.7976851851851852 0.021354166666666667 0.04166666666666667
0 0.27838541666666666 0.14120370370370372 0.0171875 0.03981481481481482
0 0.5252604166666667 0.26481481481481484 0.018229166666666668 0.03518518518518519
0 0.0609375 0.7226851851851852 0.025 0.03981481481481482
0 0.171875 0.5430555555555556 0.025 0.04537037037037037
0 0.6559895833333333 0.45555555555555555 0.024479166666666666 0.05
0 0.5546875 0.23240740740740742 0.016666666666666666 0.037037037037037035
0 0.12916666666666665 0.03425925925925926 0.013541666666666667 0.02777777777777778
0 0.1640625 0.07314814814814816 0.0125 0.022222222222222223
0 0.10416666666666667 0.015740740740740743 0.016666666666666666 0.02777777777777778
0 0.7989583333333333 0.016666666666666666 0.019791666666666666 0.02962962962962963
0 0.79296875 0.6708333333333334 0.025520833333333333 0.04351851851851852
0 0.3 0.18888888888888888 0.014583333333333334 0.03333333333333333
