0 0.6356770833333333 0.12268518518518519 0.0140625 0.032407407407407406
0 0.6940104166666666 0.12037037037037038 0.0140625 0.03333333333333333
0 0.5520833333333334 0.7208333333333333 0.025 0.04722222222222222
0 0.6325520833333333 0.5717592592592593 0.022395833333333334 0.049074074074074076
0 0.6598958333333333 0.3023148148148148 0.01875 0.03981481481481482
0 0.12838541666666667 0.7000000000000001 0.0296875 0.04259259259259259
0 0.2921875 0.5671296296296297 0.019791666666666666 0.04166666666666667
0 0.21510416666666665 0.26805555555555555 0.020833333333333332 0.04166666666666667
0 0.3296875 0.1277777777777778 0.015625 0.037037037037037035
0 0.7497395833333333 0.5851851851851853 0.022395833333333334 0.05
0 0.24010416666666667 0.2574074074074074 0.020833333333333332 0.040740740740740744
0 0.57265625 0.6611111111111111 0.018229166666666668 0.031481481481481485
0 0.23515624999999998 0.5740740740740741 0.025520833333333333 0.0462962962962963
0 0.7109375 0.15462962962962964 0.013541666666666667 0.02962962962962963
0 0.9421875 0.5537037037037037 0.02395833333333333 0.05
0 0.12578125 0.03888888888888889 0.009895833333333333 0.018518518518518517
0 0.35390625 0.1726851851851852 0.015104166666666667 0.03796296296296296
0 0.6921875 0.6986111111111112 0.02395833333333333 0.05462962962962963
0 0.8911458333333333 0.6425925925925926 0.025 0.05185185185185186
0 0.8096354166666666 0.6370370370370371 0.024479166666666666 0.04814814814814815
0 0.6109375 0.22222222222222224 0.01875 0.031481481481481485
0 0.6046875 0.23842592592592593 0.019791666666666666 0.04166666666666667
