0 0.63359375 0.11898148148148148 0.0140625 0.032407407407407406
0 0.2864583333333333 0.5638888888888889 0.020833333333333332 0.04259259259259259
0 0.5627604166666667 0.7375 0.024479166666666666 0.049074074074074076
0 0.6317708333333333 0.5509259259259259 0.02395833333333333 0.05555555555555556
0 0.23255208333333333 0.25277777777777777 0.0203125 0.03888888888888889
0 0.69375 0.11712962962962964 0.013541666666666667 0.032407407407407406
0 0.12135416666666667 0.6967592592592593 0.029166666666666667 0.04351851851851852
0 0.7453125 0.5819444444444445 0.022916666666666665 0.04722222222222222
0 0.32395833333333335 0.12962962962962962 0.016666666666666666 0.03888888888888889
0 0.6598958333333333 0.3013888888888889 0.01875 0.03796296296296296
0 0.20755208333333333 0.26157407407407407 0.0203125 0.04166666666666667
0 0.88828125 0.6194444444444445 0.025520833333333333 0.05
0 0.22916666666666666 0.5689814814814815 0.02395833333333333 0.04351851851851852
0 0.5825520833333333 0.674074074074074 0.0203125 0.037037037037037035
0 0.7122395833333334 0.15231481481481482 0.0140625 0.03425925925925926
0 0.9505208333333334 0.5736111111111112 0.025 0.04722222222222222
0 0.34791666666666665 0.17685185185185187 0.015625 0.03888888888888889
0 0.12942708333333333 0.043055555555555555 0.0109375 0.019444444444444445
0 0.809375 0.6467592592592593 0.022916666666666665 0.04351851851851852
0 0.6901041666666666 0.6777777777777778 0.021875 0.0462962962962963
0 0.10494791666666667 0.010648148148148148 0.0109375 0.017592592592592594
0 0.6026041666666666 0.22222222222222224 0.017708333333333333 0.031481481481481485
0 0.5958333333333333 0.24537037037037038 0.019791666666666666 0.03518518518518519
