0 0.6296875 0.11574074074074074 0.014583333333333334 0.03333333333333333
0 0.11041666666666666 0.6930555555555555 0.030208333333333334 0.04351851851851852
0 0.22291666666666665 0.2476851851851852 0.020833333333333332 0.03796296296296296
0 0.6934895833333333 0.11111111111111112 0.0140625 0.03333333333333333
0 0.74140625 0.5842592592592593 0.0234375 0.05185185185185186
0 0.5830729166666666 0.7574074074074074 0.025520833333333333 0.04814814814814815
0 0.8809895833333333 0.5930555555555556 0.022395833333333334 0.04537037037037037
0 0.1984375 0.25277777777777777 0.01875 0.037037037037037035
0 0.2747395833333333 0.562962962962963 0.021354166666666667 0.04259259259259259
0 0.3151041666666667 0.12962962962962962 0.016666666666666666 0.037037037037037035
0 0.6598958333333333 0.3037037037037037 0.01875 0.04259259259259259
0 0.6330729166666667 0.5296296296296297 0.022395833333333334 0.05
0 0.5966145833333333 0.6912037037037038 0.019270833333333334 0.03796296296296296
0 0.21979166666666666 0.5666666666666667 0.025 0.04814814814814815
0 0.7151041666666667 0.15092592592592594 0.014583333333333334 0.031481481481481485
0 0.9640624999999999 0.6032407407407407 0.029166666666666667 0.05648148148148149
0 0.1375 0.04953703703703704 0.010416666666666666 0.019444444444444445
0 0.33932291666666664 0.18333333333333335 0.018229166666666668 0.040740740740740744
0 0.8111979166666666 0.663425925925926 0.022395833333333334 0.04351851851851852
0 0.68125 0.6601851851851852 0.021875 0.061111111111111116
0 0.10807291666666667 0.011574074074074075 0.015104166666666667 0.02314814814814815
0 0.5916666666666667 0.22592592592592595 0.019791666666666666 0.031481481481481485
0 0.5796875 0.25 0.019791666666666666 0.03333333333333333
