0 0.5872395833333334 0.5601851851851852 0.0203125 0.05
0 0.6372395833333333 0.1925925925925926 0.018229166666666668 0.037037037037037035
0 0.40703125 0.8495370370370371 0.0296875 0.062037037037037036
0 0.52265625 0.65 0.021354166666666667 0.053703703703703705
0 0.19192708333333333 0.2662037037037037 0.0171875 0.04722222222222222
0 0.23645833333333333 0.2550925925925926 0.016666666666666666 0.03796296296296296
0 0.08125 0.5018518518518519 0.019791666666666666 0.0462962962962963
0 0.7268229166666667 0.39212962962962966 0.0203125 0.03981481481481482
0 0.778125 0.5148148148148148 0.020833333333333332 0.04814814814814815
0 0.6799479166666667 0.9037037037037038 0.03177083333333333 0.05925925925925926
0 0.1765625 0.4351851851851852 0.021875 0.07407407407407407
0 0.84453125 0.15694444444444444 0.0171875 0.04537037037037037
0 0.6755208333333333 0.4467592592592593 0.020833333333333332 0.04166666666666667
0 0.72890625 0.21342592592592594 0.015104166666666667 0.032407407407407406
0 0.696875 0.23842592592592593 0.020833333333333332 0.0638888888888889
0 0.7934895833333333 0.6129629629629629 0.0234375 0.05
0 0.7098958333333333 0.5421296296296296 0.022916666666666665 0.04351851851851852
0 0.7205729166666667 0.6875 0.025520833333333333 0.05277777777777778
0 0.6716145833333333 0.8138888888888889 0.034895833333333334 0.05740740740740741
0 0.74296875 0.11898148148148148 0.019270833333333334 0.028703703703703703
0 0.22317708333333333 0.008333333333333333 0.0140625 0.018518518518518517
