0 0.4075520833333333 0.85 0.0296875 0.06481481481481481
0 0.20494791666666667 0.27685185185185185 0.018229166666666668 0.0462962962962963
0 0.6388020833333333 0.1837962962962963 0.0171875 0.03796296296296296
0 0.6036458333333333 0.5689814814814815 0.019791666666666666 0.05277777777777778
0 0.2515625 0.27083333333333337 0.016666666666666666 0.036111111111111115
0 0.540625 0.6648148148148149 0.021875 0.05555555555555556
0 0.6934895833333333 0.9212962962962963 0.0265625 0.05925925925925926
0 0.159375 0.4388888888888889 0.019791666666666666 0.05185185185185186
0 0.7700520833333333 0.4865740740740741 0.0203125 0.04722222222222222
0 0.7135416666666666 0.3680555555555556 0.01875 0.03981481481481482
0 0.05963541666666666 0.5412037037037037 0.022395833333333334 0.049074074074074076
0 0.8351562499999999 0.1564814814814815 0.019270833333333334 0.044444444444444446
0 0.66796875 0.4277777777777778 0.019270833333333334 0.040740740740740744
0 0.8 0.5787037037037037 0.021875 0.04814814814814815
0 0.7997395833333333 0.9703703703703704 0.0328125 0.05925925925925926
0 0.6921875 0.2087962962962963 0.015625 0.032407407407407406
0 0.7239583333333334 0.20370370370370372 0.016666666666666666 0.03333333333333333
0 0.6872395833333333 0.8365740740740741 0.028645833333333332 0.058333333333333334
0 0.7278645833333334 0.10601851851851853 0.0171875 0.028703703703703703
0 0.7125 0.5189814814814815 0.026041666666666668 0.04351851851851852
0 0.7138020833333333 0.6375000000000001 0.022395833333333334 0.04351851851851852
0 0.22239583333333332 0.008796296296296297 0.0125 0.015740740740740743
