0 0.51171875 0.6305555555555555 0.0203125 0.053703703703703705
0 0.64375 0.21296296296296297 0.016666666666666666 0.03518518518518519
0 0.16822916666666665 0.2555555555555556 0.01875 0.04259259259259259
0 0.5614583333333333 0.549537037037037 0.019791666666666666 0.049074074074074076
0 0.4067708333333333 0.8495370370370371 0.028125 0.0638888888888889
0 0.73515625 0.41944444444444445 0.021354166666666667 0.037037037037037035
0 0.21276041666666667 0.2425925925925926 0.015104166666666667 0.037037037037037035
0 0.6802083333333333 0.48240740740740745 0.019791666666666666 0.03888888888888889
0 0.7911458333333333 0.5569444444444445 0.019791666666666666 0.04722222222222222
0 0.11223958333333334 0.46944444444444444 0.018229166666666668 0.044444444444444446
0 0.7372395833333333 0.2351851851851852 0.01614583333333333 0.031481481481481485
0 0.6486979166666667 0.787962962962963 0.0265625 0.04814814814814815
0 0.7932291666666667 0.6523148148148148 0.027083333333333334 0.06018518518518519
0 0.8606770833333334 0.15046296296296297 0.018229166666666668 0.049074074074074076
0 0.7052083333333333 0.23796296296296296 0.014583333333333334 0.031481481481481485
0 0.18932291666666667 0.4046296296296297 0.018229166666666668 0.0462962962962963
0 0.7294270833333333 0.7486111111111111 0.025520833333333333 0.075
0 0.7528645833333333 0.12361111111111112 0.0171875 0.036111111111111115
0 0.6666666666666666 0.8796296296296297 0.026041666666666668 0.05
0 0.7135416666666666 0.5736111111111112 0.028125 0.03796296296296296
0 0.22213541666666667 0.008796296296296297 0.015104166666666667 0.017592592592592594
