0 0.5619791666666667 0.6712962962962963 0.02395833333333333 0.053703703703703705
0 0.61796875 0.5828703703703704 0.019270833333333334 0.05092592592592593
0 0.40729166666666666 0.8518518518518519 0.030208333333333334 0.06666666666666667
0 0.21484375 0.2939814814814815 0.018229166666666668 0.04537037037037037
0 0.64453125 0.17037037037037037 0.0171875 0.03518518518518519
0 0.2661458333333333 0.2898148148148148 0.016666666666666666 0.037037037037037035
0 0.70859375 0.937962962962963 0.028645833333333332 0.06851851851851852
0 0.03307291666666667 0.5768518518518518 0.022395833333333334 0.05
0 0.8044270833333333 0.9324074074074075 0.027604166666666666 0.05185185185185186
0 0.1421875 0.4513888888888889 0.020833333333333332 0.05092592592592593
0 0.7619791666666667 0.4527777777777778 0.020833333333333332 0.0462962962962963
0 0.796875 0.5365740740740741 0.019791666666666666 0.049074074074074076
0 0.6604166666666667 0.39814814814814814 0.019791666666666666 0.03888888888888889
0 0.8330729166666666 0.16296296296296298 0.018229166666666668 0.0462962962962963
0 0.7109375 0.862037037037037 0.027083333333333334 0.05740740740740741
0 0.7234375 0.1837962962962963 0.014583333333333334 0.030555555555555558
0 0.70703125 0.337037037037037 0.0203125 0.04259259259259259
0 0.6919270833333333 0.19444444444444445 0.018229166666666668 0.03888888888888889
0 0.7203125 0.09722222222222222 0.017708333333333333 0.02777777777777778
0 0.70625 0.49259259259259264 0.026041666666666668 0.04259259259259259
0 0.7018229166666666 0.6032407407407407 0.025520833333333333 0.03796296296296296
0 0.22239583333333332 0.006481481481481482 0.0125 0.012962962962962964
0 0.06041666666666667 0.006944444444444445 0.0125 0.015740740740740743
0 0.03333333333333333 0.010648148148148148 0.015625 0.021296296296296296
