0 0.29140625 0.3939814814814815 0.019270833333333334 0.05092592592592593
0 0.6372395833333333 0.10092592592592593 0.015104166666666667 0.031481481481481485
0 0.403125 0.8495370370370371 0.029166666666666667 0.0638888888888889
0 0.7875 0.6787037037037037 0.020833333333333332 0.04259259259259259
0 0.64765625 0.7435185185185186 0.024479166666666666 0.05
0 0.82890625 0.21296296296296297 0.018229166666666668 0.04259259259259259
0 0.69921875 0.6509259259259259 0.024479166666666666 0.05
0 0.05286458333333333 0.49953703703703706 0.0234375 0.062037037037037036
0 0.7635416666666667 0.34120370370370373 0.017708333333333333 0.04351851851851852
0 0.6890625 0.02777777777777778 0.0125 0.02777777777777778
0 0.35234375 0.39861111111111114 0.019270833333333334 0.036111111111111115
0 0.725 0.3027777777777778 0.017708333333333333 0.03888888888888889
0 0.09505208333333333 0.04814814814814815 0.011979166666666666 0.02592592592592593
0 0.11640625 0.04259259259259259 0.01614583333333333 0.03333333333333333
0 0.6458333333333334 0.274537037037037 0.017708333333333333 0.04166666666666667
0 0.6744791666666666 0.1175925925925926 0.015625 0.037037037037037035
0 0.7002604166666666 0.10416666666666667 0.01614583333333333 0.030555555555555558
0 0.6268229166666667 0.9356481481481482 0.03177083333333333 0.0638888888888889
0 0.69453125 0.23101851851851854 0.0171875 0.032407407407407406
0 0.67265625 0.3365740740740741 0.021354166666666667 0.03425925925925926
0 0.6309895833333333 0.4013888888888889 0.021354166666666667 0.03796296296296296
0 0.22291666666666665 0.007870370370370371 0.013541666666666667 0.015740740740740743
