0 0.2934895833333333 0.39490740740740743 0.019270833333333334 0.049074074074074076
0 0.4028645833333333 0.8532407407407407 0.0296875 0.06574074074074074
0 0.8278645833333333 0.21157407407407408 0.018229166666666668 0.04166666666666667
0 0.7005208333333334 0.6527777777777778 0.026041666666666668 0.05
0 0.7864583333333334 0.6726851851851852 0.020833333333333332 0.03796296296296296
0 0.6364583333333333 0.09861111111111112 0.015625 0.032407407407407406
0 0.6486979166666667 0.7416666666666667 0.024479166666666666 0.044444444444444446
0 0.7635416666666667 0.3388888888888889 0.016666666666666666 0.040740740740740744
0 0.6895833333333333 0.028703703703703703 0.0125 0.02962962962962963
0 0.3541666666666667 0.40185185185185185 0.01875 0.03888888888888889
0 0.05130208333333333 0.49583333333333335 0.022395833333333334 0.05277777777777778
0 0.7247395833333333 0.30092592592592593 0.0171875 0.03888888888888889
0 0.09453125 0.04814814814814815 0.011979166666666666 0.02592592592592593
0 0.62578125 0.925462962962963 0.024479166666666666 0.05648148148148149
0 0.6734375 0.1125 0.014583333333333334 0.028703703703703703
0 0.7005208333333334 0.10462962962962963 0.014583333333333334 0.02962962962962963
0 0.64609375 0.27314814814814814 0.01614583333333333 0.03888888888888889
0 0.1171875 0.04166666666666667 0.015625 0.03333333333333333
0 0.6955729166666667 0.22685185185185186 0.0171875 0.02592592592592593
0 0.6744791666666666 0.3337962962962963 0.022916666666666665 0.036111111111111115
0 0.6322916666666667 0.39861111111111114 0.021875 0.036111111111111115
0 0.22239583333333332 0.0060185185185185185 0.010416666666666666 0.015740740740740743
