0 0.5684895833333333 0.5537037037037037 0.0203125 0.05
0 0.640625 0.20740740740740743 0.017708333333333333 0.03518518518518519
0 0.2203125 0.24814814814814815 0.015625 0.03518518518518519
0 0.51328125 0.6351851851851852 0.0203125 0.053703703703703705
0 0.40651041666666665 0.8495370370370371 0.028645833333333332 0.0638888888888889
0 0.17447916666666666 0.2611111111111111 0.01875 0.04259259259259259
0 0.7330729166666666 0.40925925925925927 0.022395833333333334 0.037037037037037035
0 0.7859375 0.5421296296296296 0.019791666666666666 0.04722222222222222
0 0.7924479166666667 0.6430555555555556 0.022395833333333334 0.05092592592592593
0 0.67890625 0.47222222222222227 0.0203125 0.03888888888888889
0 0.10286458333333333 0.47824074074074074 0.019270833333333334 0.04537037037037037
0 0.6552083333333333 0.7962962962962963 0.029166666666666667 0.05185185185185186
0 0.8552083333333333 0.15185185185185185 0.016666666666666666 0.044444444444444446
0 0.7333333333333333 0.23194444444444445 0.016666666666666666 0.032407407407407406
0 0.18645833333333334 0.42083333333333334 0.020833333333333332 0.06759259259259259
0 0.728125 0.7180555555555556 0.022916666666666665 0.05092592592592593
0 0.6708333333333333 0.8907407407407407 0.028125 0.05740740740740741
0 0.7028645833333333 0.24027777777777778 0.0171875 0.04166666666666667
0 0.7528645833333333 0.12083333333333333 0.0140625 0.032407407407407406
0 0.7135416666666666 0.5643518518518519 0.022916666666666665 0.04537037037037037
0 0.22369791666666666 0.008796296296296297 0.015104166666666667 0.015740740740740743
