0 0.6216145833333333 0.5851851851851853 0.019270833333333334 0.04814814814814815
0 0.6442708333333333 0.16620370370370371 0.017708333333333333 0.036111111111111115
0 0.4075520833333333 0.85 0.028645833333333332 0.06296296296296297
0 0.26927083333333335 0.29212962962962963 0.016666666666666666 0.03796296296296296
0 0.21744791666666666 0.2962962962962963 0.018229166666666668 0.0462962962962963
0 0.5653645833333333 0.6731481481481482 0.024479166666666666 0.05185185185185186
0 0.80625 0.925462962962963 0.027083333333333334 0.05277777777777778
0 0.7122395833333334 0.9449074074074074 0.028645833333333332 0.06759259259259259
0 0.13776041666666666 0.45601851851851855 0.021354166666666667 0.05277777777777778
0 0.79453125 0.5287037037037037 0.019270833333333334 0.0462962962962963
0 0.027604166666666666 0.5907407407407408 0.02395833333333333 0.05185185185185186
0 0.7591145833333334 0.4486111111111111 0.0203125 0.049074074074074076
0 0.65859375 0.39583333333333337 0.0203125 0.04166666666666667
0 0.7158854166666666 0.8625 0.0265625 0.05092592592592593
0 0.8322916666666667 0.16574074074074074 0.017708333333333333 0.0462962962962963
0 0.7234375 0.1800925925925926 0.014583333333333334 0.028703703703703703
0 0.7065104166666667 0.34074074074074073 0.019270833333333334 0.03518518518518519
0 0.690625 0.19768518518518519 0.017708333333333333 0.04722222222222222
0 0.7205729166666667 0.09583333333333334 0.01614583333333333 0.03425925925925926
0 0.7049479166666667 0.48888888888888893 0.025520833333333333 0.037037037037037035
0 0.6989583333333333 0.5875 0.02395833333333333 0.03796296296296296
0 0.22265625 0.007407407407407408 0.015104166666666667 0.012962962962962964
0 0.0640625 0.009259259259259259 0.010416666666666666 0.018518518518518517
0 0.03723958333333333 0.012037037037037037 0.015104166666666667 0.024074074074074074
