0 0.8104166666666667 0.8319444444444445 0.02395833333333333 0.04722222222222222
0 0.5833333333333334 0.7310185185185185 0.026041666666666668 0.049074074074074076
0 0.634375 0.13472222222222222 0.016666666666666666 0.03425925925925926
0 0.40546875 0.8481481481481482 0.028645833333333332 0.05925925925925926
0 0.25494791666666666 0.3277777777777778 0.019270833333333334 0.04814814814814815
0 0.65625 0.6134259259259259 0.019791666666666666 0.04537037037037037
0 0.30703125 0.337037037037037 0.018229166666666668 0.03888888888888889
0 0.0921875 0.4847222222222222 0.022916666666666665 0.058333333333333334
0 0.78359375 0.4467592592592593 0.018229166666666668 0.04166666666666667
0 0.7393229166666666 0.38287037037037036 0.018229166666666668 0.04351851851851852
0 0.7096354166666666 0.06759259259259259 0.0140625 0.03333333333333333
0 0.83671875 0.18935185185185185 0.018229166666666668 0.03981481481481482
0 0.06328125 0.02361111111111111 0.013020833333333334 0.026851851851851852
0 0.6794270833333333 0.1625 0.0171875 0.04166666666666667
0 0.08645833333333333 0.01990740740740741 0.013541666666666667 0.026851851851851852
0 0.7127604166666667 0.14953703703703705 0.0140625 0.030555555555555558
0 0.653125 0.33842592592592596 0.017708333333333333 0.03425925925925926
0 0.7020833333333333 0.28750000000000003 0.015625 0.028703703703703703
0 0.66640625 0.4949074074074074 0.022395833333333334 0.03796296296296296
0 0.6880208333333333 0.41435185185185186 0.022916666666666665 0.036111111111111115
0 0.7796875 0.912962962962963 0.034375 0.04259259259259259
0 0.22421875 0.008796296296296297 0.011979166666666666 0.017592592592592594
