0 0.55390625 0.6652777777777779 0.0234375 0.05462962962962963
0 0.2109375 0.28750000000000003 0.01875 0.04537037037037037
0 0.40729166666666666 0.850925925925926 0.029166666666666667 0.06481481481481481
0 0.6114583333333333 0.575462962962963 0.01875 0.049074074074074076
0 0.64296875 0.17824074074074076 0.0171875 0.03796296296296296
0 0.7018229166666666 0.9277777777777778 0.025520833333333333 0.04814814814814815
0 0.04479166666666667 0.5601851851851852 0.021875 0.04814814814814815
0 0.26015625 0.2847222222222222 0.01614583333333333 0.03981481481481482
0 0.8013020833333333 0.9472222222222223 0.028645833333333332 0.05185185185185186
0 0.15 0.44537037037037036 0.020833333333333332 0.05
0 0.8005208333333333 0.5532407407407408 0.019791666666666666 0.04722222222222222
0 0.8322916666666667 0.1587962962962963 0.016666666666666666 0.04166666666666667
0 0.7669270833333334 0.46620370370370373 0.021354166666666667 0.04722222222222222
0 0.72578125 0.19305555555555556 0.01614583333333333 0.03425925925925926
0 0.7098958333333333 0.35324074074074074 0.019791666666666666 0.03796296296296296
0 0.6986979166666667 0.8518518518518519 0.0265625 0.05925925925925926
0 0.6932291666666667 0.20231481481481484 0.01875 0.03981481481481482
0 0.6625 0.412962962962963 0.01875 0.040740740740740744
0 0.7088541666666667 0.500462962962963 0.020833333333333332 0.03981481481481482
0 0.70703125 0.6208333333333333 0.0203125 0.03796296296296296
0 0.7247395833333333 0.10046296296296296 0.01614583333333333 0.026851851851851852
0 0.22369791666666666 0.008796296296296297 0.011979166666666666 0.017592592592592594
0 0.055989583333333336 0.008796296296296297 0.011979166666666666 0.017592592592592594
0 0.029427083333333333 0.009722222222222222 0.0109375 0.019444444444444445
