0 0.33697916666666666 0.4939814814814815 0.020833333333333332 0.05648148148148149
0 0.3932291666666667 0.8768518518518519 0.03125 0.07222222222222223
0 0.7747395833333334 0.7134259259259259 0.025520833333333333 0.05277777777777778
0 0.03854166666666667 0.5435185185185185 0.020833333333333332 0.044444444444444446
0 0.5388020833333333 0.8430555555555556 0.0265625 0.06574074074074074
0 0.8333333333333334 0.26157407407407407 0.017708333333333333 0.04351851851851852
0 0.40130208333333334 0.4990740740740741 0.0203125 0.037037037037037035
0 0.7526041666666666 0.23935185185185187 0.01875 0.03796296296296296
0 0.7244791666666667 0.7574074074074074 0.028125 0.05740740740740741
0 0.759375 0.5092592592592593 0.01875 0.037037037037037035
0 0.5984375 0.7768518518518519 0.022916666666666665 0.053703703703703705
0 0.6333333333333333 0.055092592592592596 0.0125 0.032407407407407406
0 0.1328125 0.08472222222222223 0.013541666666666667 0.026851851851851852
0 0.15833333333333333 0.08333333333333334 0.016666666666666666 0.037037037037037035
0 0.7208333333333333 0.22916666666666669 0.017708333333333333 0.03981481481481482
0 0.64609375 0.20370370370370372 0.015104166666666667 0.04259259259259259
0 0.6611979166666666 0.07407407407407407 0.015104166666666667 0.03888888888888889
0 0.6869791666666667 0.05740740740740741 0.015625 0.02592592592592593
0 0.66875 0.250462962962963 0.021875 0.036111111111111115
0 0.68515625 0.1625 0.018229166666666668 0.030555555555555558
0 0.6072916666666667 0.3027777777777778 0.021875 0.03888888888888889
0 0.22239583333333332 0.006481481481481482 0.0125 0.016666666666666666
