0 0.34609375 0.5152777777777778 0.021354166666666667 0.058333333333333334
0 0.7940104166666666 0.7189814814814816 0.0265625 0.04537037037037037
0 0.030729166666666665 0.5333333333333333 0.02395833333333333 0.05
0 0.7546875 0.22777777777777777 0.015625 0.03888888888888889
0 0.39296875 0.8736111111111111 0.030729166666666665 0.0712962962962963
0 0.7333333333333333 0.7546296296296297 0.026041666666666668 0.05555555555555556
0 0.6265625 0.044444444444444446 0.014583333333333334 0.031481481481481485
0 0.8268229166666666 0.2657407407407408 0.0171875 0.044444444444444446
0 0.6049479166666667 0.7462962962962963 0.022395833333333334 0.05185185185185186
0 0.5341145833333333 0.8087962962962963 0.0328125 0.0712962962962963
0 0.75625 0.4851851851851852 0.019791666666666666 0.037037037037037035
0 0.4109375 0.5162037037037037 0.01875 0.03796296296296296
0 0.14010416666666667 0.08796296296296297 0.016666666666666666 0.031481481481481485
0 0.16640625 0.08472222222222223 0.013020833333333334 0.030555555555555558
0 0.7221354166666667 0.2125 0.01614583333333333 0.036111111111111115
0 0.6458333333333334 0.19074074074074074 0.015625 0.037037037037037035
0 0.68515625 0.04953703703703704 0.0140625 0.028703703703703703
0 0.6619791666666667 0.06157407407407408 0.015625 0.030555555555555558
0 0.6885416666666666 0.14166666666666666 0.014583333333333334 0.02777777777777778
0 0.6690104166666666 0.23750000000000002 0.018229166666666668 0.03425925925925926
0 0.6018229166666667 0.2814814814814815 0.0203125 0.040740740740740744
