0 0.39739583333333334 0.862962962962963 0.03125 0.06666666666666667
0 0.8203125 0.2689814814814815 0.019791666666666666 0.04166666666666667
0 0.35104166666666664 0.5523148148148148 0.022916666666666665 0.062037037037037036
0 0.42343749999999997 0.5518518518518519 0.020833333333333332 0.040740740740740744
0 0.6044270833333333 0.7069444444444445 0.022395833333333334 0.05277777777777778
0 0.18359375 0.08611111111111111 0.013020833333333334 0.02962962962962963
0 0.82109375 0.7231481481481482 0.024479166666666666 0.0462962962962963
0 0.621875 0.02777777777777778 0.013541666666666667 0.031481481481481485
0 0.01328125 0.5351851851851852 0.024479166666666666 0.05
0 0.159375 0.09583333333333334 0.014583333333333334 0.026851851851851852
0 0.7541666666666667 0.437962962962963 0.01875 0.03333333333333333
0 0.75703125 0.19212962962962965 0.015104166666666667 0.036111111111111115
0 0.728125 0.1902777777777778 0.015625 0.03425925925925926
0 0.5286458333333334 0.7537037037037038 0.025 0.06481481481481481
0 0.7596354166666667 0.7824074074074074 0.025520833333333333 0.053703703703703705
0 0.6434895833333333 0.1638888888888889 0.015104166666666667 0.03518518518518519
0 0.6815104166666667 0.03518518518518519 0.013020833333333334 0.02777777777777778
0 0.6596354166666667 0.04166666666666667 0.018229166666666668 0.02777777777777778
0 0.6822916666666666 0.12361111111111112 0.015625 0.032407407407407406
0 0.66953125 0.21342592592592594 0.0171875 0.030555555555555558
0 0.5971354166666667 0.2550925925925926 0.018229166666666668 0.032407407407407406
