0 0.31328125 0.45092592592592595 0.0203125 0.05185185185185186
0 0.7716145833333333 0.5689814814814815 0.0203125 0.03796296296296296
0 0.3963541666666667 0.8666666666666667 0.030208333333333334 0.06481481481481481
0 0.7427083333333333 0.6810185185185186 0.022916666666666665 0.04537037037037037
0 0.6354166666666666 0.07314814814814816 0.014583333333333334 0.031481481481481485
0 0.38255208333333335 0.45416666666666666 0.018229166666666668 0.03425925925925926
0 0.7625 0.27731481481481485 0.016666666666666666 0.03796296296296296
0 0.725 0.2550925925925926 0.017708333333333333 0.03981481481481482
0 0.11979166666666667 0.06759259259259259 0.010416666666666666 0.02777777777777778
0 0.14322916666666666 0.06296296296296297 0.015625 0.03333333333333333
0 0.5455729166666666 0.9189814814814815 0.028645833333333332 0.062037037037037036
0 0.046875 0.5513888888888889 0.021875 0.049074074074074076
0 0.5971354166666667 0.8333333333333334 0.0234375 0.05740740740740741
0 0.8351562499999999 0.23981481481481481 0.0171875 0.040740740740740744
0 0.69375 0.08009259259259259 0.013541666666666667 0.030555555555555558
0 0.70625 0.7680555555555556 0.025 0.05092592592592593
0 0.6721354166666667 0.29074074074074074 0.018229166666666668 0.0462962962962963
0 0.6403645833333333 0.23194444444444445 0.015104166666666667 0.03981481481481482
0 0.615625 0.33796296296296297 0.016666666666666666 0.03888888888888889
0 0.6684895833333333 0.08981481481481482 0.015104166666666667 0.03333333333333333
0 0.6893229166666667 0.18472222222222223 0.0203125 0.03425925925925926
0 0.221875 0.0060185185185185185 0.011458333333333333 0.015740740740740743
