0 0.32057291666666665 0.47175925925925927 0.0203125 0.05648148148148149
0 0.7653645833333333 0.5439814814814815 0.021354166666666667 0.03981481481481482
0 0.6375 0.06296296296296297 0.013541666666666667 0.03333333333333333
0 0.39427083333333335 0.8717592592592593 0.029166666666666667 0.06574074074074074
0 0.7541666666666667 0.26296296296296295 0.015625 0.040740740740740744
0 0.047135416666666666 0.5625 0.022395833333333334 0.04722222222222222
0 0.8372395833333334 0.24861111111111112 0.0171875 0.04166666666666667
0 0.3890625 0.47453703703703703 0.019791666666666666 0.03796296296296296
0 0.12630208333333334 0.07453703703703704 0.013020833333333334 0.028703703703703703
0 0.5403645833333334 0.8861111111111112 0.024479166666666666 0.05555555555555556
0 0.7177083333333333 0.7666666666666667 0.027083333333333334 0.053703703703703705
0 0.7231770833333333 0.24583333333333335 0.0171875 0.04166666666666667
0 0.15026041666666667 0.07268518518518519 0.01614583333333333 0.032407407407407406
0 0.61171875 0.3194444444444445 0.01614583333333333 0.037037037037037035
0 0.7557291666666667 0.6976851851851852 0.022916666666666665 0.049074074074074076
0 0.6434895833333333 0.22453703703703703 0.015104166666666667 0.03981481481481482
0 0.5955729166666667 0.8106481481481482 0.024479166666666666 0.062037037037037036
0 0.6888020833333334 0.07083333333333333 0.013020833333333334 0.026851851851851852
0 0.6658854166666667 0.07685185185185185 0.0171875 0.02777777777777778
0 0.6703125 0.26851851851851855 0.022916666666666665 0.03888888888888889
0 0.6869791666666667 0.17314814814814816 0.015625 0.02777777777777778
0 0.22239583333333332 0.0060185185185185185 0.0125 0.015740740740740743
