0 0.6244791666666667 0.038425925925925926 0.014583333333333334 0.030555555555555558
0 0.8239583333333333 0.2652777777777778 0.017708333333333333 0.04537037037037037
0 0.0265625 0.5324074074074074 0.022916666666666665 0.05
0 0.3481770833333333 0.5240740740740741 0.021354166666666667 0.05555555555555556
0 0.39453125 0.8699074074074075 0.028645833333333332 0.06574074074074074
0 0.8015625 0.7194444444444444 0.025 0.04259259259259259
0 0.7559895833333333 0.21944444444444444 0.015104166666666667 0.037037037037037035
0 0.7388020833333333 0.7583333333333334 0.025520833333333333 0.053703703703703705
0 0.60546875 0.737037037037037 0.022395833333333334 0.053703703703703705
0 0.14479166666666665 0.09074074074074075 0.015625 0.02962962962962963
0 0.75625 0.4759259259259259 0.01875 0.03888888888888889
0 0.53203125 0.7930555555555556 0.028645833333333332 0.0638888888888889
0 0.17135416666666667 0.08796296296296297 0.013541666666666667 0.031481481481481485
0 0.64453125 0.18101851851851852 0.015104166666666667 0.036111111111111115
0 0.7234375 0.20694444444444446 0.017708333333333333 0.036111111111111115
0 0.41484375 0.5287037037037037 0.019270833333333334 0.044444444444444446
0 0.6611979166666666 0.052314814814814814 0.013020833333333334 0.028703703703703703
0 0.60078125 0.2814814814814815 0.018229166666666668 0.05185185185185186
0 0.6846354166666666 0.04166666666666667 0.0140625 0.02962962962962963
0 0.6861979166666666 0.13564814814814816 0.018229166666666668 0.036111111111111115
0 0.6705729166666666 0.22731481481481483 0.019270833333333334 0.03425925925925926
