0 0.8184895833333333 0.2740740740740741 0.019270833333333334 0.044444444444444446
0 0.359375 0.5657407407407408 0.02395833333333333 0.05555555555555556
0 0.4015625 0.8592592592592593 0.030208333333333334 0.06851851851851852
0 0.4309895833333333 0.5708333333333333 0.021354166666666667 0.04351851851851852
0 0.19348958333333333 0.0912037037037037 0.013020833333333334 0.030555555555555558
0 0.60078125 0.6773148148148148 0.0234375 0.05092592592592593
0 0.6239583333333333 0.01712962962962963 0.013541666666666667 0.028703703703703703
0 0.8385416666666666 0.7226851851851852 0.025 0.04537037037037037
0 0.1703125 0.09537037037037037 0.0125 0.02592592592592593
0 0.75078125 0.17314814814814816 0.0171875 0.04259259259259259
0 0.7486979166666666 0.412962962962963 0.0171875 0.037037037037037035
0 0.5309895833333333 0.7166666666666667 0.025520833333333333 0.05925925925925926
0 0.6484375 0.15694444444444444 0.017708333333333333 0.04166666666666667
0 0.009375 0.5467592592592593 0.01875 0.05092592592592593
0 0.7296875 0.1675925925925926 0.016666666666666666 0.037037037037037035
0 0.5984375 0.24120370370370373 0.015625 0.04351851851851852
0 0.6731770833333334 0.10972222222222222 0.0171875 0.028703703703703703
0 0.66796875 0.19953703703703704 0.021354166666666667 0.03425925925925926
0 0.784375 0.7935185185185185 0.026041666666666668 0.0462962962962963
0 0.6533854166666666 0.031018518518518518 0.0171875 0.028703703703703703
0 0.6770833333333334 0.024074074074074074 0.014583333333333334 0.02777777777777778
