0 0.7479166666666667 0.7398148148148148 0.027083333333333334 0.053703703703703705
0 0.8781249999999999 0.8652777777777778 0.028125 0.062037037037037036
0 0.184375 0.19722222222222224 0.020833333333333332 0.040740740740740744
0 0.14947916666666666 0.32916666666666666 0.01875 0.04351851851851852
0 0.5614583333333333 0.35879629629629634 0.017708333333333333 0.04166666666666667
0 0.35182291666666665 0.09027777777777778 0.013020833333333334 0.036111111111111115
0 0.8161458333333333 0.8203703703703704 0.028125 0.05925925925925926
0 0.7018229166666666 0.23750000000000002 0.018229166666666668 0.03425925925925926
0 0.9486979166666667 0.6375000000000001 0.019270833333333334 0.036111111111111115
0 0.8507812499999999 0.5518518518518519 0.030729166666666665 0.053703703703703705
0 0.0734375 0.3842592592592593 0.020833333333333332 0.0462962962962963
0 0.22161458333333334 0.13425925925925927 0.0171875 0.03518518518518519
0 0.07213541666666666 0.24675925925925926 0.018229166666666668 0.032407407407407406
0 0.43255208333333334 0.5277777777777778 0.022395833333333334 0.05185185185185186
0 0.27421875 0.16805555555555557 0.0171875 0.032407407407407406
0 0.10572916666666667 0.1439814814814815 0.01875 0.036111111111111115
0 0.7471354166666666 0.1675925925925926 0.015104166666666667 0.03333333333333333
0 0.6875 0.05092592592592593 0.015625 0.02777777777777778
0 0.6723958333333333 0.09814814814814815 0.015625 0.02777777777777778
0 0.6265625 0.05277777777777778 0.016666666666666666 0.031481481481481485
0 0.29192708333333334 0.1675925925925926 0.011979166666666666 0.02592592592592593
