0 0.7606770833333333 0.7212962962962963 0.0265625 0.053703703703703705
0 0.8763020833333334 0.8208333333333334 0.0265625 0.062037037037037036
0 0.5625 0.300462962962963 0.016666666666666666 0.04166666666666667
0 0.9484374999999999 0.637962962962963 0.019791666666666666 0.03888888888888889
0 0.7434895833333334 0.21851851851851853 0.0140625 0.03518518518518519
0 0.6901041666666666 0.2837962962962963 0.01875 0.03425925925925926
0 0.3182291666666667 0.08981481481481482 0.011458333333333333 0.03333333333333333
0 0.8158854166666667 0.7847222222222222 0.024479166666666666 0.049074074074074076
0 0.028645833333333332 0.3680555555555556 0.021875 0.04537037037037037
0 0.8674479166666667 0.5351851851851852 0.0296875 0.05555555555555556
0 0.6700520833333333 0.1375 0.013020833333333334 0.032407407407407406
0 0.13515625 0.16666666666666669 0.0203125 0.03888888888888889
0 0.21536458333333333 0.20185185185185187 0.0203125 0.040740740740740744
0 0.11614583333333334 0.2537037037037037 0.01875 0.031481481481481485
0 0.46249999999999997 0.5833333333333334 0.02395833333333333 0.05740740740740741
0 0.19010416666666666 0.1388888888888889 0.013541666666666667 0.02777777777777778
0 0.09817708333333333 0.33611111111111114 0.022395833333333334 0.05185185185185186
0 0.2518229166666667 0.15787037037037038 0.0109375 0.017592592592592594
0 0.24114583333333334 0.1638888888888889 0.01875 0.03333333333333333
0 0.6270833333333333 0.08703703703703704 0.017708333333333333 0.02962962962962963
0 0.6911458333333333 0.08148148148148149 0.017708333333333333 0.02962962962962963
