0 0.75 0.7041666666666667 0.026041666666666668 0.06018518518518519
0 0.55234375 0.2439814814814815 0.015104166666666667 0.03981481481481482
0 0.8885416666666667 0.5291666666666667 0.029166666666666667 0.05092592592592593
0 0.8010416666666667 0.7476851851851852 0.026041666666666668 0.049074074074074076
0 0.054427083333333334 0.3194444444444445 0.0203125 0.040740740740740744
0 0.8606770833333334 0.7833333333333333 0.0296875 0.07037037037037037
0 0.15364583333333334 0.1287037037037037 0.017708333333333333 0.031481481481481485
0 0.2890625 0.09027777777777778 0.013541666666666667 0.03425925925925926
0 0.66796875 0.33194444444444443 0.01614583333333333 0.03796296296296296
0 0.7458333333333333 0.26944444444444443 0.014583333333333334 0.037037037037037035
0 0.5052083333333334 0.6361111111111112 0.025 0.05925925925925926
0 0.6736979166666667 0.17824074074074076 0.015104166666666667 0.03425925925925926
0 0.94921875 0.6375000000000001 0.018229166666666668 0.03425925925925926
0 0.25104166666666666 0.1925925925925926 0.019791666666666666 0.04259259259259259
0 0.6919270833333333 0.10370370370370371 0.013020833333333334 0.024074074074074074
0 0.15911458333333334 0.2606481481481482 0.0171875 0.030555555555555558
0 0.62265625 0.12731481481481483 0.0171875 0.04722222222222222
0 0.16796875 0.19305555555555556 0.0203125 0.03796296296296296
0 0.21484375 0.15694444444444444 0.011979166666666666 0.02314814814814815
0 0.20781249999999998 0.1685185185185185 0.01875 0.031481481481481485
