0 0.7533854166666667 0.7351851851851852 0.0265625 0.053703703703703705
0 0.8796875 0.8546296296296296 0.027083333333333334 0.061111111111111116
0 0.5625 0.3458333333333333 0.016666666666666666 0.04166666666666667
0 0.9484374999999999 0.6365740740740741 0.020833333333333332 0.03796296296296296
0 0.19322916666666667 0.19861111111111113 0.020833333333333332 0.04166666666666667
0 0.08515625 0.2476851851851852 0.019270833333333334 0.030555555555555558
0 0.0546875 0.38287037037037036 0.020833333333333332 0.04537037037037037
0 0.69765625 0.2513888888888889 0.018229166666666668 0.03425925925925926
0 0.13307291666666665 0.33055555555555555 0.018229166666666668 0.037037037037037035
0 0.34296875 0.08842592592592594 0.013020833333333334 0.03425925925925926
0 0.7473958333333334 0.18935185185185185 0.013541666666666667 0.03425925925925926
0 0.4421875 0.5462962962962963 0.022916666666666665 0.05
0 0.2635416666666667 0.16620370370370371 0.016666666666666666 0.028703703703703703
0 0.8583333333333333 0.5513888888888889 0.029166666666666667 0.05277777777777778
0 0.8161458333333333 0.8087962962962963 0.027083333333333334 0.05462962962962963
0 0.11197916666666667 0.1550925925925926 0.01875 0.03425925925925926
0 0.6731770833333334 0.11620370370370371 0.0140625 0.03425925925925926
0 0.20963541666666666 0.13425925925925927 0.01614583333333333 0.03518518518518519
0 0.6875 0.06018518518518519 0.017708333333333333 0.02962962962962963
0 0.6260416666666666 0.06018518518518519 0.017708333333333333 0.02962962962962963
0 0.28098958333333335 0.16898148148148148 0.011979166666666666 0.02314814814814815
