0 0.7268229166666667 0.7763888888888889 0.027604166666666666 0.062037037037037036
0 0.0515625 0.538425925925926 0.028125 0.05462962962962963
0 0.1125 0.46435185185185185 0.020833333333333332 0.049074074074074076
0 0.29609375 0.36712962962962964 0.0203125 0.04166666666666667
0 0.5877604166666667 0.6574074074074074 0.021354166666666667 0.05740740740740741
0 0.23880208333333333 0.39861111111111114 0.0234375 0.04537037037037037
0 0.8708333333333333 0.9449074074074074 0.03125 0.0638888888888889
0 0.7302083333333333 0.034722222222222224 0.011458333333333333 0.028703703703703703
0 0.465625 0.09305555555555556 0.013541666666666667 0.03425925925925926
0 0.052083333333333336 0.14027777777777778 0.019791666666666666 0.032407407407407406
0 0.05520833333333333 0.21851851851851853 0.021875 0.040740740740740744
0 0.33177083333333335 0.14444444444444446 0.017708333333333333 0.03518518518518519
0 0.809375 0.5750000000000001 0.028125 0.05555555555555556
0 0.840625 0.9013888888888889 0.034375 0.06759259259259259
0 0.40182291666666664 0.17314814814814816 0.015104166666666667 0.02962962962962963
0 0.36432291666666666 0.4365740740740741 0.021354166666666667 0.05277777777777778
0 0.028645833333333332 0.07592592592592592 0.021875 0.03333333333333333
0 0.4166666666666667 0.17685185185185187 0.014583333333333334 0.02777777777777778
0 0.7161458333333334 0.09351851851851853 0.017708333333333333 0.03333333333333333
0 0.9515625 0.6347222222222223 0.019791666666666666 0.04537037037037037
0 0.65546875 0.007870370370370371 0.013020833333333334 0.015740740740740743
