0 0.7390625 0.7513888888888889 0.029166666666666667 0.05462962962962963
0 0.5734375 0.513888888888889 0.01875 0.05185185185185186
0 0.23932291666666666 0.3476851851851852 0.0171875 0.04166666666666667
0 0.81796875 0.5393518518518519 0.028645833333333332 0.05462962962962963
0 0.03958333333333333 0.4462962962962963 0.020833333333333332 0.05
0 0.17864583333333334 0.39166666666666666 0.021875 0.04814814814814815
0 0.8856770833333333 0.9435185185185185 0.03177083333333333 0.061111111111111116
0 0.8385416666666666 0.8851851851851852 0.029166666666666667 0.06296296296296297
0 0.11666666666666667 0.19444444444444445 0.020833333333333332 0.03888888888888889
0 0.028385416666666666 0.12268518518518519 0.0171875 0.03425925925925926
0 0.37890625 0.45416666666666666 0.021354166666666667 0.049074074074074076
0 0.284375 0.1375 0.015625 0.030555555555555558
0 0.41770833333333335 0.09351851851851853 0.0125 0.03333333333333333
0 0.715625 0.15601851851851853 0.014583333333333334 0.032407407407407406
0 0.7442708333333333 0.08657407407407408 0.014583333333333334 0.03425925925925926
0 0.34791666666666665 0.17222222222222222 0.014583333333333334 0.03518518518518519
0 0.061197916666666664 0.09675925925925927 0.019270833333333334 0.032407407407407406
0 0.9494791666666667 0.6375000000000001 0.021875 0.036111111111111115
0 0.3606770833333333 0.17083333333333334 0.0109375 0.02314814814814815
0 0.6200520833333333 0.0125 0.013020833333333334 0.017592592592592594
0 0.6736979166666667 0.008796296296296297 0.011979166666666666 0.01388888888888889
0 0.6627604166666666 0.033796296296296297 0.011979166666666666 0.021296296296296296
