0 0.725 0.7777777777777778 0.027083333333333334 0.06481481481481481
0 0.5859375 0.6833333333333333 0.021875 0.06296296296296297
0 0.125 0.4708333333333333 0.020833333333333332 0.05092592592592593
0 0.8692708333333333 0.9467592592592593 0.030208333333333334 0.06944444444444445
0 0.05963541666666666 0.5476851851851852 0.027604166666666666 0.05277777777777778
0 0.3078125 0.3662037037037037 0.020833333333333332 0.04351851851851852
0 0.7268229166666667 0.022685185185185187 0.011979166666666666 0.028703703703703703
0 0.24791666666666667 0.3990740740740741 0.021875 0.044444444444444446
0 0.8393229166666667 0.8986111111111111 0.030729166666666665 0.06574074074074074
0 0.3609375 0.4351851851851852 0.020833333333333332 0.0462962962962963
0 0.8078124999999999 0.5745370370370371 0.029166666666666667 0.05462962962962963
0 0.4734375 0.08981481481481482 0.013541666666666667 0.03333333333333333
0 0.33880208333333334 0.14537037037037037 0.0171875 0.037037037037037035
0 0.4114583333333333 0.17824074074074076 0.015625 0.036111111111111115
0 0.95078125 0.6342592592592593 0.021354166666666667 0.03518518518518519
0 0.7145833333333333 0.08611111111111111 0.016666666666666666 0.031481481481481485
0 0.42578125 0.1763888888888889 0.0109375 0.019444444444444445
0 0.06302083333333333 0.14444444444444446 0.017708333333333333 0.037037037037037035
0 0.019791666666666666 0.07222222222222223 0.021875 0.031481481481481485
0 0.007291666666666667 0.1486111111111111 0.014583333333333334 0.04166666666666667
0 0.009114583333333334 0.20462962962962963 0.011979166666666666 0.037037037037037035
0 0.0453125 0.2212962962962963 0.017708333333333333 0.03518518518518519
