0 0.48020833333333335 0.21296296296296297 0.015625 0.040740740740740744
0 0.221875 0.7134259259259259 0.026041666666666668 0.05092592592592593
0 0.22760416666666666 0.8157407407407408 0.025 0.053703703703703705
0 0.57890625 0.40925925925925927 0.01614583333333333 0.040740740740740744
0 0.5109375 0.1287037037037037 0.010416666666666666 0.03333333333333333
0 0.3971354166666667 0.4337962962962963 0.01614583333333333 0.04537037037037037
0 0.5765625 0.2439814814814815 0.013541666666666667 0.04166666666666667
0 0.6372395833333333 0.08333333333333334 0.0109375 0.031481481481481485
0 0.6848958333333334 0.08518518518518518 0.010416666666666666 0.02592592592592593
0 0.6802083333333333 0.010185185185185186 0.0125 0.020370370370370372
0 0.5802083333333333 0.8777777777777778 0.020833333333333332 0.03888888888888889
0 0.6565104166666667 0.04398148148148148 0.009895833333333333 0.028703703703703703
0 0.6471354166666666 0.12361111111111112 0.015104166666666667 0.036111111111111115
0 0.3299479166666667 0.6138888888888889 0.021354166666666667 0.040740740740740744
0 0.78515625 0.1685185185185185 0.0171875 0.044444444444444446
0 0.5723958333333333 0.7648148148148148 0.022916666666666665 0.0462962962962963
0 0.3893229166666667 0.41064814814814815 0.01614583333333333 0.03981481481481482
0 0.365625 0.024074074074074074 0.013541666666666667 0.02592592592592593
0 0.6385416666666667 0.11851851851851852 0.0125 0.020370370370370372
0 0.7322916666666667 0.062037037037037036 0.0125 0.031481481481481485
0 0.7505208333333333 0.05324074074074074 0.013541666666666667 0.026851851851851852
0 0.7619791666666667 0.09537037037037037 0.014583333333333334 0.02592592592592593
0 0.7614583333333333 0.19166666666666668 0.011458333333333333 0.020370370370370372
0 0.3953125 0.5777777777777778 0.01875 0.03518518518518519
