0 0.09453125 0.6537037037037037 0.0234375 0.05
0 0.48359375 0.3143518518518519 0.015104166666666667 0.04166666666666667
0 0.4630208333333333 0.7152777777777778 0.020833333333333332 0.04537037037037037
0 0.12994791666666666 0.5615740740740741 0.024479166666666666 0.04722222222222222
0 0.37005208333333334 0.1824074074074074 0.01614583333333333 0.040740740740740744
0 0.7549479166666666 0.03287037037037037 0.013020833333333334 0.028703703703703703
0 0.75546875 0.23935185185185187 0.0171875 0.036111111111111115
0 0.4791666666666667 0.2263888888888889 0.011458333333333333 0.032407407407407406
0 0.5223958333333333 0.1300925925925926 0.0125 0.032407407407407406
0 0.3989583333333333 0.43472222222222223 0.01875 0.04351851851851852
0 0.7783854166666666 0.09907407407407408 0.013020833333333334 0.02777777777777778
0 0.63671875 0.15046296296296297 0.015104166666666667 0.030555555555555558
0 0.3919270833333333 0.4134259259259259 0.018229166666666668 0.04166666666666667
0 0.6247395833333333 0.14537037037037037 0.015104166666666667 0.03333333333333333
0 0.6916666666666667 0.01990740740740741 0.010416666666666666 0.02314814814814815
0 0.64296875 0.02962962962962963 0.008854166666666666 0.022222222222222223
0 0.5736979166666667 0.7662037037037037 0.024479166666666666 0.049074074074074076
0 0.7348958333333333 0.2537037037037037 0.014583333333333334 0.03333333333333333
0 0.37526041666666665 0.7458333333333333 0.024479166666666666 0.06574074074074074
0 0.84140625 0.2 0.0109375 0.024074074074074074
0 0.8322916666666667 0.1564814814814815 0.013541666666666667 0.02592592592592593
0 0.6302083333333334 0.034722222222222224 0.0125 0.017592592592592594
0 0.7526041666666666 0.11388888888888889 0.011458333333333333 0.020370370370370372
0 0.6841145833333333 0.10370370370370371 0.0109375 0.022222222222222223
0 0.36015625 0.020833333333333336 0.0078125 0.015740740740740743
