0 0.28854166666666664 0.14814814814814814 0.017708333333333333 0.03518518518518519
0 0.08098958333333334 0.4527777777777778 0.022395833333333334 0.040740740740740744
0 0.6317708333333333 0.16990740740740742 0.016666666666666666 0.032407407407407406
0 0.02395833333333333 0.5342592592592593 0.022916666666666665 0.044444444444444446
0 0.41822916666666665 0.24814814814814815 0.017708333333333333 0.03518518518518519
0 0.3932291666666667 0.1851851851851852 0.013541666666666667 0.031481481481481485
0 0.7671875 0.06435185185185185 0.0125 0.028703703703703703
0 0.7505208333333333 0.2976851851851852 0.020833333333333332 0.03796296296296296
0 0.69140625 0.022222222222222223 0.011979166666666666 0.02592592592592593
0 0.3966145833333333 0.4291666666666667 0.019270833333333334 0.03981481481481482
0 0.5098958333333333 0.12685185185185185 0.0125 0.03518518518518519
0 0.5713541666666666 0.7578703703703704 0.02395833333333333 0.05092592592592593
0 0.4421875 0.8287037037037037 0.02395833333333333 0.05925925925925926
0 0.70859375 0.3143518518518519 0.0171875 0.03981481481481482
0 0.5973958333333333 0.1537037037037037 0.013541666666666667 0.03333333333333333
0 0.5315104166666667 0.8115740740740741 0.021354166666666667 0.04537037037037037
0 0.35520833333333335 0.015277777777777779 0.010416666666666666 0.019444444444444445
0 0.38984375 0.4046296296296297 0.01614583333333333 0.03333333333333333
0 0.9088541666666666 0.24583333333333335 0.009375 0.017592592592592594
0 0.6604166666666667 0.0837962962962963 0.011458333333333333 0.017592592592592594
0 0.8268229166666666 0.13518518518518519 0.015104166666666667 0.031481481481481485
0 0.8234374999999999 0.1865740740740741 0.013541666666666667 0.026851851851851852
0 0.8052083333333333 0.15185185185185185 0.014583333333333334 0.02592592592592593
