0 0.10364583333333333 0.48379629629629634 0.022916666666666665 0.04537037037037037
0 0.3138020833333333 0.1638888888888889 0.01614583333333333 0.03888888888888889
0 0.50703125 0.7773148148148148 0.022395833333333334 0.049074074074074076
0 0.759375 0.053703703703703705 0.0125 0.02777777777777778
0 0.04895833333333333 0.5675925925925926 0.022916666666666665 0.0462962962962963
0 0.42213541666666665 0.19675925925925927 0.0140625 0.032407407407407406
0 0.4421875 0.2638888888888889 0.016666666666666666 0.03888888888888889
0 0.40546875 0.8092592592592593 0.0234375 0.061111111111111116
0 0.7565104166666666 0.2740740740740741 0.018229166666666668 0.03888888888888889
0 0.62578125 0.16481481481481483 0.0140625 0.03333333333333333
0 0.6901041666666666 0.02314814814814815 0.011458333333333333 0.024074074074074074
0 0.5065104166666666 0.12685185185185185 0.011979166666666666 0.03518518518518519
0 0.60390625 0.1513888888888889 0.013020833333333334 0.03796296296296296
0 0.7200520833333334 0.29953703703703705 0.0171875 0.04722222222222222
0 0.8067708333333333 0.12083333333333333 0.013541666666666667 0.030555555555555558
0 0.39140625 0.41203703703703703 0.018229166666666668 0.040740740740740744
0 0.396875 0.43194444444444446 0.01875 0.04166666666666667
0 0.5729166666666666 0.7615740740740741 0.026041666666666668 0.05462962962962963
0 0.7888020833333333 0.14166666666666666 0.01614583333333333 0.031481481481481485
0 0.63515625 0.0125 0.0078125 0.019444444444444445
0 0.35911458333333335 0.019444444444444445 0.0078125 0.020370370370370372
0 0.83828125 0.1824074074074074 0.0171875 0.03333333333333333
0 0.88828125 0.23148148148148148 0.015104166666666667 0.024074074074074074
0 0.6638020833333333 0.08750000000000001 0.009895833333333333 0.015740740740740743
