0 0.08072916666666667 0.6398148148148148 0.021875 0.04814814814814815
0 0.4744791666666667 0.3050925925925926 0.015625 0.03981481481481482
0 0.35911458333333335 0.1837962962962963 0.015104166666666667 0.03981481481481482
0 0.4669270833333333 0.725462962962963 0.022395833333333334 0.04722222222222222
0 0.47031249999999997 0.225 0.009375 0.031481481481481485
0 0.12317708333333333 0.5462962962962963 0.0234375 0.0462962962962963
0 0.51875 0.1300925925925926 0.0125 0.03425925925925926
0 0.75546875 0.03518518518518519 0.011979166666666666 0.02592592592592593
0 0.6356770833333333 0.1527777777777778 0.0140625 0.031481481481481485
0 0.6916666666666667 0.01898148148148148 0.011458333333333333 0.025
0 0.7825520833333334 0.1050925925925926 0.013020833333333334 0.028703703703703703
0 0.6208333333333333 0.14814814814814814 0.014583333333333334 0.03333333333333333
0 0.4 0.4356481481481482 0.017708333333333333 0.04166666666666667
0 0.7528645833333333 0.24027777777777778 0.0140625 0.036111111111111115
0 0.3794270833333333 0.7583333333333334 0.025520833333333333 0.06666666666666667
0 0.3921875 0.40972222222222227 0.017708333333333333 0.036111111111111115
0 0.6411458333333333 0.028703703703703703 0.009375 0.024074074074074074
0 0.7322916666666667 0.2601851851851852 0.016666666666666666 0.037037037037037035
0 0.8510416666666667 0.20555555555555557 0.011458333333333333 0.020370370370370372
0 0.8364583333333333 0.1513888888888889 0.014583333333333334 0.019444444444444445
0 0.75859375 0.12407407407407407 0.0171875 0.02592592592592593
0 0.6807291666666666 0.09444444444444444 0.011458333333333333 0.020370370370370372
0 0.6283854166666667 0.026851851851851852 0.0109375 0.022222222222222223
0 0.35885416666666664 0.018518518518518517 0.007291666666666667 0.011111111111111112
0 0.5692708333333333 0.762962962962963 0.017708333333333333 0.04259259259259259
