0 0.509375 0.12916666666666668 0.011458333333333333 0.032407407407407406
0 0.19505208333333332 0.675462962962963 0.025520833333333333 0.049074074074074076
0 0.19609375 0.7708333333333334 0.0265625 0.05092592592592593
0 0.4549479166666667 0.20555555555555557 0.01614583333333333 0.040740740740740744
0 0.5513020833333333 0.3888888888888889 0.01614583333333333 0.04259259259259259
0 0.7765625 0.10370370370370371 0.011458333333333333 0.02962962962962963
0 0.6708333333333333 0.07314814814814816 0.010416666666666666 0.02592592592592593
0 0.6151041666666667 0.9162037037037037 0.025 0.04351851851851852
0 0.3953125 0.43333333333333335 0.017708333333333333 0.044444444444444446
0 0.775 0.19166666666666668 0.015625 0.03518518518518519
0 0.3385416666666667 0.6398148148148148 0.021875 0.04814814814814815
0 0.6794270833333333 0.011574074074074075 0.013020833333333334 0.02314814814814815
0 0.5614583333333333 0.24675925925925926 0.010416666666666666 0.032407407407407406
0 0.63828125 0.07824074074074075 0.009895833333333333 0.028703703703703703
0 0.5721354166666667 0.7689814814814815 0.024479166666666666 0.049074074074074076
0 0.7283854166666667 0.07175925925925926 0.0140625 0.028703703703703703
0 0.64921875 0.1300925925925926 0.015104166666666667 0.030555555555555558
0 0.6528645833333333 0.036111111111111115 0.009895833333333333 0.02592592592592593
0 0.41171874999999997 0.6143518518518519 0.019270833333333334 0.04537037037037037
0 0.3888020833333333 0.41111111111111115 0.01614583333333333 0.037037037037037035
0 0.36171875 0.020833333333333336 0.008854166666666666 0.015740740740740743
0 0.6338541666666666 0.1175925925925926 0.0125 0.02592592592592593
0 0.74765625 0.0638888888888889 0.0109375 0.02592592592592593
0 0.7552083333333334 0.19953703703703704 0.011458333333333333 0.019444444444444445
