0 0.15338541666666666 0.6231481481481481 0.024479166666666666 0.0462962962962963
0 0.40911458333333334 0.20277777777777778 0.01614583333333333 0.040740740740740744
0 0.1328125 0.7236111111111111 0.026041666666666668 0.049074074074074076
0 0.5213541666666667 0.13194444444444445 0.011458333333333333 0.032407407407407406
0 0.5677083333333334 0.7592592592592593 0.020833333333333332 0.04259259259259259
0 0.39557291666666666 0.43472222222222223 0.019270833333333334 0.04166666666666667
0 0.44036458333333334 0.6652777777777779 0.0234375 0.049074074074074076
0 0.7606770833333333 0.0787037037037037 0.013020833333333334 0.02777777777777778
0 0.5208333333333334 0.34953703703703703 0.017708333333333333 0.04351851851851852
0 0.3502604166666667 0.6949074074074074 0.0234375 0.05462962962962963
0 0.6770833333333334 0.016666666666666666 0.0125 0.02777777777777778
0 0.5236979166666667 0.2425925925925926 0.008854166666666666 0.02962962962962963
0 0.746875 0.015740740740740743 0.0125 0.02592592592592593
0 0.6591145833333333 0.05185185185185186 0.008854166666666666 0.024074074074074074
0 0.39036458333333335 0.41250000000000003 0.018229166666666668 0.036111111111111115
0 0.6346354166666667 0.059722222222222225 0.0109375 0.028703703703703703
0 0.77109375 0.2162037037037037 0.01614583333333333 0.036111111111111115
0 0.6833333333333333 0.9875 0.025 0.032407407407407406
0 0.6385416666666667 0.018055555555555557 0.008333333333333333 0.02314814814814815
0 0.35911458333333335 0.021296296296296296 0.0109375 0.020370370370370372
0 0.6395833333333333 0.1439814814814815 0.011458333333333333 0.030555555555555558
0 0.6244791666666667 0.13333333333333333 0.011458333333333333 0.024074074074074074
0 0.6791666666666667 0.10740740740740741 0.011458333333333333 0.020370370370370372
0 0.7375 0.09444444444444444 0.0125 0.024074074074074074
0 0.7440104166666667 0.22731481481481483 0.008854166666666666 0.019444444444444445
0 0.7994791666666666 0.125 0.0125 0.024074074074074074
