0 0.44427083333333334 0.20601851851851852 0.016666666666666666 0.03981481481481482
0 0.5424479166666667 0.3773148148148148 0.0171875 0.04537037037037037
0 0.18307291666666667 0.6652777777777779 0.025520833333333333 0.049074074074074076
0 0.5109375 0.13055555555555556 0.010416666666666666 0.03333333333333333
0 0.5526041666666667 0.24629629629629632 0.010416666666666666 0.03333333333333333
0 0.18203125 0.7648148148148148 0.027604166666666666 0.05740740740740741
0 0.5690104166666666 0.762962962962963 0.0234375 0.0462962962962963
0 0.6677083333333333 0.06805555555555556 0.009375 0.025
0 0.3958333333333333 0.43333333333333335 0.016666666666666666 0.04259259259259259
0 0.6283854166666667 0.9305555555555556 0.024479166666666666 0.03888888888888889
0 0.6786458333333333 0.0125 0.011458333333333333 0.02314814814814815
0 0.34010416666666665 0.6537037037037037 0.021875 0.05
0 0.4140625 0.6217592592592592 0.022916666666666665 0.04537037037037037
0 0.6502604166666667 0.031481481481481485 0.008854166666666666 0.024074074074074074
0 0.7815104166666667 0.11111111111111112 0.0109375 0.02962962962962963
0 0.3890625 0.41111111111111115 0.016666666666666666 0.03888888888888889
0 0.771875 0.19490740740740742 0.013541666666666667 0.036111111111111115
0 0.36302083333333335 0.024537037037037038 0.013541666666666667 0.026851851851851852
0 0.6416666666666666 0.07777777777777778 0.013541666666666667 0.02592592592592593
0 0.63125 0.11990740740740741 0.0125 0.026851851851851852
0 0.6505208333333333 0.13240740740740742 0.011458333333333333 0.02592592592592593
0 0.7486979166666666 0.007870370370370371 0.0078125 0.015740740740740743
0 0.7510416666666666 0.06851851851851852 0.0125 0.02592592592592593
0 0.7276041666666666 0.07453703703703704 0.0125 0.030555555555555558
0 0.75234375 0.20277777777777778 0.0109375 0.024074074074074074
