0 0.5966145833333333 0.4365740740740741 0.018229166666666668 0.04722222222222222
0 0.5177083333333333 0.12731481481481483 0.011458333333333333 0.032407407407407406
0 0.3984375 0.43194444444444446 0.01875 0.04537037037037037
0 0.2565104166666667 0.8439814814814816 0.0265625 0.049074074074074076
0 0.5 0.2138888888888889 0.016666666666666666 0.040740740740740744
0 0.24192708333333332 0.7444444444444445 0.0265625 0.05
0 0.5875 0.2439814814814815 0.013541666666666667 0.03796296296296296
0 0.7927083333333333 0.16342592592592592 0.015625 0.03425925925925926
0 0.6630208333333333 0.05416666666666667 0.010416666666666666 0.030555555555555558
0 0.31666666666666665 0.5949074074074074 0.021875 0.04722222222222222
0 0.6940104166666666 0.09722222222222222 0.009895833333333333 0.02592592592592593
0 0.6466145833333333 0.11203703703703705 0.01614583333333333 0.037037037037037035
0 0.67890625 0.011574074074074075 0.011979166666666666 0.02314814814814815
0 0.63515625 0.09027777777777778 0.011979166666666666 0.028703703703703703
0 0.39010416666666664 0.40601851851851856 0.016666666666666666 0.036111111111111115
0 0.3671875 0.021296296296296296 0.014583333333333334 0.02592592592592593
0 0.7309895833333333 0.05185185185185186 0.015104166666666667 0.03333333333333333
0 0.7697916666666667 0.17731481481481481 0.0125 0.026851851851851852
0 0.7489583333333333 0.08333333333333334 0.013541666666666667 0.024074074074074074
0 0.7536458333333333 0.04027777777777778 0.0125 0.017592592592592594
0 0.38776041666666666 0.5597222222222222 0.0234375 0.03981481481481482
0 0.5755208333333334 0.7620370370370371 0.020833333333333332 0.044444444444444446
0 0.5510416666666667 0.8384259259259259 0.020833333333333332 0.03796296296296296
