0 0.12213541666666666 0.5435185185185185 0.0234375 0.0462962962962963
0 0.078125 0.6351851851851852 0.02395833333333333 0.04814814814814815
0 0.46770833333333334 0.7291666666666667 0.02395833333333333 0.04722222222222222
0 0.35625 0.18333333333333335 0.016666666666666666 0.03888888888888889
0 0.47213541666666664 0.3023148148148148 0.015104166666666667 0.03981481481481482
0 0.75546875 0.036111111111111115 0.011979166666666666 0.02592592592592593
0 0.3802083333333333 0.7587962962962963 0.026041666666666668 0.0638888888888889
0 0.4669270833333333 0.22361111111111112 0.009895833333333333 0.030555555555555558
0 0.5177083333333333 0.12916666666666668 0.0125 0.03425925925925926
0 0.6354166666666666 0.15324074074074073 0.014583333333333334 0.032407407407407406
0 0.3997395833333333 0.4361111111111111 0.018229166666666668 0.04259259259259259
0 0.6921875 0.020833333333333336 0.011458333333333333 0.025
0 0.3919270833333333 0.4101851851851852 0.0171875 0.037037037037037035
0 0.6411458333333333 0.026851851851851852 0.009375 0.024074074074074074
0 0.62109375 0.14907407407407408 0.0140625 0.031481481481481485
0 0.7518229166666667 0.24166666666666667 0.015104166666666667 0.03888888888888889
0 0.7580729166666667 0.12222222222222223 0.01614583333333333 0.02592592592592593
0 0.73203125 0.25972222222222224 0.015104166666666667 0.03425925925925926
0 0.6286458333333333 0.02638888888888889 0.010416666666666666 0.028703703703703703
0 0.09635416666666667 0.6569444444444444 0.010416666666666666 0.019444444444444445
0 0.36223958333333334 0.016666666666666666 0.009895833333333333 0.020370370370370372
0 0.6809895833333334 0.09814814814814815 0.008854166666666666 0.020370370370370372
0 0.7822916666666666 0.10648148148148148 0.0125 0.02592592592592593
0 0.8328125 0.1537037037037037 0.011458333333333333 0.020370370370370372
0 0.8515625 0.20601851851851852 0.011458333333333333 0.026851851851851852
0 0.5744791666666667 0.7532407407407408 0.01875 0.03981481481481482
