0 0.10286458333333333 0.6592592592592593 0.024479166666666666 0.05
0 0.49166666666666664 0.32222222222222224 0.015625 0.040740740740740744
0 0.3768229166666667 0.1837962962962963 0.01614583333333333 0.04166666666666667
0 0.6888020833333334 0.018518518518518517 0.0109375 0.02592592592592593
0 0.13489583333333333 0.5699074074074074 0.022916666666666665 0.04722222222222222
0 0.77421875 0.0962962962962963 0.0140625 0.02777777777777778
0 0.75390625 0.028703703703703703 0.013020833333333334 0.02592592592592593
0 0.45989583333333334 0.7050925925925926 0.022916666666666665 0.04537037037037037
0 0.5239583333333333 0.13101851851851853 0.0125 0.03425925925925926
0 0.3703125 0.7356481481481482 0.022916666666666665 0.05462962962962963
0 0.4864583333333333 0.22824074074074074 0.013541666666666667 0.03425925925925926
0 0.39869791666666665 0.43703703703703706 0.018229166666666668 0.03888888888888889
0 0.75859375 0.23842592592592593 0.0171875 0.03425925925925926
0 0.6450520833333333 0.032407407407407406 0.009895833333333333 0.02777777777777778
0 0.3921875 0.41203703703703703 0.017708333333333333 0.037037037037037035
0 0.571875 0.7643518518518518 0.022916666666666665 0.04722222222222222
0 0.6356770833333333 0.1486111111111111 0.0140625 0.028703703703703703
0 0.6255208333333333 0.1425925925925926 0.014583333333333334 0.031481481481481485
0 0.6375 0.010185185185185186 0.011458333333333333 0.020370370370370372
0 0.3609375 0.022685185185185187 0.008333333333333333 0.021296296296296296
0 0.6861979166666666 0.10277777777777779 0.009895833333333333 0.020370370370370372
0 0.7494791666666667 0.11574074074074074 0.0125 0.024074074074074074
0 0.8291666666666666 0.15324074074074073 0.011458333333333333 0.028703703703703703
0 0.8388020833333333 0.2 0.0109375 0.020370370370370372
0 0.7359375 0.250462962962963 0.014583333333333334 0.030555555555555558
0 0.6309895833333333 0.03657407407407408 0.009895833333333333 0.019444444444444445
