0 0.5098958333333333 0.12731481481481483 0.011458333333333333 0.032407407407407406
0 0.5848958333333333 0.5152777777777778 0.017708333333333333 0.04537037037037037
0 0.24635416666666665 0.4638888888888889 0.020833333333333332 0.03518518518518519
0 0.7083333333333334 0.012962962962962964 0.010416666666666666 0.024074074074074074
0 0.4518229166666667 0.9393518518518519 0.024479166666666666 0.058333333333333334
0 0.33880208333333334 0.4115740740740741 0.019270833333333334 0.032407407407407406
0 0.7059895833333333 0.1212962962962963 0.011979166666666666 0.02777777777777778
0 0.6119791666666666 0.23148148148148148 0.010416666666666666 0.031481481481481485
0 0.47604166666666664 0.5898148148148148 0.020833333333333332 0.044444444444444446
0 0.7197916666666666 0.17962962962962964 0.009375 0.02592592592592593
0 0.63203125 0.0462962962962963 0.011979166666666666 0.02962962962962963
0 0.3927083333333333 0.3976851851851852 0.016666666666666666 0.028703703703703703
0 0.5671875 0.22175925925925927 0.0125 0.032407407407407406
0 0.4 0.42453703703703705 0.01875 0.030555555555555558
0 0.6028645833333334 0.1476851851851852 0.0109375 0.030555555555555558
0 0.36953125 0.024537037037037038 0.009895833333333333 0.026851851851851852
0 0.67734375 0.08518518518518518 0.015104166666666667 0.03333333333333333
0 0.6669270833333333 0.010648148148148148 0.008854166666666666 0.017592592592592594
0 0.7296875 0.06342592592592593 0.007291666666666667 0.019444444444444445
0 0.7494791666666667 0.09444444444444444 0.011458333333333333 0.024074074074074074
0 0.7817708333333333 0.07777777777777778 0.0125 0.02592592592592593
0 0.57265625 0.7564814814814815 0.021354166666666667 0.04814814814814815
