0 0.6466145833333333 0.5041666666666667 0.019270833333333334 0.04722222222222222
0 0.5276041666666667 0.12685185185185185 0.011458333333333333 0.03333333333333333
0 0.33567708333333335 0.8305555555555556 0.025520833333333333 0.05555555555555556
0 0.49166666666666664 0.7115740740740741 0.02395833333333333 0.049074074074074076
0 0.3575520833333333 0.47731481481481486 0.022395833333333334 0.03796296296296296
0 0.6075520833333333 0.23055555555555557 0.013020833333333334 0.037037037037037035
0 0.7190104166666667 0.044444444444444446 0.0109375 0.02592592592592593
0 0.5463541666666667 0.21435185185185185 0.015625 0.03425925925925926
0 0.3966145833333333 0.42685185185185187 0.022395833333333334 0.0462962962962963
0 0.7158854166666666 0.13425925925925927 0.009895833333333333 0.02777777777777778
0 0.39088541666666665 0.40185185185185185 0.0171875 0.031481481481481485
0 0.74453125 0.01990740740740741 0.013020833333333334 0.026851851851851852
0 0.3763020833333333 0.9708333333333333 0.030729166666666665 0.05462962962962963
0 0.6872395833333333 0.08703703703703704 0.011979166666666666 0.02777777777777778
0 0.284375 0.5319444444444444 0.020833333333333332 0.04166666666666667
0 0.6065104166666666 0.24444444444444446 0.005729166666666666 0.016666666666666666
0 0.7739583333333333 0.13657407407407407 0.014583333333333334 0.036111111111111115
0 0.803125 0.11481481481481481 0.013541666666666667 0.02962962962962963
0 0.6114583333333333 0.11018518518518519 0.010416666666666666 0.02777777777777778
0 0.57109375 0.7513888888888889 0.022395833333333334 0.04166666666666667
0 0.3645833333333333 0.020370370370370372 0.011458333333333333 0.024074074074074074
0 0.7421875 0.0976851851851852 0.007291666666666667 0.01388888888888889
0 0.6588541666666666 0.09398148148148149 0.0125 0.028703703703703703
0 0.7604166666666666 0.012962962962962964 0.011458333333333333 0.020370370370370372
