0 0.5223958333333333 0.12731481481481483 0.011458333333333333 0.032407407407407406
0 0.3611979166666667 0.8476851851851852 0.024479166666666666 0.05648148148148149
0 0.6291666666666667 0.500925925925926 0.019791666666666666 0.0462962962962963
0 0.5565104166666667 0.21666666666666667 0.01614583333333333 0.03888888888888889
0 0.6096354166666667 0.22685185185185186 0.011979166666666666 0.031481481481481485
0 0.7158854166666666 0.037037037037037035 0.0109375 0.024074074074074074
0 0.71796875 0.14537037037037037 0.011979166666666666 0.02777777777777778
0 0.39869791666666665 0.42962962962962964 0.021354166666666667 0.040740740740740744
0 0.48541666666666666 0.6861111111111111 0.022916666666666665 0.0462962962962963
0 0.7692708333333333 0.12361111111111112 0.013541666666666667 0.030555555555555558
0 0.74375 0.01388888888888889 0.0125 0.024074074074074074
0 0.39166666666666666 0.40046296296296297 0.016666666666666666 0.028703703703703703
0 0.6947916666666667 0.0962962962962963 0.011458333333333333 0.02777777777777778
0 0.35052083333333334 0.46342592592592596 0.020833333333333332 0.036111111111111115
0 0.565625 0.7523148148148149 0.022916666666666665 0.04351851851851852
0 0.6635416666666667 0.08703703703703704 0.0125 0.03518518518518519
0 0.27109375 0.5199074074074074 0.018229166666666668 0.03796296296296296
0 0.7372395833333333 0.09166666666666667 0.0078125 0.016666666666666666
0 0.7986979166666667 0.10740740740740741 0.013020833333333334 0.02777777777777778
0 0.36692708333333335 0.018055555555555557 0.008854166666666666 0.017592592592592594
0 0.60703125 0.11388888888888889 0.0109375 0.024074074074074074
0 0.4075520833333333 0.9782407407407407 0.022395833333333334 0.026851851851851852
