0 0.6322916666666667 0.5013888888888889 0.019791666666666666 0.04537037037037037
0 0.5234375 0.12638888888888888 0.011458333333333333 0.032407407407407406
0 0.35703125 0.8449074074074074 0.025520833333333333 0.05462962962962963
0 0.6098958333333333 0.2263888888888889 0.0125 0.032407407407407406
0 0.7174479166666666 0.1439814814814815 0.011979166666666666 0.026851851851851852
0 0.5544270833333333 0.2162037037037037 0.018229166666666668 0.03796296296296296
0 0.7442708333333333 0.014814814814814815 0.0125 0.024074074074074074
0 0.35182291666666665 0.46435185185185185 0.0203125 0.03425925925925926
0 0.7161458333333334 0.038425925925925926 0.010416666666666666 0.025
0 0.39869791666666665 0.4305555555555556 0.021354166666666667 0.044444444444444446
0 0.3911458333333333 0.3976851851851852 0.015625 0.025
0 0.27291666666666664 0.5259259259259259 0.019791666666666666 0.0462962962962963
0 0.48671875 0.6986111111111112 0.024479166666666666 0.062037037037037036
0 0.7375 0.09444444444444444 0.008333333333333333 0.020370370370370372
0 0.565625 0.7564814814814815 0.025 0.05
0 0.6942708333333333 0.09953703703703703 0.011458333333333333 0.032407407407407406
0 0.6622395833333333 0.09490740740740741 0.013020833333333334 0.032407407407407406
0 0.7700520833333333 0.12453703703703704 0.013020833333333334 0.030555555555555558
0 0.8010416666666667 0.10694444444444445 0.014583333333333334 0.028703703703703703
0 0.3653645833333333 0.01898148148148148 0.008854166666666666 0.015740740740740743
0 0.6075520833333333 0.1125 0.009895833333333333 0.017592592592592594
0 0.4067708333333333 0.9750000000000001 0.026041666666666668 0.037037037037037035
