0 0.6473958333333333 0.5074074074074074 0.017708333333333333 0.05185185185185186
0 0.5283854166666666 0.12638888888888888 0.011979166666666666 0.032407407407407406
0 0.3234375 0.8152777777777778 0.026041666666666668 0.05462962962962963
0 0.6046875 0.22916666666666669 0.011458333333333333 0.03425925925925926
0 0.39739583333333334 0.42962962962962964 0.021875 0.0462962962962963
0 0.7138020833333333 0.12731481481481483 0.0109375 0.026851851851851852
0 0.4979166666666667 0.7300925925925926 0.022916666666666665 0.04722222222222222
0 0.7229166666666667 0.04953703703703704 0.010416666666666666 0.02314814814814815
0 0.5393229166666667 0.21203703703703705 0.0140625 0.03518518518518519
0 0.8015625 0.12592592592592594 0.015625 0.031481481481481485
0 0.68671875 0.08009259259259259 0.009895833333333333 0.026851851851851852
0 0.3598958333333333 0.49259259259259264 0.020833333333333332 0.040740740740740744
0 0.3606770833333333 0.950462962962963 0.0296875 0.05648148148148149
0 0.575 0.7555555555555555 0.022916666666666665 0.04814814814814815
0 0.39140625 0.4046296296296297 0.018229166666666668 0.037037037037037035
0 0.61171875 0.10972222222222222 0.009895833333333333 0.025
0 0.7731770833333333 0.14166666666666666 0.015104166666666667 0.03333333333333333
0 0.2903645833333333 0.5398148148148149 0.019270833333333334 0.0462962962962963
0 0.7424479166666667 0.026851851851851852 0.011979166666666666 0.02777777777777778
0 0.6825520833333333 0.006944444444444445 0.009895833333333333 0.015740740740740743
0 0.7453125 0.10416666666666667 0.00625 0.015740740740740743
0 0.3658854166666667 0.016203703703703703 0.009895833333333333 0.019444444444444445
0 0.6622395833333333 0.1050925925925926 0.008854166666666666 0.019444444444444445
0 0.65625 0.08888888888888889 0.0125 0.024074074074074074
0 0.75859375 0.019444444444444445 0.0109375 0.020370370370370372
