0 0.6184895833333334 0.46481481481481485 0.0171875 0.05
0 0.5265625 0.12638888888888888 0.0125 0.032407407407407406
0 0.30703125 0.8814814814814815 0.027604166666666666 0.053703703703703705
0 0.39921875 0.4277777777777778 0.019270833333333334 0.044444444444444446
0 0.27760416666666665 0.775462962962963 0.026041666666666668 0.05092592592592593
0 0.5994791666666667 0.2388888888888889 0.0125 0.031481481481481485
0 0.7315104166666666 0.03657407407407408 0.011979166666666666 0.026851851851851852
0 0.6755208333333333 0.06296296296296297 0.010416666666666666 0.02777777777777778
0 0.5182291666666666 0.2050925925925926 0.017708333333333333 0.049074074074074076
0 0.5255208333333333 0.7833333333333333 0.022916666666666665 0.0462962962962963
0 0.7020833333333333 0.10648148148148148 0.010416666666666666 0.02592592592592593
0 0.390625 0.4027777777777778 0.017708333333333333 0.03333333333333333
0 0.30494791666666665 0.5703703703703704 0.0203125 0.044444444444444446
0 0.36666666666666664 0.525462962962963 0.020833333333333332 0.03981481481481482
0 0.7958333333333333 0.14583333333333334 0.015625 0.032407407407407406
0 0.771875 0.1587962962962963 0.015625 0.032407407407407406
0 0.66015625 0.11435185185185186 0.011979166666666666 0.030555555555555558
0 0.64375 0.10462962962962963 0.011458333333333333 0.031481481481481485
0 0.6221354166666666 0.0912037037037037 0.0109375 0.032407407407407406
0 0.6799479166666667 0.009722222222222222 0.009895833333333333 0.019444444444444445
0 0.36432291666666666 0.01898148148148148 0.0109375 0.019444444444444445
0 0.7578125 0.030555555555555558 0.013541666666666667 0.02592592592592593
0 0.7388020833333333 0.06898148148148149 0.009895833333333333 0.019444444444444445
0 0.575 0.7611111111111112 0.027083333333333334 0.05555555555555556
