0 0.6309895833333333 0.47824074074074074 0.0171875 0.049074074074074076
0 0.29635416666666664 0.7875 0.027083333333333334 0.05277777777777778
0 0.5283854166666666 0.12638888888888888 0.011979166666666666 0.032407407407407406
0 0.5138020833333333 0.763888888888889 0.0234375 0.04814814814814815
0 0.39947916666666666 0.4291666666666667 0.019791666666666666 0.04351851851851852
0 0.5244791666666666 0.20185185185185187 0.017708333333333333 0.04814814814814815
0 0.6013020833333333 0.2337962962962963 0.013020833333333334 0.036111111111111115
0 0.7059895833333333 0.11527777777777778 0.011979166666666666 0.026851851851851852
0 0.32734375 0.8986111111111111 0.028645833333333332 0.06018518518518519
0 0.29973958333333334 0.5550925925925926 0.0203125 0.04537037037037037
0 0.36328125 0.5143518518518518 0.021354166666666667 0.03796296296296296
0 0.6802083333333333 0.07222222222222223 0.011458333333333333 0.02962962962962963
0 0.7346354166666667 0.031018518518518518 0.011979166666666666 0.026851851851851852
0 0.390625 0.4050925925925926 0.017708333333333333 0.036111111111111115
0 0.61875 0.09305555555555556 0.0125 0.028703703703703703
0 0.6479166666666667 0.09814814814814815 0.014583333333333334 0.03518518518518519
0 0.77265625 0.1550925925925926 0.015104166666666667 0.03796296296296296
0 0.7971354166666667 0.1375 0.01614583333333333 0.03425925925925926
0 0.6643229166666667 0.1087962962962963 0.013020833333333334 0.032407407407407406
0 0.6807291666666666 0.009259259259259259 0.009375 0.018518518518518517
0 0.365625 0.016203703703703703 0.011458333333333333 0.026851851851851852
0 0.7549479166666666 0.02777777777777778 0.0109375 0.020370370370370372
0 0.7325520833333333 0.0638888888888889 0.0109375 0.022222222222222223
0 0.57421875 0.7574074074074074 0.022395833333333334 0.04814814814814815
