0 0.5098958333333333 0.1287037037037037 0.011458333333333333 0.03333333333333333
0 0.5955729166666667 0.500925925925926 0.018229166666666668 0.04814814814814815
0 0.4317708333333333 0.9064814814814816 0.02395833333333333 0.05555555555555556
0 0.7114583333333333 0.01990740740740741 0.010416666666666666 0.02314814814814815
0 0.33671875 0.4217592592592593 0.0203125 0.032407407407407406
0 0.25234375 0.48240740740740745 0.0203125 0.03888888888888889
0 0.47942708333333334 0.6185185185185186 0.0203125 0.044444444444444446
0 0.6125 0.22824074074074074 0.011458333333333333 0.03425925925925926
0 0.5643229166666667 0.2199074074074074 0.01614583333333333 0.03796296296296296
0 0.7044270833333334 0.11574074074074074 0.0109375 0.02777777777777778
0 0.3924479166666667 0.40046296296296297 0.0171875 0.030555555555555558
0 0.7184895833333333 0.16990740740740742 0.0109375 0.026851851851851852
0 0.6286458333333333 0.04212962962962963 0.009375 0.028703703703703703
0 0.5684895833333333 0.7537037037037038 0.024479166666666666 0.0462962962962963
0 0.40208333333333335 0.42638888888888893 0.020833333333333332 0.036111111111111115
0 0.6705729166666666 0.08518518518518518 0.0140625 0.031481481481481485
0 0.36640625 0.020833333333333336 0.009895833333333333 0.019444444444444445
0 0.6635416666666667 0.012962962962962964 0.011458333333333333 0.020370370370370372
0 0.7328125 0.07962962962962963 0.011458333333333333 0.022222222222222223
0 0.75546875 0.10370370370370371 0.0109375 0.020370370370370372
0 0.784375 0.09027777777777778 0.011458333333333333 0.026851851851851852
0 0.5981770833333333 0.13472222222222222 0.0109375 0.026851851851851852
