0 0.6166666666666667 0.46296296296296297 0.01875 0.05
0 0.30104166666666665 0.8777777777777778 0.027083333333333334 0.053703703703703705
0 0.5260416666666666 0.12685185185185185 0.011458333333333333 0.031481481481481485
0 0.39921875 0.4300925925925926 0.019270833333333334 0.04537037037037037
0 0.7013020833333333 0.10555555555555556 0.0109375 0.02777777777777778
0 0.2739583333333333 0.7726851851851853 0.025 0.04722222222222222
0 0.7317708333333334 0.03796296296296296 0.0125 0.02777777777777778
0 0.6744791666666666 0.06296296296296297 0.010416666666666666 0.02777777777777778
0 0.5174479166666667 0.2064814814814815 0.0171875 0.04814814814814815
0 0.7955729166666666 0.14675925925925926 0.0140625 0.030555555555555558
0 0.30572916666666666 0.5736111111111112 0.021875 0.05092592592592593
0 0.52734375 0.7912037037037037 0.022395833333333334 0.05277777777777778
0 0.5979166666666667 0.23935185185185187 0.0125 0.03425925925925926
0 0.6598958333333333 0.11620370370370371 0.011458333333333333 0.028703703703703703
0 0.39140625 0.4046296296296297 0.018229166666666668 0.03518518518518519
0 0.7721354166666666 0.1625 0.0171875 0.036111111111111115
0 0.7364583333333333 0.06435185185185185 0.011458333333333333 0.028703703703703703
0 0.6432291666666666 0.1050925925925926 0.0125 0.030555555555555558
0 0.3677083333333333 0.5282407407407408 0.019791666666666666 0.03796296296296296
0 0.7559895833333333 0.024537037037037038 0.01614583333333333 0.03796296296296296
0 0.6796875 0.009722222222222222 0.010416666666666666 0.019444444444444445
0 0.6231770833333333 0.09398148148148149 0.011979166666666666 0.032407407407407406
0 0.3645833333333333 0.016203703703703703 0.0125 0.019444444444444445
0 0.5708333333333333 0.7486111111111111 0.017708333333333333 0.03981481481481482
