0 0.29921875 0.7907407407407407 0.027604166666666666 0.05555555555555556
0 0.63359375 0.48194444444444445 0.018229166666666668 0.049074074074074076
0 0.5283854166666666 0.12638888888888888 0.011979166666666666 0.032407407407407406
0 0.7065104166666667 0.11666666666666667 0.011979166666666666 0.02777777777777778
0 0.5119791666666667 0.7615740740740741 0.02395833333333333 0.05092592592592593
0 0.33125 0.900462962962963 0.026041666666666668 0.05092592592592593
0 0.6010416666666667 0.2337962962962963 0.013541666666666667 0.03425925925925926
0 0.3984375 0.4277777777777778 0.019791666666666666 0.04259259259259259
0 0.5255208333333333 0.20231481481481484 0.017708333333333333 0.04166666666666667
0 0.3619791666666667 0.5111111111111112 0.020833333333333332 0.03888888888888889
0 0.2989583333333333 0.5546296296296297 0.01875 0.04259259259259259
0 0.6802083333333333 0.07268518518518519 0.011458333333333333 0.028703703703703703
0 0.7356770833333334 0.03194444444444445 0.011979166666666666 0.026851851851851852
0 0.79765625 0.13611111111111113 0.015104166666666667 0.03333333333333333
0 0.6489583333333333 0.09861111111111112 0.014583333333333334 0.03425925925925926
0 0.3911458333333333 0.40046296296296297 0.017708333333333333 0.028703703703703703
0 0.6807291666666666 0.008796296296296297 0.009375 0.017592592592592594
0 0.615625 0.10138888888888889 0.010416666666666666 0.02314814814814815
0 0.7723958333333333 0.15 0.015625 0.03333333333333333
0 0.3658854166666667 0.018055555555555557 0.009895833333333333 0.019444444444444445
0 0.7559895833333333 0.02638888888888889 0.009895833333333333 0.017592592592592594
0 0.7294270833333333 0.06064814814814815 0.008854166666666666 0.01388888888888889
0 0.5723958333333333 0.7597222222222223 0.027083333333333334 0.049074074074074076
0 0.6638020833333333 0.10925925925925926 0.0078125 0.020370370370370372
