0 0.5278645833333333 0.12638888888888888 0.011979166666666666 0.03425925925925926
0 0.6479166666666667 0.5060185185185185 0.017708333333333333 0.04722222222222222
0 0.3328125 0.8268518518518518 0.027083333333333334 0.05555555555555556
0 0.6057291666666667 0.23101851851851854 0.0125 0.03425925925925926
0 0.49244791666666665 0.7166666666666667 0.0234375 0.05
0 0.3966145833333333 0.42685185185185187 0.021354166666666667 0.044444444444444446
0 0.2859375 0.5347222222222222 0.020833333333333332 0.04537037037037037
0 0.3580729166666667 0.4810185185185185 0.021354166666666667 0.03796296296296296
0 0.7153645833333333 0.1300925925925926 0.0109375 0.028703703703703703
0 0.6872395833333333 0.08287037037037037 0.009895833333333333 0.028703703703703703
0 0.7197916666666666 0.04537037037037037 0.010416666666666666 0.024074074074074074
0 0.5427083333333333 0.21203703703703705 0.015625 0.03888888888888889
0 0.61171875 0.10972222222222222 0.0109375 0.026851851851851852
0 0.3716145833333333 0.9657407407407408 0.030729166666666665 0.05555555555555556
0 0.39088541666666665 0.40185185185185185 0.0171875 0.031481481481481485
0 0.7440104166666667 0.02314814814814815 0.013020833333333334 0.02962962962962963
0 0.7734375 0.13657407407407407 0.015625 0.036111111111111115
0 0.5723958333333333 0.7537037037037038 0.022916666666666665 0.044444444444444446
0 0.8039062499999999 0.12037037037037038 0.01614583333333333 0.031481481481481485
0 0.7447916666666666 0.09814814814814815 0.007291666666666667 0.016666666666666666
0 0.3671875 0.019444444444444445 0.0125 0.022222222222222223
0 0.6598958333333333 0.09814814814814815 0.0125 0.020370370370370372
0 0.7598958333333333 0.015277777777777779 0.0125 0.026851851851851852
