0 0.6283854166666667 0.475462962962963 0.018229166666666668 0.049074074074074076
0 0.528125 0.12731481481481483 0.0125 0.032407407407407406
0 0.29244791666666664 0.7837962962962963 0.025520833333333333 0.05277777777777778
0 0.7052083333333333 0.11296296296296297 0.011458333333333333 0.02777777777777778
0 0.5153645833333333 0.7662037037037037 0.022395833333333334 0.04537037037037037
0 0.52421875 0.20370370370370372 0.018229166666666668 0.04814814814814815
0 0.3234375 0.8953703703703704 0.028125 0.061111111111111116
0 0.39869791666666665 0.4273148148148148 0.0203125 0.04351851851851852
0 0.30078125 0.5583333333333333 0.021354166666666667 0.04259259259259259
0 0.6015625 0.23703703703703705 0.011458333333333333 0.03518518518518519
0 0.6796875 0.07037037037037037 0.010416666666666666 0.02962962962962963
0 0.6184895833333334 0.09398148148148149 0.0109375 0.030555555555555558
0 0.3638020833333333 0.5171296296296296 0.0203125 0.03981481481481482
0 0.6484375 0.09953703703703703 0.013541666666666667 0.032407407407407406
0 0.39140625 0.4046296296296297 0.018229166666666668 0.03518518518518519
0 0.7731770833333333 0.15555555555555556 0.01614583333333333 0.037037037037037035
0 0.7338541666666667 0.03333333333333333 0.011458333333333333 0.02777777777777778
0 0.6635416666666667 0.1125 0.013541666666666667 0.032407407407407406
0 0.7552083333333334 0.02592592592592593 0.011458333333333333 0.024074074074074074
0 0.7325520833333333 0.06435185185185185 0.0078125 0.017592592592592594
0 0.7984375 0.13796296296296298 0.0125 0.024074074074074074
0 0.6809895833333334 0.007870370370370371 0.009895833333333333 0.015740740740740743
0 0.3658854166666667 0.016203703703703703 0.009895833333333333 0.019444444444444445
0 0.5708333333333333 0.7527777777777778 0.02395833333333333 0.044444444444444446
