0 0.42994791666666665 0.5023148148148149 0.0203125 0.04351851851851852
0 0.6067708333333334 0.1537037037037037 0.013541666666666667 0.03333333333333333
0 0.7903645833333334 0.5550925925925926 0.024479166666666666 0.049074074074074076
0 0.6971354166666667 0.04722222222222222 0.0109375 0.024074074074074074
0 0.5919270833333333 0.4902777777777778 0.0203125 0.04166666666666667
0 0.6489583333333333 0.034722222222222224 0.0125 0.030555555555555558
0 0.6572916666666666 0.5657407407407408 0.021875 0.04259259259259259
0 0.7598958333333333 0.5916666666666667 0.026041666666666668 0.05185185185185186
0 0.01614583333333333 0.5143518518518518 0.022916666666666665 0.05462962962962963
0 0.875 0.35694444444444445 0.016666666666666666 0.036111111111111115
0 0.8513020833333333 0.2574074074074074 0.013020833333333334 0.03333333333333333
0 0.57265625 0.16527777777777777 0.011979166666666666 0.032407407407407406
0 0.15026041666666667 0.3037037037037037 0.018229166666666668 0.03518518518518519
0 0.16744791666666667 0.05185185185185186 0.015104166666666667 0.02777777777777778
0 0.7796875 0.8898148148148148 0.027083333333333334 0.05925925925925926
0 0.9307291666666666 0.3143518518518519 0.0125 0.026851851851851852
0 0.8427083333333333 0.39861111111111114 0.01875 0.03425925925925926
0 0.6768229166666666 0.016666666666666666 0.011979166666666666 0.02777777777777778
0 0.7361979166666667 0.9282407407407408 0.027604166666666666 0.058333333333333334
0 0.17942708333333332 0.06481481481481481 0.0140625 0.02777777777777778
0 0.240625 0.02638888888888889 0.0125 0.028703703703703703
0 0.8833333333333333 0.23796296296296296 0.009375 0.02777777777777778
0 0.66640625 0.059722222222222225 0.015104166666666667 0.030555555555555558
0 0.73828125 0.05740740740740741 0.0171875 0.031481481481481485
0 0.20963541666666666 0.38287037037037036 0.0109375 0.017592592592592594
0 0.13802083333333334 0.3462962962962963 0.0125 0.020370370370370372
