0 0.6205729166666667 0.6680555555555556 0.0234375 0.04351851851851852
0 0.3802083333333333 0.4138888888888889 0.016666666666666666 0.040740740740740744
0 0.7916666666666666 0.5638888888888889 0.022916666666666665 0.05
0 0.7158854166666666 0.7537037037037038 0.0234375 0.05
0 0.6140625 0.10740740740740741 0.0125 0.031481481481481485
0 0.5880208333333333 0.11388888888888889 0.011458333333333333 0.02962962962962963
0 0.7645833333333333 0.5902777777777778 0.02395833333333333 0.04722222222222222
0 0.6549479166666666 0.08472222222222223 0.013020833333333334 0.030555555555555558
0 0.1890625 0.08333333333333334 0.013541666666666667 0.02777777777777778
0 0.24010416666666667 0.030092592592592594 0.011458333333333333 0.026851851851851852
0 0.009114583333333334 0.22685185185185186 0.018229166666666668 0.04259259259259259
0 0.9718749999999999 0.4981481481481482 0.021875 0.044444444444444446
0 0.796875 0.18888888888888888 0.013541666666666667 0.03518518518518519
0 0.8195312499999999 0.16574074074074074 0.013020833333333334 0.02962962962962963
0 0.9367187499999999 0.5402777777777777 0.0203125 0.04351851851851852
0 0.16875 0.05601851851851852 0.015625 0.028703703703703703
0 0.6997395833333333 0.08425925925925926 0.0109375 0.024074074074074074
0 0.8927083333333333 0.23148148148148148 0.014583333333333334 0.03333333333333333
0 0.6703125 0.046759259259259264 0.011458333333333333 0.026851851851851852
0 0.7770833333333333 0.10601851851851853 0.015625 0.030555555555555558
0 0.6807291666666666 0.10925925925925926 0.014583333333333334 0.020370370370370372
0 0.06927083333333334 0.42962962962962964 0.013541666666666667 0.022222222222222223
