0 0.6557291666666667 0.8203703703703704 0.026041666666666668 0.04814814814814815
0 0.35130208333333335 0.35370370370370374 0.015104166666666667 0.037037037037037035
0 0.7786458333333334 0.9236111111111112 0.025 0.05277777777777778
0 0.7888020833333333 0.5648148148148149 0.0234375 0.05
0 0.7580729166666667 0.15972222222222224 0.013020833333333334 0.030555555555555558
0 0.6458333333333334 0.12037037037037038 0.014583333333333334 0.03518518518518519
0 0.70703125 0.12824074074074074 0.011979166666666666 0.025
0 0.24036458333333333 0.031018518518518518 0.0109375 0.025
0 0.7658854166666667 0.5921296296296297 0.025520833333333333 0.049074074074074076
0 0.6044270833333333 0.08564814814814815 0.0109375 0.028703703703703703
0 0.6328125 0.08425925925925926 0.011458333333333333 0.03333333333333333
0 0.7794270833333333 0.12314814814814816 0.013020833333333334 0.02962962962962963
0 0.16953125 0.05925925925925926 0.015104166666666667 0.02777777777777778
0 0.0296875 0.2351851851851852 0.016666666666666666 0.02962962962962963
0 0.18177083333333333 0.07546296296296297 0.015625 0.028703703703703703
0 0.6755208333333333 0.07962962962962963 0.013541666666666667 0.02592592592592593
0 0.6635416666666667 0.15555555555555556 0.014583333333333334 0.040740740740740744
0 0.8677083333333333 0.17407407407407408 0.0125 0.02592592592592593
0 0.8083333333333333 0.1375 0.007291666666666667 0.019444444444444445
