0 0.6729166666666666 0.6111111111111112 0.020833333333333332 0.044444444444444446
0 0.037760416666666664 0.48842592592592593 0.024479166666666666 0.05277777777777778
0 0.7901041666666666 0.5592592592592592 0.022916666666666665 0.05
0 0.7596354166666667 0.5851851851851853 0.024479166666666666 0.04814814814814815
0 0.5979166666666667 0.538425925925926 0.021875 0.04166666666666667
0 0.41510416666666666 0.47731481481481486 0.017708333333333333 0.04351851851851852
0 0.6119791666666666 0.1425925925925926 0.011458333333333333 0.03518518518518519
0 0.69765625 0.05462962962962963 0.009895833333333333 0.022222222222222223
0 0.65390625 0.04583333333333334 0.0140625 0.032407407407407406
0 0.8348958333333333 0.23611111111111113 0.014583333333333334 0.03333333333333333
0 0.24010416666666667 0.028240740740740743 0.013541666666666667 0.026851851851851852
0 0.5752604166666666 0.1476851851851852 0.0109375 0.028703703703703703
0 0.09375 0.34305555555555556 0.022916666666666665 0.03981481481481482
0 0.8742187499999999 0.4310185185185185 0.018229166666666668 0.036111111111111115
0 0.7393229166666666 0.07037037037037037 0.0140625 0.02592592592592593
0 0.10494791666666667 0.3180555555555556 0.021354166666666667 0.03796296296296296
0 0.896875 0.3995370370370371 0.019791666666666666 0.036111111111111115
0 0.9161458333333333 0.2902777777777778 0.016666666666666666 0.036111111111111115
0 0.16770833333333332 0.05277777777777778 0.013541666666666667 0.02777777777777778
0 0.8640625 0.2162037037037037 0.014583333333333334 0.030555555555555558
0 0.6763020833333333 0.07175925925925926 0.015104166666666667 0.028703703703703703
0 0.6770833333333334 0.024074074074074074 0.01875 0.02592592592592593
0 0.7940104166666666 0.9574074074074075 0.028645833333333332 0.05555555555555556
0 0.18307291666666667 0.06574074074074074 0.009895833333333333 0.02592592592592593
0 0.17135416666666667 0.3976851851851852 0.011458333333333333 0.015740740740740743
