0 0.3619791666666667 0.3675925925925926 0.015625 0.037037037037037035
0 0.7627604166666666 0.8810185185185185 0.0265625 0.05092592592592593
0 0.7888020833333333 0.5643518518518519 0.0234375 0.05092592592592593
0 0.6463541666666667 0.7837962962962963 0.026041666666666668 0.05092592592592593
0 0.703125 0.12314814814814816 0.011458333333333333 0.02592592592592593
0 0.59921875 0.0925925925925926 0.011979166666666666 0.02777777777777778
0 0.6341145833333334 0.08935185185185185 0.013020833333333334 0.030555555555555558
0 0.76484375 0.5907407407407408 0.0234375 0.0462962962962963
0 0.6489583333333333 0.11203703703703705 0.014583333333333334 0.03333333333333333
0 0.7893229166666667 0.1328703703703704 0.0140625 0.030555555555555558
0 0.0265625 0.23287037037037037 0.022916666666666665 0.036111111111111115
0 0.16927083333333334 0.0587962962962963 0.014583333333333334 0.026851851851851852
0 0.23984375 0.031018518518518518 0.0109375 0.026851851851851852
0 0.7640625 0.16944444444444445 0.013541666666666667 0.031481481481481485
0 0.8703124999999999 0.18703703703703706 0.014583333333333334 0.03333333333333333
0 0.6729166666666666 0.07222222222222223 0.013541666666666667 0.02777777777777778
0 0.6645833333333333 0.14027777777777778 0.013541666666666667 0.032407407407407406
0 0.18255208333333334 0.07453703703703704 0.015104166666666667 0.025
0 0.9908854166666666 0.638425925925926 0.021354166666666667 0.062037037037037036
0 0.8036458333333333 0.12824074074074074 0.013541666666666667 0.026851851851851852
