0 0.7208333333333333 0.774537037037037 0.022916666666666665 0.05277777777777778
0 0.3763020833333333 0.4064814814814815 0.01614583333333333 0.03888888888888889
0 0.62734375 0.6870370370370371 0.025520833333333333 0.0462962962962963
0 0.7911458333333333 0.5638888888888889 0.022916666666666665 0.05
0 0.7658854166666667 0.5898148148148148 0.0234375 0.0462962962962963
0 0.5893229166666667 0.11018518518518519 0.011979166666666666 0.02777777777777778
0 0.6169270833333333 0.10416666666666667 0.013020833333333334 0.032407407407407406
0 0.9776041666666666 0.513425925925926 0.020833333333333332 0.04351851851851852
0 0.18828125 0.08287037037037037 0.013020833333333334 0.028703703703703703
0 0.6526041666666667 0.08796296296296297 0.013541666666666667 0.03333333333333333
0 0.16901041666666666 0.05787037037037037 0.015104166666666667 0.030555555555555558
0 0.8143229166666667 0.16203703703703703 0.013020833333333334 0.02777777777777778
0 0.23932291666666666 0.02962962962962963 0.011979166666666666 0.02777777777777778
0 0.011197916666666667 0.22592592592592595 0.018229166666666668 0.044444444444444446
0 0.7919270833333333 0.1837962962962963 0.0140625 0.030555555555555558
0 0.6708333333333333 0.049074074074074076 0.013541666666666667 0.02592592592592593
0 0.9497395833333333 0.5518518518518519 0.0203125 0.04814814814814815
0 0.7799479166666666 0.1087962962962963 0.0109375 0.026851851851851852
0 0.69765625 0.0912037037037037 0.009895833333333333 0.019444444444444445
0 0.6817708333333333 0.11203703703703705 0.011458333333333333 0.02592592592592593
0 0.88515625 0.23055555555555557 0.015104166666666667 0.031481481481481485
0 0.05546875 0.4328703703703704 0.0109375 0.019444444444444445
