0 0.334375 0.3189814814814815 0.015625 0.03796296296296296
0 0.73984375 0.13333333333333333 0.013020833333333334 0.02962962962962963
0 0.7856770833333333 0.5611111111111111 0.025520833333333333 0.05
0 0.6065104166666666 0.06898148148148149 0.0109375 0.026851851851851852
0 0.7138020833333333 0.15787037037037038 0.011979166666666666 0.026851851851851852
0 0.7635416666666667 0.5925925925925926 0.028125 0.04814814814814815
0 0.2421875 0.030092592592592594 0.011458333333333333 0.026851851851851852
0 0.7640625 0.10462962962962963 0.014583333333333334 0.031481481481481485
0 0.63671875 0.0638888888888889 0.0109375 0.031481481481481485
0 0.6338541666666666 0.1425925925925926 0.015625 0.03518518518518519
0 0.6828125 0.9296296296296297 0.028125 0.05555555555555556
0 0.03333333333333333 0.24583333333333335 0.020833333333333332 0.03796296296296296
0 0.83671875 0.14027777777777778 0.0140625 0.032407407407407406
0 0.18098958333333334 0.07777777777777778 0.01614583333333333 0.031481481481481485
0 0.1703125 0.05925925925925926 0.014583333333333334 0.02777777777777778
0 0.6796875 0.10833333333333334 0.0125 0.02777777777777778
0 0.6611979166666666 0.1726851851851852 0.015104166666666667 0.028703703703703703
0 0.8010416666666667 0.16203703703703703 0.013541666666666667 0.024074074074074074
