0 0.026302083333333334 0.5060185185185185 0.0234375 0.05092592592592593
0 0.5932291666666667 0.5087962962962963 0.021875 0.04166666666666667
0 0.66484375 0.5865740740740741 0.021354166666666667 0.04537037037037037
0 0.4223958333333333 0.48888888888888893 0.019791666666666666 0.04259259259259259
0 0.7903645833333334 0.5555555555555556 0.024479166666666666 0.05
0 0.7604166666666666 0.587962962962963 0.025 0.0462962962962963
0 0.6075520833333333 0.1476851851851852 0.0140625 0.036111111111111115
0 0.6510416666666666 0.03935185185185185 0.013541666666666667 0.030555555555555558
0 0.8471354166666667 0.24444444444444446 0.0140625 0.031481481481481485
0 0.6981770833333333 0.04861111111111111 0.009895833333333333 0.02314814814814815
0 0.13125 0.312962962962963 0.019791666666666666 0.03888888888888889
0 0.575 0.15555555555555556 0.010416666666666666 0.02777777777777778
0 0.8864583333333333 0.37453703703703706 0.016666666666666666 0.036111111111111115
0 0.12343749999999999 0.34444444444444444 0.019791666666666666 0.037037037037037035
0 0.7856770833333333 0.9106481481481482 0.03177083333333333 0.05648148148148149
0 0.67578125 0.018518518518518517 0.0109375 0.02777777777777778
0 0.16770833333333332 0.05185185185185186 0.014583333333333334 0.02777777777777778
0 0.9270833333333334 0.30462962962962964 0.013541666666666667 0.02592592592592593
0 0.7375 0.05648148148148149 0.0125 0.024074074074074074
0 0.240625 0.02638888888888889 0.011458333333333333 0.026851851851851852
0 0.7442708333333333 0.9546296296296297 0.029166666666666667 0.061111111111111116
0 0.17994791666666665 0.06527777777777778 0.015104166666666667 0.028703703703703703
0 0.8744791666666667 0.23425925925925928 0.0125 0.02592592592592593
0 0.8549479166666667 0.41250000000000003 0.01614583333333333 0.026851851851851852
0 0.6708333333333333 0.0587962962962963 0.013541666666666667 0.028703703703703703
0 0.19296875 0.38657407407407407 0.009895833333333333 0.015740740740740743
