0 0.653125 0.8152777777777778 0.025 0.05092592592592593
0 0.35260416666666666 0.35694444444444445 0.015625 0.036111111111111115
0 0.7885416666666667 0.5643518518518519 0.022916666666666665 0.049074074074074076
0 0.60390625 0.08703703703703704 0.0109375 0.02962962962962963
0 0.24010416666666667 0.031481481481481485 0.011458333333333333 0.02592592592592593
0 0.7770833333333333 0.9171296296296296 0.025 0.049074074074074076
0 0.63359375 0.08518518518518518 0.013020833333333334 0.031481481481481485
0 0.7072916666666667 0.1277777777777778 0.011458333333333333 0.02592592592592593
0 0.75859375 0.16296296296296298 0.011979166666666666 0.02962962962962963
0 0.6466145833333333 0.11898148148148148 0.0140625 0.036111111111111115
0 0.76640625 0.5916666666666667 0.025520833333333333 0.05
0 0.029947916666666668 0.23842592592592593 0.018229166666666668 0.03796296296296296
0 0.78046875 0.12314814814814816 0.013020833333333334 0.031481481481481485
0 0.8661458333333333 0.17407407407407408 0.015625 0.03518518518518519
0 0.6625 0.1462962962962963 0.014583333333333334 0.03333333333333333
0 0.16953125 0.0587962962962963 0.0140625 0.026851851851851852
0 0.6747395833333333 0.07777777777777778 0.013020833333333334 0.02777777777777778
0 0.18203125 0.07592592592592592 0.015104166666666667 0.02777777777777778
0 0.8091145833333333 0.14351851851851852 0.01614583333333333 0.031481481481481485
