0 0.033854166666666664 0.4967592592592593 0.02395833333333333 0.06018518518518519
0 0.6692708333333334 0.5995370370370371 0.021875 0.04351851851851852
0 0.5953125 0.5268518518518519 0.022916666666666665 0.04259259259259259
0 0.6096354166666667 0.14583333333333334 0.013020833333333334 0.036111111111111115
0 0.7598958333333333 0.587037037037037 0.026041666666666668 0.05
0 0.41796875 0.48333333333333334 0.018229166666666668 0.04259259259259259
0 0.7901041666666666 0.5574074074074075 0.022916666666666665 0.04814814814814815
0 0.6526041666666667 0.04351851851851852 0.0125 0.031481481481481485
0 0.6984375 0.05092592592592593 0.010416666666666666 0.022222222222222223
0 0.83984375 0.23981481481481481 0.015104166666666667 0.03518518518518519
0 0.23984375 0.02777777777777778 0.0140625 0.02777777777777778
0 0.10651041666666666 0.3421296296296296 0.021354166666666667 0.03796296296296296
0 0.5752604166666666 0.15092592592592594 0.0109375 0.02962962962962963
0 0.11562499999999999 0.31157407407407406 0.019791666666666666 0.036111111111111115
0 0.9216145833333333 0.2962962962962963 0.0140625 0.03518518518518519
0 0.8666666666666667 0.4226851851851852 0.016666666666666666 0.036111111111111115
0 0.8700520833333333 0.22222222222222224 0.009895833333333333 0.02962962962962963
0 0.16796875 0.053703703703703705 0.015104166666666667 0.02962962962962963
0 0.671875 0.06064814814814815 0.0125 0.028703703703703703
0 0.17942708333333332 0.06481481481481481 0.0140625 0.02592592592592593
0 0.7924479166666667 0.9412037037037038 0.030729166666666665 0.06759259259259259
0 0.73984375 0.07083333333333333 0.0171875 0.030555555555555558
0 0.6744791666666666 0.014814814814814815 0.011458333333333333 0.024074074074074074
0 0.89453125 0.38981481481481484 0.01614583333333333 0.044444444444444446
0 0.7486979166666666 0.976388888888889 0.0234375 0.03981481481481482
0 0.17994791666666665 0.3939814814814815 0.008854166666666666 0.017592592592592594
