0 0.65234375 0.8087962962962963 0.025520833333333333 0.049074074074074076
0 0.3541666666666667 0.3601851851851852 0.015625 0.03888888888888889
0 0.78828125 0.5643518518518519 0.0234375 0.049074074074074076
0 0.7752604166666667 0.9115740740740741 0.024479166666666666 0.05277777777777778
0 0.634375 0.08518518518518518 0.013541666666666667 0.031481481481481485
0 0.6033854166666667 0.08750000000000001 0.0109375 0.028703703703703703
0 0.23958333333333334 0.031481481481481485 0.011458333333333333 0.02592592592592593
0 0.70625 0.12638888888888888 0.011458333333333333 0.025
0 0.7658854166666667 0.5902777777777778 0.025520833333333333 0.049074074074074076
0 0.7591145833333334 0.1625 0.013020833333333334 0.030555555555555558
0 0.6473958333333333 0.11712962962962964 0.014583333333333334 0.036111111111111115
0 0.6739583333333333 0.07546296296296297 0.013541666666666667 0.026851851851851852
0 0.8671875 0.17731481481481481 0.015625 0.03425925925925926
0 0.030729166666666665 0.23611111111111113 0.017708333333333333 0.03518518518518519
0 0.7815104166666667 0.12268518518518519 0.015104166666666667 0.032407407407407406
0 0.16901041666666666 0.058333333333333334 0.0140625 0.02777777777777778
0 0.6627604166666666 0.1449074074074074 0.013020833333333334 0.030555555555555558
0 0.8083333333333333 0.14212962962962963 0.0125 0.019444444444444445
0 0.18359375 0.07824074074074075 0.0109375 0.019444444444444445
