0 0.48463541666666665 0.5925925925925926 0.0203125 0.044444444444444446
0 0.7848958333333333 0.5504629629629629 0.025 0.04537037037037037
0 0.6106770833333334 0.20833333333333334 0.0140625 0.037037037037037035
0 0.7552083333333334 0.587962962962963 0.026041666666666668 0.04259259259259259
0 0.2739583333333333 0.2740740740740741 0.01875 0.040740740740740744
0 0.5729166666666666 0.22037037037037038 0.013541666666666667 0.037037037037037035
0 0.9510416666666667 0.39722222222222225 0.020833333333333332 0.04814814814814815
0 0.6263020833333334 0.43703703703703706 0.019270833333333334 0.040740740740740744
0 0.8140625 0.2662037037037037 0.015625 0.03425925925925926
0 0.6760416666666667 0.7361111111111112 0.02395833333333333 0.05185185185185186
0 0.8880208333333334 0.3314814814814815 0.016666666666666666 0.03333333333333333
0 0.7127604166666667 0.7277777777777779 0.0265625 0.06851851851851852
0 0.7013020833333333 0.022685185185185187 0.009895833333333333 0.02314814814814815
0 0.5989583333333334 0.3851851851851852 0.01875 0.040740740740740744
0 0.18697916666666667 0.0763888888888889 0.0125 0.026851851851851852
0 0.63125 0.015740740740740743 0.0125 0.02592592592592593
0 0.23880208333333333 0.02638888888888889 0.0109375 0.026851851851851852
0 0.7869791666666667 0.2986111111111111 0.014583333333333334 0.032407407407407406
0 0.9208333333333333 0.3101851851851852 0.014583333333333334 0.02962962962962963
0 0.73671875 0.01898148148148148 0.0109375 0.015740740740740743
0 0.1640625 0.052314814814814814 0.014583333333333334 0.030555555555555558
0 0.32005208333333335 0.3550925925925926 0.009895833333333333 0.015740740740740743
0 0.26901041666666664 0.3125 0.015104166666666667 0.026851851851851852
