0 0.4817708333333333 0.5893518518518519 0.021875 0.04722222222222222
0 0.7856770833333333 0.5509259259259259 0.025520833333333333 0.044444444444444446
0 0.7552083333333334 0.5861111111111111 0.025 0.040740740740740744
0 0.9497395833333333 0.3944444444444445 0.018229166666666668 0.0462962962962963
0 0.6119791666666666 0.20740740740740743 0.013541666666666667 0.03888888888888889
0 0.5729166666666666 0.2199074074074074 0.013541666666666667 0.036111111111111115
0 0.6260416666666666 0.4388888888888889 0.019791666666666666 0.03888888888888889
0 0.8158854166666667 0.26712962962962966 0.0171875 0.03796296296296296
0 0.27057291666666666 0.275 0.0171875 0.037037037037037035
0 0.16380208333333332 0.04953703703703704 0.0171875 0.032407407407407406
0 0.7010416666666667 0.02314814814814815 0.009375 0.022222222222222223
0 0.18645833333333334 0.075 0.013541666666666667 0.02777777777777778
0 0.6328125 0.015277777777777779 0.0125 0.025
0 0.6786458333333333 0.7402777777777778 0.026041666666666668 0.05462962962962963
0 0.8880208333333334 0.3300925925925926 0.016666666666666666 0.036111111111111115
0 0.9197916666666667 0.3050925925925926 0.013541666666666667 0.030555555555555558
0 0.23880208333333333 0.026851851851851852 0.0109375 0.02777777777777778
0 0.7880208333333333 0.30462962962962964 0.015625 0.037037037037037035
0 0.71484375 0.7319444444444445 0.025520833333333333 0.06759259259259259
0 0.5973958333333333 0.38703703703703707 0.01875 0.040740740740740744
0 0.7348958333333333 0.017592592592592594 0.010416666666666666 0.022222222222222223
0 0.2674479166666667 0.3106481481481482 0.021354166666666667 0.026851851851851852
0 0.31666666666666665 0.3578703703703704 0.0125 0.015740740740740743
