0 0.44375 0.5203703703703704 0.020833333333333332 0.044444444444444446
0 0.61171875 0.16805555555555557 0.011979166666666666 0.03425925925925926
0 0.6479166666666667 0.5305555555555556 0.020833333333333332 0.04259259259259259
0 0.5934895833333333 0.46481481481481485 0.0234375 0.040740740740740744
0 0.7901041666666666 0.5555555555555556 0.025 0.05
0 0.9294270833333333 0.3337962962962963 0.01614583333333333 0.03981481481481482
0 0.76015625 0.5884259259259259 0.0234375 0.04537037037037037
0 0.56875 0.17731481481481481 0.011458333333333333 0.030555555555555558
0 0.6453125 0.02314814814814815 0.0125 0.02962962962962963
0 0.8572916666666667 0.2712962962962963 0.015625 0.03518518518518519
0 0.6934895833333333 0.043055555555555555 0.009895833333333333 0.02314814814814815
0 0.24088541666666666 0.025462962962962965 0.011979166666666666 0.026851851851851852
0 0.8312499999999999 0.37453703703703706 0.015625 0.03796296296296296
0 0.1671875 0.052314814814814814 0.015625 0.028703703703703703
0 0.00859375 0.537962962962963 0.0171875 0.06296296296296297
0 0.178125 0.300462962962963 0.01875 0.04537037037037037
0 0.7239583333333334 0.8787037037037038 0.027083333333333334 0.053703703703703705
0 0.8578125 0.34351851851851856 0.016666666666666666 0.037037037037037035
0 0.7625 0.8574074074074074 0.029166666666666667 0.07962962962962963
0 0.17890625 0.0638888888888889 0.0140625 0.02592592592592593
0 0.7364583333333333 0.04212962962962963 0.011458333333333333 0.026851851851851852
0 0.68125 0.013425925925925926 0.0125 0.026851851851851852
0 0.6622395833333333 0.04814814814814815 0.009895833333333333 0.02592592592592593
0 0.8940104166666667 0.2523148148148148 0.015104166666666667 0.026851851851851852
0 0.23385416666666667 0.3819444444444445 0.0125 0.019444444444444445
0 0.16953125 0.3425925925925926 0.0171875 0.04259259259259259
