0 0.52265625 0.6328703703703704 0.0203125 0.04722222222222222
0 0.89140625 0.3712962962962963 0.018229166666666668 0.040740740740740744
0 0.7838541666666666 0.5509259259259259 0.026041666666666668 0.044444444444444446
0 0.6140625 0.23750000000000002 0.014583333333333334 0.03796296296296296
0 0.75546875 0.5888888888888889 0.025520833333333333 0.040740740740740744
0 0.61171875 0.3425925925925926 0.018229166666666668 0.03888888888888889
0 0.57890625 0.24722222222222223 0.011979166666666666 0.03518518518518519
0 0.9572916666666667 0.44212962962962965 0.017708333333333333 0.04537037037037037
0 0.64609375 0.6467592592592593 0.022395833333333334 0.04351851851851852
0 0.9427083333333334 0.3439814814814815 0.020833333333333332 0.036111111111111115
0 0.3307291666666667 0.28750000000000003 0.016666666666666666 0.03796296296296296
0 0.6981770833333333 0.6509259259259259 0.025520833333333333 0.06851851851851852
0 0.15703125 0.04722222222222222 0.0140625 0.02777777777777778
0 0.6346354166666667 0.3902777777777778 0.0171875 0.036111111111111115
0 0.7658854166666667 0.25972222222222224 0.0140625 0.03425925925925926
0 0.23880208333333333 0.027314814814814816 0.011979166666666666 0.026851851851851852
0 0.33567708333333335 0.2657407407407408 0.0140625 0.040740740740740744
0 0.7877604166666666 0.2263888888888889 0.015104166666666667 0.032407407407407406
0 0.1984375 0.08333333333333334 0.015625 0.02777777777777778
0 0.7059895833333333 0.010648148148148148 0.0109375 0.021296296296296296
0 0.3765625 0.337037037037037 0.011458333333333333 0.022222222222222223
