0 0.45338541666666665 0.5333333333333333 0.021354166666666667 0.0462962962962963
0 0.64375 0.5115740740740741 0.020833333333333332 0.04351851851851852
0 0.59375 0.44351851851851853 0.021875 0.03888888888888889
0 0.7895833333333333 0.5564814814814815 0.022916666666666665 0.0462962962962963
0 0.6174479166666667 0.17546296296296296 0.013020833333333334 0.032407407407407406
0 0.5682291666666667 0.18842592592592594 0.0125 0.03425925925925926
0 0.9299479166666667 0.34490740740740744 0.018229166666666668 0.04537037037037037
0 0.7598958333333333 0.5884259259259259 0.022916666666666665 0.04537037037037037
0 0.6924479166666666 0.03981481481481482 0.008854166666666666 0.024074074074074074
0 0.19921875 0.29583333333333334 0.019270833333333334 0.03796296296296296
0 0.6388020833333333 0.01712962962962963 0.011979166666666666 0.030555555555555558
0 0.82109375 0.3601851851851852 0.015104166666666667 0.03333333333333333
0 0.7169270833333333 0.8467592592592593 0.0265625 0.062037037037037036
0 0.86796875 0.2865740740740741 0.011979166666666666 0.030555555555555558
0 0.24010416666666667 0.026851851851851852 0.010416666666666666 0.02777777777777778
0 0.75 0.8430555555555556 0.03333333333333333 0.10092592592592593
0 0.16614583333333333 0.051388888888888894 0.013541666666666667 0.026851851851851852
0 0.19088541666666667 0.32453703703703707 0.019270833333333334 0.036111111111111115
0 0.178125 0.06435185185185185 0.013541666666666667 0.026851851851851852
0 0.6557291666666667 0.03657407407407408 0.0125 0.028703703703703703
0 0.00546875 0.5569444444444445 0.0109375 0.05277777777777778
0 0.9005208333333333 0.2606481481481482 0.011458333333333333 0.028703703703703703
0 0.67578125 0.01388888888888889 0.0109375 0.022222222222222223
0 0.7333333333333333 0.03194444444444445 0.0125 0.019444444444444445
0 0.8432291666666667 0.32453703703703707 0.0125 0.03796296296296296
0 0.25234375 0.37453703703703706 0.0109375 0.01388888888888889
