0 0.7859375 0.5532407407407408 0.025 0.04537037037037037
0 0.4666666666666667 0.5689814814814815 0.022916666666666665 0.049074074074074076
0 0.6325520833333333 0.47175925925925927 0.019270833333333334 0.03796296296296296
0 0.61953125 0.19166666666666668 0.0109375 0.03333333333333333
0 0.94140625 0.3787037037037037 0.019270833333333334 0.0462962962962963
0 0.5723958333333333 0.20416666666666666 0.0125 0.03425925925925926
0 0.69765625 0.03194444444444445 0.009895833333333333 0.02314814814814815
0 0.8265625 0.2925925925925926 0.016666666666666666 0.03518518518518519
0 0.59375 0.40972222222222227 0.019791666666666666 0.03981481481481482
0 0.240625 0.28703703703703703 0.01875 0.04259259259259259
0 0.7572916666666667 0.5888888888888889 0.025 0.0462962962962963
0 0.884375 0.3092592592592593 0.014583333333333334 0.03333333333333333
0 0.8020833333333334 0.3277777777777778 0.016666666666666666 0.04259259259259259
0 0.6205729166666667 0.011111111111111112 0.011979166666666666 0.022222222222222223
0 0.23958333333333334 0.02777777777777778 0.011458333333333333 0.02962962962962963
0 0.696875 0.7828703703703704 0.028125 0.0638888888888889
0 0.6453125 0.02361111111111111 0.011458333333333333 0.025
0 0.9083333333333333 0.2865740740740741 0.0125 0.028703703703703703
0 0.17942708333333332 0.06944444444444445 0.0171875 0.03333333333333333
0 0.7354166666666666 0.028240740740740743 0.011458333333333333 0.017592592592592594
0 0.16666666666666666 0.050462962962962966 0.0125 0.026851851851851852
0 0.290625 0.3592592592592593 0.005208333333333333 0.011111111111111112
0 0.73125 0.7625000000000001 0.025 0.06018518518518519
0 0.23333333333333334 0.32407407407407407 0.020833333333333332 0.037037037037037035
