0 0.50234375 0.611574074074074 0.022395833333333334 0.049074074074074076
0 0.5755208333333334 0.2337962962962963 0.013541666666666667 0.036111111111111115
0 0.7841145833333333 0.5504629629629629 0.025520833333333333 0.04351851851851852
0 0.6088541666666667 0.22175925925925927 0.014583333333333334 0.03796296296296296
0 0.93359375 0.32731481481481484 0.0171875 0.03425925925925926
0 0.75546875 0.5875 0.025520833333333333 0.04166666666666667
0 0.6567708333333333 0.6847222222222222 0.022916666666666665 0.04351851851851852
0 0.8888020833333333 0.34953703703703703 0.018229166666666668 0.036111111111111115
0 0.9510416666666667 0.4240740740740741 0.020833333333333332 0.05185185185185186
0 0.7981770833333334 0.2490740740740741 0.015104166666666667 0.03333333333333333
0 0.6296875 0.41064814814814815 0.017708333333333333 0.03796296296296296
0 0.30442708333333335 0.27314814814814814 0.01614583333333333 0.03888888888888889
0 0.7768229166666667 0.2847222222222222 0.0140625 0.03425925925925926
0 0.60703125 0.36342592592592593 0.0171875 0.04537037037037037
0 0.7020833333333333 0.6865740740740741 0.029166666666666667 0.06759259259259259
0 0.23880208333333333 0.02638888888888889 0.0109375 0.026851851851851852
0 0.15911458333333334 0.04953703703703704 0.015104166666666667 0.028703703703703703
0 0.70234375 0.016666666666666666 0.009895833333333333 0.022222222222222223
0 0.19375 0.08333333333333334 0.014583333333333334 0.02962962962962963
0 0.73203125 0.013425925925925926 0.009895833333333333 0.01388888888888889
0 0.6190104166666667 0.009259259259259259 0.0078125 0.012962962962962964
0 0.3502604166666667 0.34675925925925927 0.0109375 0.019444444444444445
0 0.3033854166666667 0.3050925925925926 0.01614583333333333 0.026851851851851852
