0 0.47890625 0.7023148148148148 0.0234375 0.05092592592592593
0 0.40729166666666666 0.4416666666666667 0.01875 0.03888888888888889
0 0.13723958333333333 0.45416666666666666 0.0171875 0.03796296296296296
0 0.503125 0.6694444444444445 0.022916666666666665 0.04814814814814815
0 0.253125 0.32407407407407407 0.013541666666666667 0.03518518518518519
0 0.6723958333333333 0.4763888888888889 0.017708333333333333 0.03425925925925926
0 0.15989583333333332 0.3 0.016666666666666666 0.031481481481481485
0 0.209375 0.4393518518518519 0.017708333333333333 0.036111111111111115
0 0.56796875 0.7074074074074075 0.025520833333333333 0.05
0 0.9822916666666667 0.525 0.020833333333333332 0.03888888888888889
0 0.49635416666666665 0.5 0.017708333333333333 0.037037037037037035
0 0.59453125 0.45925925925925926 0.021354166666666667 0.044444444444444446
0 0.5153645833333333 0.4050925925925926 0.018229166666666668 0.03425925925925926
0 0.07786458333333333 0.27592592592592596 0.0171875 0.031481481481481485
0 0.203125 0.2796296296296296 0.011458333333333333 0.02962962962962963
0 0.6302083333333334 0.6810185185185186 0.026041666666666668 0.04722222222222222
0 0.8080729166666667 0.6490740740740741 0.025520833333333333 0.0462962962962963
0 0.6893229166666667 0.6134259259259259 0.018229166666666668 0.03425925925925926
0 0.3546875 0.5541666666666667 0.01875 0.036111111111111115
0 0.7122395833333334 0.5805555555555556 0.0203125 0.04259259259259259
0 0.4184895833333333 0.6282407407407408 0.0234375 0.04166666666666667
0 0.27578125 0.4550925925925926 0.0171875 0.036111111111111115
0 0.011979166666666666 0.2518518518518519 0.015625 0.02962962962962963
0 0.9671875 0.8060185185185186 0.02395833333333333 0.05092592592592593
0 0.2869791666666667 0.7935185185185185 0.022916666666666665 0.040740740740740744
0 0.7955729166666666 0.6939814814814815 0.0203125 0.03425925925925926
0 0.8611979166666667 0.5287037037037037 0.019270833333333334 0.03888888888888889
0 0.8869791666666667 0.6037037037037037 0.02395833333333333 0.04814814814814815
0 0.88359375 0.6523148148148148 0.025520833333333333 0.05462962962962963
0 0.9346354166666666 0.8226851851851852 0.030729166666666665 0.062037037037037036
