0 0.5109375 0.5263888888888889 0.016666666666666666 0.04537037037037037
0 0.13307291666666665 0.4703703703703704 0.018229166666666668 0.040740740740740744
0 0.46953125 0.6995370370370371 0.021354166666666667 0.04722222222222222
0 0.21067708333333332 0.4550925925925926 0.0171875 0.03981481481481482
0 0.17109375 0.3074074074074074 0.01614583333333333 0.037037037037037035
0 0.27239583333333334 0.337037037037037 0.013541666666666667 0.03333333333333333
0 0.5559895833333334 0.7092592592592593 0.025520833333333333 0.04814814814814815
0 0.21276041666666667 0.28703703703703703 0.011979166666666666 0.031481481481481485
0 0.9830729166666666 0.5263888888888889 0.022395833333333334 0.04166666666666667
0 0.49244791666666665 0.6680555555555556 0.021354166666666667 0.049074074074074076
0 0.43255208333333334 0.4532407407407408 0.015104166666666667 0.036111111111111115
0 0.6552083333333333 0.4689814814814815 0.016666666666666666 0.03425925925925926
0 0.50234375 0.39861111111111114 0.0171875 0.03981481481481482
0 0.5776041666666667 0.44907407407407407 0.020833333333333332 0.040740740740740744
0 0.7315104166666666 0.5990740740740741 0.021354166666666667 0.04814814814814815
0 0.8177083333333334 0.7078703703703704 0.02395833333333333 0.04351851851851852
0 0.8580729166666666 0.5828703703703704 0.018229166666666668 0.036111111111111115
0 0.7075520833333333 0.6287037037037038 0.0203125 0.037037037037037035
0 0.340625 0.5370370370370371 0.020833333333333332 0.037037037037037035
0 0.8791666666666667 0.5412037037037037 0.019791666666666666 0.04351851851851852
0 0.6166666666666667 0.6870370370370371 0.025 0.05
0 0.08203125 0.2884259259259259 0.01614583333333333 0.032407407407407406
0 0.39609375 0.6046296296296296 0.019270833333333334 0.03888888888888889
0 0.2643229166666667 0.43333333333333335 0.01614583333333333 0.031481481481481485
0 0.8330729166666666 0.6569444444444444 0.0203125 0.03796296296296296
0 0.95703125 0.8287037037037037 0.03177083333333333 0.03888888888888889
0 0.9861979166666667 0.8189814814814815 0.018229166666666668 0.05462962962962963
0 0.8536458333333333 0.6277777777777778 0.021875 0.04259259259259259
0 0.00625 0.24814814814814815 0.010416666666666666 0.02777777777777778
0 0.2981770833333333 0.8180555555555555 0.018229166666666668 0.04351851851851852
