0 0.6182291666666666 0.44907407407407407 0.01875 0.037037037037037035
0 0.14322916666666666 0.5106481481481482 0.016666666666666666 0.03796296296296296
0 0.08880208333333334 0.3180555555555556 0.015104166666666667 0.032407407407407406
0 0.3026041666666667 0.36574074074074076 0.015625 0.037037037037037035
0 0.21197916666666666 0.500925925925926 0.017708333333333333 0.040740740740740744
0 0.24010416666666667 0.2972222222222222 0.0125 0.02777777777777778
0 0.5544270833333333 0.5662037037037038 0.0171875 0.03796296296296296
0 0.3619791666666667 0.5606481481481481 0.01875 0.03425925925925926
0 0.4557291666666667 0.6981481481481482 0.021875 0.05185185185185186
0 0.19244791666666666 0.32685185185185184 0.015104166666666667 0.037037037037037035
0 0.91796875 0.5638888888888889 0.0203125 0.05
0 0.5309895833333333 0.7111111111111111 0.0265625 0.05555555555555556
0 0.7947916666666667 0.5537037037037037 0.020833333333333332 0.037037037037037035
0 0.5932291666666667 0.6930555555555555 0.02395833333333333 0.04722222222222222
0 0.5385416666666667 0.44027777777777777 0.020833333333333332 0.03981481481481482
0 0.984375 0.5402777777777777 0.020833333333333332 0.03796296296296296
0 0.7903645833333334 0.5986111111111111 0.021354166666666667 0.04166666666666667
0 0.3151041666666667 0.4990740740740741 0.01875 0.03333333333333333
0 0.4622395833333333 0.3939814814814815 0.0171875 0.03425925925925926
0 0.4666666666666667 0.6518518518518519 0.022916666666666665 0.04259259259259259
0 0.7729166666666667 0.6314814814814815 0.020833333333333332 0.044444444444444446
0 0.7489583333333333 0.6685185185185185 0.01875 0.03333333333333333
0 0.22734374999999998 0.4087962962962963 0.013020833333333334 0.026851851851851852
0 0.3020833333333333 0.8472222222222222 0.019791666666666666 0.040740740740740744
0 0.9557291666666666 0.6810185185185186 0.034375 0.05648148148148149
0 0.871875 0.7337962962962963 0.022916666666666665 0.04537037037037037
0 0.8888020833333333 0.6833333333333333 0.025520833333333333 0.05740740740740741
0 0.4661458333333333 0.4851851851851852 0.02395833333333333 0.037037037037037035
