0 0.578125 0.43333333333333335 0.015625 0.03333333333333333
0 0.22421875 0.34351851851851856 0.01614583333333333 0.03518518518518519
0 0.33515625 0.38333333333333336 0.015104166666666667 0.03888888888888889
0 0.2598958333333333 0.31342592592592594 0.0125 0.028703703703703703
0 0.4359375 0.6199074074074075 0.022916666666666665 0.049074074074074076
0 0.09010416666666667 0.3490740740740741 0.017708333333333333 0.03518518518518519
0 0.14088541666666665 0.549074074074074 0.018229166666666668 0.04259259259259259
0 0.50703125 0.7157407407407408 0.028645833333333332 0.05
0 0.509375 0.5023148148148149 0.01875 0.04351851851851852
0 0.8848958333333333 0.6416666666666667 0.020833333333333332 0.044444444444444446
0 0.21770833333333334 0.5421296296296296 0.01875 0.04351851851851852
0 0.21145833333333333 0.33101851851851855 0.014583333333333334 0.03425925925925926
0 0.50859375 0.425 0.018229166666666668 0.040740740740740744
0 0.4388020833333333 0.6810185185185186 0.0265625 0.05092592592592593
0 0.2869791666666667 0.45925925925925926 0.015625 0.02962962962962963
0 0.73671875 0.562962962962963 0.0203125 0.040740740740740744
0 0.79140625 0.6962962962962963 0.021354166666666667 0.04259259259259259
0 0.98125 0.5430555555555556 0.01875 0.036111111111111115
0 0.74296875 0.5236111111111111 0.01614583333333333 0.028703703703703703
0 0.5940104166666667 0.600925925925926 0.015104166666666667 0.04259259259259259
0 0.8203125 0.662962962962963 0.020833333333333332 0.04259259259259259
0 0.4359375 0.3814814814814815 0.016666666666666666 0.03333333333333333
0 0.1984375 0.3856481481481482 0.017708333333333333 0.03425925925925926
0 0.32916666666666666 0.5236111111111111 0.020833333333333332 0.04351851851851852
0 0.31614583333333335 0.8601851851851852 0.02395833333333333 0.05185185185185186
0 0.57109375 0.7032407407407407 0.024479166666666666 0.05648148148148149
0 0.9169270833333333 0.7587962962962963 0.025520833333333333 0.04351851851851852
0 0.93203125 0.7185185185185186 0.0296875 0.05925925925925926
0 0.9533854166666667 0.5888888888888889 0.019270833333333334 0.040740740740740744
