0 0.15078125 0.5773148148148148 0.019270833333333334 0.04166666666666667
0 0.22005208333333334 0.563425925925926 0.019270833333333334 0.036111111111111115
0 0.24114583333333334 0.3523148148148148 0.015625 0.03425925925925926
0 0.27734375 0.32453703703703707 0.013020833333333334 0.028703703703703703
0 0.353125 0.39861111111111114 0.016666666666666666 0.03796296296296296
0 0.09739583333333333 0.3578703703703704 0.016666666666666666 0.03425925925925926
0 0.42135416666666664 0.6013888888888889 0.021875 0.04537037037037037
0 0.6231770833333333 0.6222222222222222 0.0171875 0.040740740740740744
0 0.9755208333333333 0.5949074074074074 0.021875 0.04351851851851852
0 0.22343749999999998 0.3375 0.015625 0.032407407407407406
0 0.5294270833333333 0.5194444444444445 0.018229166666666668 0.0462962962962963
0 0.42942708333333335 0.6620370370370371 0.024479166666666666 0.05740740740740741
0 0.3151041666666667 0.5013888888888889 0.01875 0.03796296296296296
0 0.5596354166666666 0.6949074074074074 0.024479166666666666 0.04166666666666667
0 0.55859375 0.4222222222222222 0.01614583333333333 0.03518518518518519
0 0.7140625 0.5152777777777778 0.017708333333333333 0.03425925925925926
0 0.17838541666666666 0.3689814814814815 0.01614583333333333 0.030555555555555558
0 0.42552083333333335 0.3675925925925926 0.017708333333333333 0.03518518518518519
0 0.3263020833333333 0.8550925925925926 0.0203125 0.04166666666666667
0 0.70625 0.5541666666666667 0.019791666666666666 0.03796296296296296
0 0.48828125 0.4203703703703704 0.0203125 0.040740740740740744
0 0.9549479166666667 0.7245370370370371 0.0234375 0.03796296296296296
0 0.98984375 0.5388888888888889 0.018229166666666668 0.03888888888888889
0 0.26640625 0.44583333333333336 0.019270833333333334 0.036111111111111115
0 0.49192708333333335 0.7217592592592593 0.025520833333333333 0.04722222222222222
0 0.8109375 0.7199074074074074 0.022916666666666665 0.04351851851851852
0 0.84375 0.6787037037037037 0.022916666666666665 0.04814814814814815
0 0.84375 0.6324074074074074 0.022916666666666665 0.05
0 0.9377604166666667 0.774537037037037 0.03177083333333333 0.05648148148148149
