0 0.40989583333333335 0.5912037037037037 0.022916666666666665 0.05277777777777778
0 0.2903645833333333 0.3287037037037037 0.013020833333333334 0.02777777777777778
0 0.15963541666666667 0.5939814814814816 0.019270833333333334 0.04166666666666667
0 0.37135416666666665 0.4087962962962963 0.016666666666666666 0.04166666666666667
0 0.3333333333333333 0.8601851851851852 0.02395833333333333 0.061111111111111116
0 0.2265625 0.5921296296296297 0.019791666666666666 0.04166666666666667
0 0.3020833333333333 0.48333333333333334 0.016666666666666666 0.02962962962962963
0 0.2544270833333333 0.3625 0.01614583333333333 0.03425925925925926
0 0.5442708333333334 0.5337962962962963 0.020833333333333332 0.04722222222222222
0 0.23906249999999998 0.34490740740740744 0.015625 0.030555555555555558
0 0.09973958333333333 0.3763888888888889 0.01614583333333333 0.03796296296296296
0 0.24661458333333333 0.43333333333333335 0.015104166666666667 0.03333333333333333
0 0.54140625 0.4185185185185185 0.013020833333333334 0.03333333333333333
0 0.41015625 0.6509259259259259 0.021354166666666667 0.04814814814814815
0 0.6776041666666667 0.538425925925926 0.019791666666666666 0.04722222222222222
0 0.8083333333333333 0.6083333333333334 0.021875 0.0462962962962963
0 0.165625 0.3574074074074074 0.016666666666666666 0.02592592592592593
0 0.9572916666666667 0.7805555555555556 0.025 0.05
0 0.9903645833333333 0.6074074074074074 0.018229166666666668 0.04259259259259259
0 0.6908854166666667 0.4990740740740741 0.015104166666666667 0.031481481481481485
0 0.65078125 0.6305555555555555 0.019270833333333334 0.03888888888888889
0 0.4739583333333333 0.4138888888888889 0.016666666666666666 0.037037037037037035
0 0.41119791666666666 0.3652777777777778 0.019270833333333334 0.03981481481481482
0 0.8638020833333333 0.6916666666666667 0.019270833333333334 0.05
0 0.8338541666666667 0.7328703703703704 0.022916666666666665 0.04722222222222222
0 0.5463541666666667 0.6990740740740741 0.022916666666666665 0.03888888888888889
0 0.9809895833333333 0.7393518518518519 0.025520833333333333 0.04722222222222222
0 0.47812499999999997 0.7194444444444444 0.022916666666666665 0.04814814814814815
