0 0.2296875 0.6018518518518519 0.01875 0.05
0 0.2421875 0.34490740740740744 0.015625 0.028703703703703703
0 0.29244791666666664 0.33333333333333337 0.013020833333333334 0.02962962962962963
0 0.37578125 0.41111111111111115 0.01614583333333333 0.03888888888888889
0 0.10052083333333334 0.3805555555555556 0.01875 0.03888888888888889
0 0.2583333333333333 0.3666666666666667 0.016666666666666666 0.03518518518518519
0 0.40651041666666665 0.5865740740740741 0.022395833333333334 0.05092592592592593
0 0.33567708333333335 0.8578703703703704 0.0234375 0.062037037037037036
0 0.4028645833333333 0.6476851851851853 0.021354166666666667 0.05092592592592593
0 0.16119791666666666 0.5976851851851852 0.0171875 0.03981481481481482
0 0.5494791666666666 0.5388888888888889 0.019791666666666666 0.044444444444444446
0 0.5359375 0.4175925925925926 0.015625 0.02962962962962963
0 0.6731770833333334 0.537962962962963 0.0203125 0.044444444444444446
0 0.16197916666666667 0.3527777777777778 0.013541666666666667 0.02777777777777778
0 0.8039062499999999 0.6055555555555556 0.0234375 0.044444444444444446
0 0.24270833333333333 0.43194444444444446 0.016666666666666666 0.036111111111111115
0 0.9591145833333333 0.7805555555555556 0.0234375 0.05
0 0.6856770833333333 0.4981481481481482 0.0140625 0.031481481481481485
0 0.4700520833333333 0.412962962962963 0.018229166666666668 0.03888888888888889
0 0.65703125 0.6342592592592593 0.019270833333333334 0.04259259259259259
0 0.9934895833333334 0.5296296296296297 0.011979166666666666 0.044444444444444446
0 0.40781249999999997 0.3625 0.019791666666666666 0.04351851851851852
0 0.4765625 0.7175925925925927 0.021875 0.05185185185185186
0 0.29583333333333334 0.4791666666666667 0.015625 0.03425925925925926
0 0.8669270833333333 0.6986111111111112 0.025520833333333333 0.05462962962962963
0 0.8369791666666666 0.7351851851851852 0.02395833333333333 0.04814814814814815
0 0.9856770833333334 0.7444444444444445 0.019270833333333334 0.061111111111111116
0 0.9911458333333333 0.6064814814814815 0.0125 0.03888888888888889
