0 0.38046875 0.851388888888889 0.0265625 0.06759259259259259
0 0.32005208333333335 0.41574074074074074 0.01614583333333333 0.037037037037037035
0 0.30494791666666665 0.3925925925925926 0.015104166666666667 0.03333333333333333
0 0.6778645833333333 0.6361111111111112 0.0203125 0.05
0 0.12630208333333334 0.48240740740740745 0.018229166666666668 0.03888888888888889
0 0.3580729166666667 0.33240740740740743 0.01614583333333333 0.03518518518518519
0 0.34296875 0.5125000000000001 0.018229166666666668 0.03981481481481482
0 0.45703125 0.3912037037037037 0.015104166666666667 0.030555555555555558
0 0.22421875 0.3990740740740741 0.0171875 0.031481481481481485
0 0.5518229166666666 0.47314814814814815 0.0171875 0.037037037037037035
0 0.37604166666666666 0.5625 0.01875 0.04351851851851852
0 0.17942708333333332 0.36342592592592593 0.0171875 0.030555555555555558
0 0.6552083333333333 0.5388888888888889 0.016666666666666666 0.03518518518518519
0 0.22942708333333334 0.725925925925926 0.019270833333333334 0.04259259259259259
0 0.29713541666666665 0.737037037037037 0.0203125 0.040740740740740744
0 0.565625 0.44351851851851853 0.016666666666666666 0.031481481481481485
0 0.9333333333333333 0.7305555555555556 0.02395833333333333 0.04814814814814815
0 0.4375 0.7111111111111111 0.02395833333333333 0.040740740740740744
0 0.4088541666666667 0.3791666666666667 0.015625 0.032407407407407406
0 0.8119791666666667 0.5828703703703704 0.022916666666666665 0.04537037037037037
0 0.9406249999999999 0.5916666666666667 0.016666666666666666 0.03518518518518519
0 0.8963541666666667 0.7930555555555556 0.017708333333333333 0.04351851851851852
0 0.8005208333333333 0.750462962962963 0.020833333333333332 0.04537037037037037
0 0.4947916666666667 0.7097222222222223 0.022916666666666665 0.04722222222222222
0 0.428125 0.6490740740740741 0.022916666666666665 0.04259259259259259
0 0.4822916666666667 0.4861111111111111 0.015625 0.03888888888888889
0 0.10729166666666666 0.29583333333333334 0.020833333333333332 0.036111111111111115
0 0.3559895833333333 0.3907407407407408 0.0140625 0.02777777777777778
0 0.82265625 0.6583333333333333 0.024479166666666666 0.04259259259259259
