0 0.3828125 0.8523148148148149 0.027083333333333334 0.0638888888888889
0 0.3216145833333333 0.41712962962962963 0.015104166666666667 0.036111111111111115
0 0.3575520833333333 0.33240740740740743 0.01614583333333333 0.03518518518518519
0 0.34296875 0.5083333333333333 0.019270833333333334 0.03888888888888889
0 0.12708333333333333 0.487962962962963 0.017708333333333333 0.03518518518518519
0 0.30625 0.39583333333333337 0.015625 0.036111111111111115
0 0.45598958333333334 0.3893518518518519 0.0140625 0.028703703703703703
0 0.68046875 0.6356481481481482 0.021354166666666667 0.04722222222222222
0 0.29791666666666666 0.7462962962962963 0.019791666666666666 0.04259259259259259
0 0.3768229166666667 0.5615740740740741 0.018229166666666668 0.03981481481481482
0 0.55 0.47361111111111115 0.01875 0.03981481481481482
0 0.17838541666666666 0.362962962962963 0.0171875 0.031481481481481485
0 0.48359375 0.48703703703703705 0.0171875 0.03888888888888889
0 0.22265625 0.39861111111111114 0.01614583333333333 0.030555555555555558
0 0.23098958333333333 0.7287037037037037 0.018229166666666668 0.044444444444444446
0 0.5638020833333334 0.4449074074074074 0.0171875 0.03425925925925926
0 0.6510416666666666 0.5375 0.016666666666666666 0.03425925925925926
0 0.9341145833333333 0.7277777777777779 0.025520833333333333 0.05185185185185186
0 0.43828125 0.7083333333333334 0.0203125 0.03888888888888889
0 0.9385416666666666 0.587962962962963 0.017708333333333333 0.037037037037037035
0 0.80859375 0.5824074074074075 0.019270833333333334 0.044444444444444446
0 0.3580729166666667 0.3893518518518519 0.015104166666666667 0.04351851851851852
0 0.425 0.6462962962962964 0.021875 0.04259259259259259
0 0.40911458333333334 0.37962962962962965 0.0171875 0.031481481481481485
0 0.10598958333333333 0.28611111111111115 0.013020833333333334 0.031481481481481485
0 0.8182291666666667 0.6532407407407408 0.022916666666666665 0.04722222222222222
0 0.896875 0.7990740740740742 0.020833333333333332 0.03888888888888889
0 0.8018229166666666 0.7560185185185185 0.0203125 0.04351851851851852
0 0.49713541666666666 0.7106481481481481 0.015104166666666667 0.04351851851851852
