0 0.42265625 0.6912037037037038 0.021354166666666667 0.04351851851851852
0 0.3984375 0.8537037037037037 0.029166666666666667 0.06851851851851852
0 0.34713541666666664 0.32546296296296295 0.015104166666666667 0.03425925925925926
0 0.32369791666666664 0.4930555555555556 0.0203125 0.04537037037037037
0 0.43723958333333335 0.3768518518518519 0.0140625 0.02962962962962963
0 0.33880208333333334 0.4356481481481482 0.01614583333333333 0.03796296296296296
0 0.3255208333333333 0.4087962962962963 0.016666666666666666 0.03425925925925926
0 0.7208333333333333 0.6587962962962963 0.021875 0.04722222222222222
0 0.40234375 0.5342592592592593 0.021354166666666667 0.040740740740740744
0 0.20520833333333333 0.37777777777777777 0.017708333333333333 0.03333333333333333
0 0.25625 0.763425925925926 0.020833333333333332 0.04351851851851852
0 0.16640625 0.34120370370370373 0.01614583333333333 0.030555555555555558
0 0.37838541666666664 0.4064814814814815 0.013020833333333334 0.03518518518518519
0 0.14166666666666666 0.513888888888889 0.01875 0.040740740740740744
0 0.9143229166666667 0.5648148148148149 0.018229166666666668 0.037037037037037035
0 0.51328125 0.5208333333333334 0.01614583333333333 0.04166666666666667
0 0.40598958333333335 0.6236111111111111 0.018229166666666668 0.03796296296296296
0 0.5184895833333333 0.46574074074074073 0.01614583333333333 0.037037037037037035
0 0.5294270833333333 0.4310185185185185 0.01614583333333333 0.030555555555555558
0 0.3223958333333333 0.7768518518518519 0.021875 0.04814814814814815
0 0.6177083333333333 0.5111111111111112 0.013541666666666667 0.03333333333333333
0 0.39791666666666664 0.3675925925925926 0.017708333333333333 0.03333333333333333
0 0.7666666666666666 0.5583333333333333 0.02395833333333333 0.03888888888888889
0 0.84609375 0.7851851851851852 0.0234375 0.044444444444444446
0 0.47994791666666664 0.700462962962963 0.022395833333333334 0.04537037037037037
0 0.9489583333333333 0.7185185185185186 0.02395833333333333 0.04259259259259259
0 0.09479166666666666 0.27731481481481485 0.017708333333333333 0.026851851851851852
0 0.9223958333333333 0.7782407407407408 0.02395833333333333 0.04351851851851852
0 0.7677083333333333 0.6217592592592592 0.020833333333333332 0.04722222222222222
