0 0.3151041666666667 0.40185185185185185 0.016666666666666666 0.031481481481481485
0 0.3893229166666667 0.8546296296296296 0.027604166666666666 0.06481481481481481
0 0.44817708333333334 0.38101851851851853 0.0140625 0.030555555555555558
0 0.134375 0.49583333333333335 0.01875 0.03981481481481482
0 0.33619791666666665 0.4986111111111111 0.018229166666666668 0.04351851851851852
0 0.3294270833333333 0.42314814814814816 0.01614583333333333 0.03518518518518519
0 0.3671875 0.39166666666666666 0.014583333333333334 0.040740740740740744
0 0.4322916666666667 0.701388888888889 0.022916666666666665 0.04351851851851852
0 0.53515625 0.46851851851851856 0.01614583333333333 0.037037037037037035
0 0.82109375 0.7671296296296296 0.0265625 0.04722222222222222
0 0.4981770833333333 0.4990740740740741 0.0140625 0.03518518518518519
0 0.35182291666666665 0.3287037037037037 0.01614583333333333 0.03518518518518519
0 0.21484375 0.3856481481481482 0.0171875 0.032407407407407406
0 0.1703125 0.34953703703703703 0.016666666666666666 0.028703703703703703
0 0.24192708333333332 0.7486111111111111 0.0203125 0.04351851851851852
0 0.94140625 0.7203703703703704 0.0265625 0.053703703703703705
0 0.6354166666666666 0.5189814814814815 0.014583333333333334 0.036111111111111115
0 0.5479166666666666 0.4412037037037037 0.015625 0.030555555555555558
0 0.30807291666666664 0.7592592592592593 0.022395833333333334 0.04814814814814815
0 0.3890625 0.5509259259259259 0.020833333333333332 0.044444444444444446
0 0.9255208333333333 0.5745370370370371 0.020833333333333332 0.03981481481481482
0 0.4044270833333333 0.37222222222222223 0.0171875 0.031481481481481485
0 0.7908854166666667 0.5722222222222223 0.022395833333333334 0.04259259259259259
0 0.41510416666666666 0.6356481481481482 0.021875 0.03981481481481482
0 0.10234375 0.2837962962962963 0.015104166666666667 0.032407407407407406
0 0.48828125 0.7069444444444445 0.0203125 0.04537037037037037
0 0.7 0.6439814814814815 0.021875 0.04537037037037037
0 0.9083333333333333 0.7847222222222222 0.021875 0.04722222222222222
0 0.7963541666666667 0.6245370370370371 0.022916666666666665 0.036111111111111115
