0 0.34453125 0.3189814814814815 0.015104166666666667 0.032407407407407406
0 0.4140625 0.6814814814814815 0.020833333333333332 0.040740740740740744
0 0.33307291666666666 0.7861111111111111 0.0203125 0.0462962962962963
0 0.4049479166666667 0.8606481481481482 0.027604166666666666 0.06018518518518519
0 0.5255208333333333 0.525462962962963 0.017708333333333333 0.04351851851851852
0 0.14296875 0.5337962962962963 0.019270833333333334 0.04351851851851852
0 0.31223958333333335 0.4828703703703704 0.0171875 0.03796296296296296
0 0.34713541666666664 0.43703703703703706 0.0171875 0.040740740740740744
0 0.3325520833333333 0.41481481481481486 0.0171875 0.03518518518518519
0 0.3984375 0.6101851851851852 0.01875 0.037037037037037035
0 0.19713541666666667 0.3731481481481482 0.0171875 0.031481481481481485
0 0.3885416666666667 0.4166666666666667 0.013541666666666667 0.031481481481481485
0 0.16614583333333333 0.337037037037037 0.015625 0.024074074074074074
0 0.50703125 0.45833333333333337 0.0140625 0.03333333333333333
0 0.2630208333333333 0.774537037037037 0.019791666666666666 0.04537037037037037
0 0.42864583333333334 0.3736111111111111 0.014583333333333334 0.028703703703703703
0 0.9067708333333333 0.5523148148148148 0.015625 0.03425925925925926
0 0.5200520833333333 0.42962962962962964 0.011979166666666666 0.031481481481481485
0 0.4119791666666667 0.5324074074074074 0.01875 0.040740740740740744
0 0.3932291666666667 0.362962962962963 0.017708333333333333 0.03333333333333333
0 0.8606770833333334 0.7981481481481482 0.025520833333333333 0.0462962962962963
0 0.9562499999999999 0.7245370370370371 0.020833333333333332 0.04537037037037037
0 0.4734375 0.6953703703703704 0.020833333333333332 0.040740740740740744
0 0.9307291666666666 0.7814814814814816 0.022916666666666665 0.04814814814814815
0 0.7567708333333333 0.5550925925925926 0.016666666666666666 0.04722222222222222
0 0.73359375 0.6759259259259259 0.019270833333333334 0.03888888888888889
0 0.7497395833333333 0.612037037037037 0.019270833333333334 0.037037037037037035
0 0.09166666666666666 0.27083333333333337 0.017708333333333333 0.026851851851851852
0 0.6036458333333333 0.5046296296296297 0.022916666666666665 0.037037037037037035
