0 0.35833333333333334 0.8245370370370371 0.026041666666666668 0.05462962962962963
0 0.3333333333333333 0.31712962962962965 0.015625 0.03425925925925926
0 0.2950520833333333 0.4671296296296297 0.018229166666666668 0.03981481481481482
0 0.4236979166666667 0.8662037037037037 0.027604166666666666 0.06574074074074074
0 0.9799479166666667 0.7356481481481482 0.0265625 0.04537037037037037
0 0.38619791666666664 0.6574074074074074 0.0203125 0.03888888888888889
0 0.5622395833333333 0.5527777777777778 0.0171875 0.0462962962962963
0 0.43984375 0.5203703703703704 0.018229166666666668 0.0462962962962963
0 0.35130208333333335 0.44074074074074077 0.015104166666666667 0.03888888888888889
0 0.37083333333333335 0.46574074074074073 0.014583333333333334 0.040740740740740744
0 0.27734375 0.825462962962963 0.021354166666666667 0.049074074074074076
0 0.1578125 0.5717592592592593 0.019791666666666666 0.04351851851851852
0 0.4122395833333333 0.3689814814814815 0.011979166666666666 0.028703703703703703
0 0.18229166666666666 0.35555555555555557 0.017708333333333333 0.031481481481481485
0 0.4109375 0.43842592592592594 0.013541666666666667 0.03425925925925926
0 0.3729166666666667 0.36342592592592593 0.016666666666666666 0.03425925925925926
0 0.7161458333333334 0.5370370370370371 0.022916666666666665 0.040740740740740744
0 0.8799479166666666 0.5324074074074074 0.01614583333333333 0.03518518518518519
0 0.4828125 0.4444444444444445 0.015625 0.037037037037037035
0 0.7752604166666667 0.7046296296296296 0.024479166666666666 0.0462962962962963
0 0.48932291666666666 0.4185185185185185 0.0140625 0.031481481481481485
0 0.5674479166666666 0.48750000000000004 0.01614583333333333 0.032407407407407406
0 0.7041666666666666 0.5907407407407408 0.021875 0.040740740740740744
0 0.9697916666666666 0.8018518518518519 0.021875 0.05
0 0.9020833333333333 0.8453703703703704 0.021875 0.040740740740740744
0 0.43906249999999997 0.6652777777777779 0.020833333333333332 0.04351851851851852
0 0.07604166666666666 0.2564814814814815 0.016666666666666666 0.031481481481481485
0 0.15338541666666666 0.32083333333333336 0.015104166666666667 0.036111111111111115
0 0.3731770833333333 0.5953703703703704 0.015104166666666667 0.031481481481481485
