0 0.5255208333333333 0.7310185185185185 0.016666666666666666 0.03425925925925926
0 0.5674479166666666 0.6800925925925926 0.015104166666666667 0.03425925925925926
0 0.3567708333333333 0.5819444444444445 0.011458333333333333 0.021296296296296296
0 0.2630208333333333 0.6236111111111111 0.010416666666666666 0.026851851851851852
0 0.46588541666666666 0.7277777777777779 0.0140625 0.031481481481481485
0 0.07083333333333333 0.5078703703703704 0.010416666666666666 0.019444444444444445
0 0.5565104166666667 0.7208333333333333 0.0140625 0.036111111111111115
0 0.054427083333333334 0.5717592592592593 0.009895833333333333 0.021296296296296296
0 0.37734375 0.5569444444444445 0.011979166666666666 0.02314814814814815
0 0.12604166666666666 0.5967592592592593 0.011458333333333333 0.02314814814814815
0 0.09322916666666667 0.6157407407407408 0.011458333333333333 0.024074074074074074
0 0.49192708333333335 0.7782407407407408 0.0140625 0.032407407407407406
0 0.17864583333333334 0.5856481481481481 0.010416666666666666 0.021296296296296296
0 0.012239583333333333 0.5111111111111112 0.009895833333333333 0.020370370370370372
0 0.11145833333333333 0.6092592592592593 0.010416666666666666 0.024074074074074074
0 0.1875 0.5750000000000001 0.011458333333333333 0.022222222222222223
0 0.15833333333333333 0.5597222222222222 0.010416666666666666 0.021296296296296296
0 0.17604166666666665 0.6060185185185185 0.0125 0.025
0 0.4591145833333333 0.48888888888888893 0.0067708333333333336 0.018518518518518517
0 0.013802083333333333 0.5777777777777778 0.008854166666666666 0.020370370370370372
0 0.6255208333333333 0.7643518518518518 0.015625 0.036111111111111115
0 0.38567708333333334 0.4740740740740741 0.0078125 0.020370370370370372
0 0.22916666666666666 0.5208333333333334 0.008333333333333333 0.015740740740740743
0 0.0671875 0.5481481481481482 0.007291666666666667 0.014814814814814815
0 0.0484375 0.6097222222222223 0.0125 0.019444444444444445
0 0.575 0.4791666666666667 0.007291666666666667 0.015740740740740743
