0 0.5752604166666666 0.7814814814814816 0.015104166666666667 0.037037037037037035
0 0.6979166666666666 0.7824074074074074 0.016666666666666666 0.037037037037037035
0 0.10625 0.5953703703703704 0.009375 0.022222222222222223
0 0.15286458333333333 0.5689814814814815 0.009895833333333333 0.021296296296296296
0 0.5661458333333333 0.5083333333333333 0.009375 0.022222222222222223
0 0.36354166666666665 0.674074074074074 0.013541666666666667 0.031481481481481485
0 0.7375 0.7393518518518519 0.013541666666666667 0.032407407407407406
0 0.6638020833333333 0.7898148148148149 0.01614583333333333 0.03888888888888889
0 0.13489583333333333 0.5342592592592593 0.010416666666666666 0.022222222222222223
0 0.6125 0.837962962962963 0.015625 0.03888888888888889
0 0.25338541666666664 0.5745370370370371 0.009895833333333333 0.02314814814814815
0 0.015364583333333333 0.5601851851851852 0.011979166666666666 0.020370370370370372
0 0.80859375 0.6893518518518519 0.0171875 0.03425925925925926
0 0.17630208333333333 0.6189814814814815 0.011979166666666666 0.025
0 0.6817708333333333 0.6870370370370371 0.0125 0.02777777777777778
0 0.0671875 0.5902777777777778 0.010416666666666666 0.021296296296296296
0 0.11848958333333333 0.6375000000000001 0.0109375 0.026851851851851852
0 0.24687499999999998 0.6129629629629629 0.0125 0.031481481481481485
0 0.8971354166666666 0.6041666666666667 0.011979166666666666 0.026851851851851852
0 0.16276041666666666 0.6263888888888889 0.0109375 0.019444444444444445
0 0.2640625 0.6087962962962963 0.0125 0.026851851851851852
0 0.9315104166666667 0.6449074074074075 0.015104166666666667 0.03425925925925926
0 0.06614583333333333 0.5268518518518519 0.010416666666666666 0.022222222222222223
0 0.48333333333333334 0.4990740740740741 0.008333333333333333 0.020370370370370372
0 0.23151041666666666 0.6467592592592593 0.0140625 0.032407407407407406
0 0.796875 0.8615740740740742 0.019791666666666666 0.04351851851851852
0 0.47239583333333335 0.6055555555555556 0.010416666666666666 0.02592592592592593
0 0.14348958333333334 0.638888888888889 0.0109375 0.022222222222222223
0 0.6296875 0.4935185185185185 0.007291666666666667 0.014814814814814815
0 0.042708333333333334 0.5620370370370371 0.014583333333333334 0.022222222222222223
0 0.04739583333333333 0.525462962962963 0.008333333333333333 0.015740740740740743
0 0.02578125 0.5416666666666667 0.008854166666666666 0.016666666666666666
0 0.022135416666666668 0.4527777777777778 0.011979166666666666 0.020370370370370372
