0 0.5609375 0.7708333333333334 0.014583333333333334 0.036111111111111115
0 0.09895833333333333 0.5898148148148148 0.010416666666666666 0.024074074074074074
0 0.678125 0.7685185185185186 0.016666666666666666 0.03888888888888889
0 0.5528645833333333 0.5046296296296297 0.008854166666666666 0.024074074074074074
0 0.23958333333333334 0.6111111111111112 0.011458333333333333 0.022222222222222223
0 0.64453125 0.7800925925925927 0.0171875 0.03981481481481482
0 0.14088541666666665 0.5652777777777778 0.009895833333333333 0.02314814814814815
0 0.4705729166666667 0.49444444444444446 0.008854166666666666 0.022222222222222223
0 0.34791666666666665 0.6662037037037037 0.013541666666666667 0.03425925925925926
0 0.2421875 0.5662037037037038 0.010416666666666666 0.019444444444444445
0 0.054947916666666666 0.525462962962963 0.008854166666666666 0.021296296296296296
0 0.7346354166666667 0.6652777777777779 0.015104166666666667 0.032407407407407406
0 0.22369791666666666 0.6398148148148148 0.0140625 0.02777777777777778
0 0.953125 0.6513888888888889 0.011458333333333333 0.028703703703703703
0 0.10625 0.6356481481481482 0.0125 0.026851851851851852
0 0.4359375 0.5902777777777778 0.011458333333333333 0.025
0 0.7143229166666667 0.725462962962963 0.0171875 0.04351851851851852
0 0.15651041666666665 0.625925925925926 0.0109375 0.024074074074074074
0 0.16796875 0.6189814814814815 0.011979166666666666 0.025
0 0.12682291666666667 0.5300925925925926 0.009895833333333333 0.021296296296296296
0 0.13776041666666666 0.6393518518518518 0.0109375 0.025
0 0.5963541666666666 0.8287037037037037 0.016666666666666666 0.03518518518518519
0 0.9184895833333333 0.6083333333333334 0.013020833333333334 0.02592592592592593
0 0.6291666666666667 0.6736111111111112 0.010416666666666666 0.028703703703703703
0 0.05963541666666666 0.5888888888888889 0.0109375 0.022222222222222223
0 0.7703125 0.8472222222222222 0.017708333333333333 0.0462962962962963
0 0.0067708333333333336 0.562962962962963 0.010416666666666666 0.020370370370370372
0 0.03854166666666667 0.5240740740740741 0.008333333333333333 0.014814814814814815
0 0.6231770833333333 0.49444444444444446 0.0109375 0.024074074074074074
0 0.25546875 0.6069444444444445 0.009895833333333333 0.019444444444444445
0 0.03567708333333333 0.5611111111111111 0.0109375 0.020370370370370372
0 0.01614583333333333 0.5412037037037037 0.009375 0.017592592592592594
0 0.005208333333333333 0.4481481481481482 0.007291666666666667 0.012962962962962964
