0 0.45468749999999997 0.7240740740740741 0.014583333333333334 0.03333333333333333
0 0.5145833333333333 0.7282407407407407 0.014583333333333334 0.032407407407407406
0 0.06614583333333333 0.5037037037037038 0.010416666666666666 0.022222222222222223
0 0.12213541666666666 0.5949074074074074 0.011979166666666666 0.025
0 0.25494791666666666 0.6222222222222222 0.0109375 0.02777777777777778
0 0.011458333333333333 0.5773148148148148 0.010416666666666666 0.02314814814814815
0 0.3333333333333333 0.5731481481481482 0.010416666666666666 0.022222222222222223
0 0.15052083333333333 0.5625 0.009375 0.02314814814814815
0 0.0890625 0.6129629629629629 0.0125 0.024074074074074074
0 0.54765625 0.7189814814814816 0.0140625 0.032407407407407406
0 0.1734375 0.5819444444444445 0.011458333333333333 0.021296296296296296
0 0.5541666666666667 0.6768518518518519 0.013541666666666667 0.031481481481481485
0 0.45 0.48333333333333334 0.008333333333333333 0.022222222222222223
0 0.18255208333333334 0.576388888888889 0.0109375 0.02314814814814815
0 0.010677083333333334 0.5162037037037037 0.0109375 0.02314814814814815
0 0.37734375 0.47731481481481486 0.008854166666666666 0.025
0 0.47734375 0.775462962962963 0.0140625 0.032407407407407406
0 0.06067708333333333 0.5481481481481482 0.009895833333333333 0.018518518518518517
0 0.047135416666666666 0.5717592592592593 0.009895833333333333 0.019444444444444445
0 0.0484375 0.6087962962962963 0.009375 0.021296296296296296
0 0.9835937499999999 0.9351851851851852 0.0203125 0.037037037037037035
0 0.34765625 0.55 0.013020833333333334 0.024074074074074074
0 0.10833333333333334 0.6032407407407407 0.010416666666666666 0.021296296296296296
0 0.5690104166666666 0.4828703703703704 0.0078125 0.019444444444444445
0 0.16953125 0.6074074074074074 0.0109375 0.02592592592592593
0 0.21276041666666667 0.5152777777777778 0.0078125 0.015740740740740743
0 0.6122395833333333 0.7583333333333334 0.01614583333333333 0.037037037037037035
