0 0.4575520833333333 0.7111111111111111 0.015104166666666667 0.031481481481481485
0 0.48932291666666666 0.6949074074074074 0.013020833333333334 0.030555555555555558
0 0.8604166666666666 0.8847222222222223 0.019791666666666666 0.03981481481481482
0 0.40234375 0.6995370370370371 0.01614583333333333 0.03425925925925926
0 0.0984375 0.5564814814814815 0.010416666666666666 0.024074074074074074
0 0.328125 0.46342592592592596 0.009375 0.017592592592592594
0 0.39557291666666666 0.475462962962963 0.009895833333333333 0.02314814814814815
0 0.4192708333333333 0.7416666666666667 0.013541666666666667 0.02962962962962963
0 0.20520833333333333 0.6023148148148149 0.011458333333333333 0.025
0 0.029427083333333333 0.49259259259259264 0.0109375 0.020370370370370372
0 0.4817708333333333 0.6578703703703704 0.013541666666666667 0.030555555555555558
0 0.14635416666666667 0.5597222222222222 0.011458333333333333 0.02314814814814815
0 0.08541666666666667 0.5921296296296297 0.010416666666666666 0.02314814814814815
0 0.05677083333333333 0.6060185185185185 0.010416666666666666 0.02314814814814815
0 0.5442708333333334 0.7157407407407408 0.014583333333333334 0.03333333333333333
0 0.5375 0.4800925925925926 0.010416666666666666 0.019444444444444445
0 0.012760416666666666 0.5402777777777777 0.009895833333333333 0.019444444444444445
0 0.20911458333333333 0.537962962962963 0.008854166666666666 0.018518518518518517
0 0.09583333333333333 0.5856481481481481 0.010416666666666666 0.02314814814814815
0 0.13802083333333334 0.587962962962963 0.011458333333333333 0.024074074074074074
0 0.13307291666666665 0.5694444444444444 0.0109375 0.024074074074074074
0 0.19583333333333333 0.5162037037037037 0.009375 0.021296296296296296
0 0.005729166666666666 0.5069444444444444 0.010416666666666666 0.021296296296296296
0 0.03359375 0.5819444444444445 0.009895833333333333 0.019444444444444445
0 0.11901041666666666 0.48564814814814816 0.0109375 0.01388888888888889
0 0.019010416666666665 0.5703703703703704 0.011979166666666666 0.024074074074074074
