0 0.24661458333333333 0.6143518518518519 0.011979166666666666 0.026851851851851852
0 0.4453125 0.7180555555555556 0.013541666666666667 0.030555555555555558
0 0.5059895833333333 0.725925925925926 0.015104166666666667 0.03333333333333333
0 0.31979166666666664 0.5430555555555556 0.009375 0.021296296296296296
0 0.11927083333333333 0.5930555555555556 0.010416666666666666 0.025
0 0.5427083333333333 0.675462962962963 0.015625 0.036111111111111115
0 0.5364583333333334 0.7171296296296297 0.013541666666666667 0.032407407407407406
0 0.05286458333333333 0.5444444444444445 0.009895833333333333 0.018518518518518517
0 0.3671875 0.47453703703703703 0.008333333333333333 0.02314814814814815
0 0.08359375 0.611574074074074 0.011979166666666666 0.025
0 0.31015625 0.5666666666666667 0.0109375 0.022222222222222223
0 0.16770833333333332 0.5787037037037037 0.010416666666666666 0.022222222222222223
0 0.06197916666666667 0.5032407407407408 0.010416666666666666 0.02314814814814815
0 0.46588541666666666 0.7685185185185186 0.0140625 0.031481481481481485
0 0.04140625 0.5694444444444444 0.0109375 0.018518518518518517
0 0.6026041666666666 0.7472222222222222 0.014583333333333334 0.03518518518518519
0 0.009895833333333333 0.575925925925926 0.0125 0.022222222222222223
0 0.14192708333333334 0.5597222222222222 0.009895833333333333 0.021296296296296296
0 0.17760416666666667 0.5694444444444444 0.011458333333333333 0.022222222222222223
0 0.10494791666666667 0.600462962962963 0.009895833333333333 0.019444444444444445
0 0.049479166666666664 0.5995370370370371 0.009375 0.017592592592592594
0 0.9598958333333333 0.9305555555555556 0.025 0.044444444444444446
0 0.0078125 0.5143518518518518 0.011458333333333333 0.02314814814814815
0 0.1953125 0.5064814814814815 0.011458333333333333 0.020370370370370372
0 0.16432291666666665 0.6060185185185185 0.0109375 0.021296296296296296
0 0.44244791666666666 0.48564814814814816 0.0109375 0.019444444444444445
0 0.5638020833333334 0.4791666666666667 0.008854166666666666 0.015740740740740743
