0 0.5817708333333333 0.7824074074074074 0.015625 0.037037037037037035
0 0.3690104166666667 0.6768518518518519 0.0140625 0.031481481481481485
0 0.7052083333333333 0.7861111111111111 0.01875 0.03888888888888889
0 0.61796875 0.8398148148148148 0.01614583333333333 0.040740740740740744
0 0.7481770833333333 0.736574074074074 0.018229166666666668 0.03425925925925926
0 0.01875 0.5592592592592592 0.011458333333333333 0.020370370370370372
0 0.6713541666666667 0.7967592592592593 0.01875 0.04166666666666667
0 0.17916666666666667 0.6212962962962963 0.011458333333333333 0.02592592592592593
0 0.15729166666666666 0.5675925925925926 0.010416666666666666 0.022222222222222223
0 0.0703125 0.525 0.010416666666666666 0.022222222222222223
0 0.7026041666666667 0.6949074074074074 0.013541666666666667 0.030555555555555558
0 0.13776041666666666 0.5398148148148149 0.009895833333333333 0.02592592592592593
0 0.5716145833333334 0.5092592592592593 0.0078125 0.022222222222222223
0 0.8875 0.6037037037037037 0.010416666666666666 0.024074074074074074
0 0.11015625 0.5972222222222222 0.009895833333333333 0.022222222222222223
0 0.25677083333333334 0.576388888888889 0.010416666666666666 0.026851851851851852
0 0.07109375 0.5930555555555556 0.011979166666666666 0.025
0 0.8075520833333333 0.8648148148148148 0.019270833333333334 0.0462962962962963
0 0.23489583333333333 0.6486111111111111 0.014583333333333334 0.030555555555555558
0 0.9205729166666666 0.6425925925925926 0.0109375 0.024074074074074074
0 0.12317708333333333 0.638425925925926 0.013020833333333334 0.026851851851851852
0 0.25 0.6157407407407408 0.0125 0.03333333333333333
0 0.8380208333333333 0.6995370370370371 0.016666666666666666 0.032407407407407406
0 0.48932291666666666 0.500462962962963 0.008854166666666666 0.021296296296296296
0 0.16614583333333333 0.6277777777777778 0.010416666666666666 0.020370370370370372
0 0.050520833333333334 0.5287037037037037 0.008333333333333333 0.016666666666666666
0 0.4864583333333333 0.6125 0.0125 0.030555555555555558
0 0.26640625 0.612037037037037 0.013020833333333334 0.02777777777777778
0 0.14661458333333333 0.6402777777777778 0.0109375 0.021296296296296296
0 0.6346354166666667 0.4962962962962963 0.009895833333333333 0.024074074074074074
0 0.04192708333333333 0.5666666666666667 0.0078125 0.022222222222222223
0 0.03046875 0.538425925925926 0.009895833333333333 0.017592592592592594
0 0.027604166666666666 0.45046296296296295 0.009375 0.01388888888888889
