0 0.7421875 0.8240740740740741 0.01875 0.044444444444444446
0 0.6869791666666667 0.875462962962963 0.017708333333333333 0.03981481481481482
0 0.42213541666666665 0.6962962962962963 0.0140625 0.03333333333333333
0 0.77578125 0.8050925925925926 0.0171875 0.03981481481481482
0 0.6421875 0.8087962962962963 0.016666666666666666 0.04166666666666667
0 0.81640625 0.5824074074074075 0.0109375 0.022222222222222223
0 0.6208333333333333 0.5194444444444445 0.009375 0.02592592592592593
0 0.1015625 0.5287037037037037 0.011458333333333333 0.022222222222222223
0 0.03984375 0.5671296296296297 0.011979166666666666 0.021296296296296296
0 0.19583333333333333 0.5787037037037037 0.010416666666666666 0.022222222222222223
0 0.16953125 0.5527777777777778 0.0109375 0.02592592592592593
0 0.2916666666666667 0.5824074074074075 0.010416666666666666 0.024074074074074074
0 0.8494791666666667 0.6226851851851852 0.013541666666666667 0.026851851851851852
0 0.8380208333333333 0.7694444444444445 0.015625 0.03888888888888889
0 0.13255208333333332 0.6050925925925926 0.009895833333333333 0.02314814814814815
0 0.5322916666666666 0.5074074074074074 0.009375 0.020370370370370372
0 0.64140625 0.6671296296296296 0.013020833333333334 0.028703703703703703
0 0.27708333333333335 0.6333333333333333 0.0125 0.02592592592592593
0 0.8976562499999999 0.7643518518518518 0.01614583333333333 0.03425925925925926
0 0.15833333333333333 0.662962962962963 0.0125 0.02962962962962963
0 0.09817708333333333 0.6060185185185185 0.0109375 0.025
0 0.01796875 0.5824074074074075 0.013020833333333334 0.022222222222222223
0 0.2671875 0.6620370370370371 0.014583333333333334 0.02962962962962963
0 0.17161458333333332 0.650462962962963 0.011979166666666666 0.026851851851851852
0 0.18802083333333333 0.6398148148148148 0.010416666666666666 0.024074074074074074
0 0.64765625 0.4967592592592593 0.0067708333333333336 0.01388888888888889
0 0.07682291666666667 0.5319444444444444 0.0109375 0.02314814814814815
0 0.9013020833333333 0.9018518518518519 0.022395833333333334 0.040740740740740744
0 0.20338541666666665 0.6287037037037038 0.0109375 0.024074074074074074
0 0.2908854166666667 0.6217592592592592 0.0109375 0.026851851851851852
0 0.06302083333333333 0.5731481481481482 0.0125 0.022222222222222223
0 0.05859375 0.5449074074074074 0.0109375 0.019444444444444445
0 0.07291666666666667 0.4726851851851852 0.014583333333333334 0.02314814814814815
0 0.01484375 0.6032407407407407 0.009895833333333333 0.02314814814814815
