0 0.7630208333333334 0.7990740740740742 0.017708333333333333 0.040740740740740744
0 0.7270833333333333 0.8231481481481482 0.019791666666666666 0.04259259259259259
0 0.4114583333333333 0.6907407407407408 0.013541666666666667 0.031481481481481485
0 0.16432291666666665 0.5523148148148148 0.0109375 0.025
0 0.03671875 0.5657407407407408 0.011979166666666666 0.022222222222222223
0 0.0921875 0.5296296296296297 0.011458333333333333 0.024074074074074074
0 0.6736979166666667 0.8606481481481482 0.018229166666666668 0.03981481481481482
0 0.6119791666666666 0.5162037037037037 0.009375 0.025
0 0.12734375 0.6046296296296296 0.009895833333333333 0.024074074074074074
0 0.6317708333333333 0.8013888888888889 0.015625 0.04351851851851852
0 0.5231770833333333 0.5074074074074074 0.009895833333333333 0.020370370370370372
0 0.013802083333333333 0.5814814814814815 0.013020833333333334 0.024074074074074074
0 0.2609375 0.6574074074074074 0.013541666666666667 0.02777777777777778
0 0.2859375 0.576388888888889 0.011458333333333333 0.019444444444444445
0 0.8200520833333333 0.7615740740740741 0.018229166666666668 0.04166666666666667
0 0.8296875 0.587037037037037 0.011458333333333333 0.024074074074074074
0 0.18802083333333333 0.5736111111111112 0.009375 0.019444444444444445
0 0.14739583333333334 0.6541666666666667 0.013541666666666667 0.025
0 0.09010416666666667 0.6055555555555556 0.010416666666666666 0.022222222222222223
0 0.8559895833333333 0.75 0.0140625 0.031481481481481485
0 0.18203125 0.638888888888889 0.0109375 0.02592592592592593
0 0.27057291666666666 0.6337962962962963 0.011979166666666666 0.025
0 0.8614583333333333 0.6268518518518519 0.010416666666666666 0.024074074074074074
0 0.6080729166666666 0.6550925925925927 0.0140625 0.026851851851851852
0 0.88046875 0.887962962962963 0.0234375 0.04814814814814815
0 0.19609375 0.6282407407407408 0.009895833333333333 0.02314814814814815
0 0.06302083333333333 0.46620370370370373 0.0125 0.021296296296296296
0 0.05572916666666666 0.5449074074074074 0.011458333333333333 0.021296296296296296
0 0.075 0.5365740740740741 0.009375 0.017592592592592594
0 0.057812499999999996 0.5666666666666667 0.008333333333333333 0.014814814814814815
0 0.16692708333333334 0.6467592592592593 0.008854166666666666 0.015740740740740743
0 0.2864583333333333 0.6203703703703703 0.0125 0.022222222222222223
0 0.013541666666666667 0.6023148148148149 0.0125 0.02314814814814815
0 0.6481770833333333 0.4967592592592593 0.008854166666666666 0.019444444444444445
