0 0.7286458333333333 0.7893518518518519 0.017708333333333333 0.03796296296296296
0 0.6026041666666666 0.7944444444444445 0.016666666666666666 0.03888888888888889
0 0.18567708333333333 0.6240740740740741 0.011979166666666666 0.02592592592592593
0 0.38697916666666665 0.6833333333333333 0.013541666666666667 0.031481481481481485
0 0.6940104166666666 0.813425925925926 0.0171875 0.03981481481481482
0 0.028645833333333332 0.5620370370370371 0.0125 0.022222222222222223
0 0.171875 0.5712962962962963 0.009375 0.020370370370370372
0 0.7674479166666667 0.7157407407407408 0.015104166666666667 0.02962962962962963
0 0.26979166666666665 0.5777777777777778 0.010416666666666666 0.02592592592592593
0 0.11822916666666666 0.5986111111111111 0.011458333333333333 0.021296296296296296
0 0.8940104166666667 0.6328703703703704 0.011979166666666666 0.025
0 0.64375 0.850925925925926 0.016666666666666666 0.03888888888888889
0 0.5041666666666667 0.5013888888888889 0.009375 0.02314814814814815
0 0.14921875 0.5435185185185185 0.0109375 0.02592592592592593
0 0.25729166666666664 0.6236111111111111 0.013541666666666667 0.025
0 0.78203125 0.7416666666666667 0.019270833333333334 0.031481481481481485
0 0.8606770833333334 0.5944444444444444 0.0109375 0.022222222222222223
0 0.8395833333333333 0.8745370370370371 0.020833333333333332 0.049074074074074076
0 0.5395833333333333 0.6319444444444444 0.011458333333333333 0.028703703703703703
0 0.07942708333333333 0.5273148148148148 0.0109375 0.02314814814814815
0 0.13567708333333334 0.6490740740740741 0.009895833333333333 0.024074074074074074
0 0.5893229166666667 0.5097222222222222 0.008854166666666666 0.021296296296296296
0 0.15651041666666665 0.6430555555555556 0.009895833333333333 0.02314814814814815
0 0.2484375 0.6490740740740741 0.013541666666666667 0.02592592592592593
0 0.00546875 0.5884259259259259 0.0109375 0.028703703703703703
0 0.07630208333333333 0.5981481481481482 0.009895833333333333 0.018518518518518517
0 0.052083333333333336 0.5625 0.009375 0.021296296296296296
0 0.061718749999999996 0.5259259259259259 0.008854166666666666 0.016666666666666666
0 0.6359375 0.49583333333333335 0.007291666666666667 0.015740740740740743
0 0.17213541666666665 0.6337962962962963 0.009895833333333333 0.02314814814814815
0 0.92734375 0.7300925925925926 0.01614583333333333 0.04166666666666667
0 0.04244791666666667 0.4569444444444445 0.008854166666666666 0.015740740740740743
0 0.04375 0.538425925925926 0.008333333333333333 0.019444444444444445
0 0.2734375 0.6087962962962963 0.009375 0.02314814814814815
