0 0.6919270833333333 0.8120370370370371 0.0171875 0.040740740740740744
0 0.6 0.7935185185185185 0.016666666666666666 0.037037037037037035
0 0.18515625 0.6240740740740741 0.011979166666666666 0.02777777777777778
0 0.5869791666666666 0.5120370370370371 0.009375 0.02777777777777778
0 0.72578125 0.788425925925926 0.0171875 0.03796296296296296
0 0.134375 0.65 0.011458333333333333 0.02777777777777778
0 0.38515625 0.6814814814814815 0.013020833333333334 0.03333333333333333
0 0.7598958333333333 0.712962962962963 0.014583333333333334 0.02962962962962963
0 0.07890625 0.5259259259259259 0.0109375 0.024074074074074074
0 0.8630208333333333 0.5953703703703704 0.010416666666666666 0.02592592592592593
0 0.2565104166666667 0.625 0.011979166666666666 0.024074074074074074
0 0.028385416666666666 0.5625 0.011979166666666666 0.021296296296296296
0 0.11666666666666667 0.5972222222222222 0.009375 0.022222222222222223
0 0.5028645833333333 0.5013888888888889 0.009895833333333333 0.025
0 0.6411458333333333 0.85 0.017708333333333333 0.03888888888888889
0 0.17005208333333333 0.5722222222222223 0.009895833333333333 0.022222222222222223
0 0.7786458333333334 0.7421296296296297 0.01875 0.030555555555555558
0 0.53359375 0.6277777777777778 0.011979166666666666 0.024074074074074074
0 0.896875 0.6314814814814815 0.011458333333333333 0.024074074074074074
0 0.26875 0.5750000000000001 0.011458333333333333 0.022222222222222223
0 0.14739583333333334 0.5444444444444445 0.010416666666666666 0.024074074074074074
0 0.8361979166666667 0.8699074074074075 0.021354166666666667 0.04166666666666667
0 0.24661458333333333 0.650462962962963 0.013020833333333334 0.028703703703703703
0 0.07552083333333333 0.5949074074074074 0.010416666666666666 0.02314814814814815
0 0.6375 0.49722222222222223 0.008333333333333333 0.018518518518518517
0 0.15520833333333334 0.6472222222222223 0.009375 0.02592592592592593
0 0.005208333333333333 0.5902777777777778 0.010416666666666666 0.026851851851851852
0 0.9182291666666667 0.7194444444444444 0.01875 0.05
0 0.171875 0.6337962962962963 0.010416666666666666 0.02314814814814815
0 0.06067708333333333 0.5273148148148148 0.009895833333333333 0.017592592592592594
0 0.04114583333333333 0.4587962962962963 0.008333333333333333 0.019444444444444445
0 0.04375 0.5412037037037037 0.0125 0.021296296296296296
0 0.2734375 0.6143518518518519 0.011458333333333333 0.026851851851851852
0 0.05026041666666667 0.5643518518518519 0.011979166666666666 0.019444444444444445
