0 0.7697916666666667 0.8337962962962964 0.01875 0.04351851851851852
0 0.67109375 0.8222222222222223 0.018229166666666668 0.040740740740740744
0 0.44765625 0.7037037037037037 0.015104166666666667 0.03333333333333333
0 0.14817708333333332 0.6074074074074074 0.009895833333333333 0.024074074074074074
0 0.04921875 0.5703703703703704 0.0109375 0.022222222222222223
0 0.30494791666666665 0.5907407407407408 0.0109375 0.02592592592592593
0 0.2890625 0.6439814814814815 0.0125 0.028703703703703703
0 0.11848958333333333 0.5277777777777778 0.0109375 0.022222222222222223
0 0.8794270833333333 0.775462962962963 0.019270833333333334 0.036111111111111115
0 0.8161458333333333 0.6111111111111112 0.011458333333333333 0.024074074074074074
0 0.21223958333333334 0.5796296296296296 0.009895833333333333 0.024074074074074074
0 0.8067708333333333 0.8157407407407408 0.015625 0.04259259259259259
0 0.721875 0.6925925925925926 0.0125 0.03333333333333333
0 0.7861979166666666 0.5782407407407407 0.0109375 0.025
0 0.02734375 0.5893518518518519 0.013020833333333334 0.028703703703703703
0 0.18177083333333333 0.5592592592592592 0.010416666666666666 0.02592592592592593
0 0.7177083333333333 0.8824074074074074 0.01875 0.040740740740740744
0 0.5546875 0.5115740740740741 0.009375 0.021296296296296296
0 0.09140625 0.538425925925926 0.011979166666666666 0.02314814814814815
0 0.9481770833333333 0.9101851851851852 0.0234375 0.04259259259259259
0 0.6447916666666667 0.525 0.010416666666666666 0.024074074074074074
0 0.10520833333333333 0.6074074074074074 0.009375 0.024074074074074074
0 0.9955729166666667 0.7939814814814815 0.009895833333333333 0.04166666666666667
0 0.28020833333333334 0.663425925925926 0.0125 0.026851851851851852
0 0.21510416666666665 0.6287037037037038 0.010416666666666666 0.020370370370370372
0 0.06979166666666667 0.5699074074074074 0.010416666666666666 0.025
0 0.29765625 0.6296296296296297 0.0109375 0.02592592592592593
0 0.20208333333333334 0.638425925925926 0.011458333333333333 0.019444444444444445
0 0.07578125 0.5462962962962963 0.0109375 0.022222222222222223
0 0.09401041666666667 0.4740740740740741 0.011979166666666666 0.024074074074074074
0 0.0296875 0.6055555555555556 0.0125 0.02592592592592593
0 0.18098958333333334 0.6537037037037037 0.013020833333333334 0.02592592592592593
0 0.18723958333333332 0.6680555555555556 0.009895833333333333 0.026851851851851852
0 0.6578125 0.49722222222222223 0.0125 0.02592592592592593
0 0.97265625 0.625 0.009895833333333333 0.022222222222222223
0 0.9716145833333333 0.6490740740740741 0.0109375 0.022222222222222223
