0 0.5947916666666666 0.7912037037037037 0.016666666666666666 0.03796296296296296
0 0.26484375 0.575462962962963 0.0109375 0.025
0 0.72109375 0.7870370370370371 0.018229166666666668 0.03888888888888889
0 0.8692708333333333 0.5962962962962963 0.011458333333333333 0.024074074074074074
0 0.026041666666666668 0.5620370370370371 0.0125 0.020370370370370372
0 0.6864583333333333 0.8101851851851852 0.016666666666666666 0.03888888888888889
0 0.11458333333333333 0.5972222222222222 0.010416666666666666 0.024074074074074074
0 0.3807291666666667 0.6791666666666667 0.013541666666666667 0.032407407407407406
0 0.0765625 0.524537037037037 0.011458333333333333 0.021296296296296296
0 0.5208333333333334 0.6263888888888889 0.011458333333333333 0.026851851851851852
0 0.7453125 0.7097222222222223 0.014583333333333334 0.030555555555555558
0 0.18333333333333332 0.6231481481481481 0.011458333333333333 0.024074074074074074
0 0.6338541666666666 0.8495370370370371 0.015625 0.03796296296296296
0 0.5833333333333334 0.5097222222222222 0.009375 0.025
0 0.8291666666666666 0.8643518518518519 0.020833333333333332 0.03981481481481482
0 0.13177083333333334 0.6481481481481481 0.013541666666666667 0.031481481481481485
0 0.90234375 0.6351851851851852 0.011979166666666666 0.02592592592592593
0 0.25416666666666665 0.6245370370370371 0.0125 0.026851851851851852
0 0.7713541666666667 0.7435185185185186 0.01875 0.03333333333333333
0 0.16692708333333334 0.5689814814814815 0.009895833333333333 0.019444444444444445
0 0.14479166666666665 0.5407407407407407 0.010416666666666666 0.022222222222222223
0 0.8989583333333333 0.7226851851851852 0.01875 0.03981481481481482
0 0.07421875 0.6 0.009895833333333333 0.022222222222222223
0 0.24427083333333333 0.65 0.013541666666666667 0.02777777777777778
0 0.17005208333333333 0.6314814814814815 0.0109375 0.020370370370370372
0 0.49947916666666664 0.4986111111111111 0.008333333333333333 0.019444444444444445
0 0.0484375 0.5601851851851852 0.011458333333333333 0.024074074074074074
0 0.15390625 0.6467592592592593 0.011979166666666666 0.025
0 0.0046875 0.5907407407407408 0.008333333333333333 0.02777777777777778
0 0.03723958333333333 0.4569444444444445 0.008854166666666666 0.017592592592592594
0 0.039322916666666666 0.538425925925926 0.0109375 0.017592592592592594
0 0.05755208333333333 0.5291666666666667 0.009895833333333333 0.021296296296296296
0 0.6369791666666667 0.4990740740740741 0.0125 0.02592592592592593
0 0.26848958333333334 0.6111111111111112 0.009895833333333333 0.024074074074074074
