0 0.6908854166666667 0.8273148148148148 0.019270833333333334 0.03796296296296296
0 0.8268229166666666 0.8157407407407408 0.019270833333333334 0.037037037037037035
0 0.05703125 0.5731481481481482 0.011979166666666666 0.024074074074074074
0 0.46458333333333335 0.7111111111111111 0.014583333333333334 0.03333333333333333
0 0.15677083333333333 0.6092592592592593 0.010416666666666666 0.024074074074074074
0 0.9057291666666667 0.7782407407407408 0.021875 0.04166666666666667
0 0.22473958333333333 0.5819444444444445 0.009895833333333333 0.025
0 0.7955729166666666 0.6097222222222223 0.0109375 0.02314814814814815
0 0.31536458333333334 0.5916666666666667 0.0109375 0.02592592592592593
0 0.7895833333333333 0.8435185185185186 0.020833333333333332 0.03888888888888889
0 0.19192708333333333 0.5583333333333333 0.011979166666666666 0.02777777777777778
0 0.20052083333333334 0.6722222222222223 0.013541666666666667 0.02962962962962963
0 0.5692708333333333 0.5097222222222222 0.010416666666666666 0.02314814814814815
0 0.7388020833333333 0.8902777777777778 0.018229166666666668 0.04166666666666667
0 0.12395833333333334 0.5314814814814816 0.011458333333333333 0.024074074074074074
0 0.9799479166666667 0.9277777777777778 0.024479166666666666 0.04259259259259259
0 0.10338541666666666 0.5375 0.0109375 0.025
0 0.1140625 0.6097222222222223 0.009375 0.025
0 0.9510416666666667 0.6347222222222223 0.016666666666666666 0.032407407407407406
0 0.034375 0.5921296296296297 0.013541666666666667 0.026851851851851852
0 0.7671875 0.5736111111111112 0.010416666666666666 0.02314814814814815
0 0.29713541666666665 0.6444444444444445 0.011979166666666666 0.02777777777777778
0 0.22161458333333334 0.6328703703703704 0.0109375 0.02314814814814815
0 0.1890625 0.6574074074074074 0.011458333333333333 0.02592592592592593
0 0.07708333333333334 0.5722222222222223 0.011458333333333333 0.02592592592592593
0 0.21041666666666667 0.6393518518518518 0.010416666666666666 0.021296296296296296
0 0.9523437499999999 0.6208333333333333 0.015104166666666667 0.028703703703703703
0 0.08333333333333333 0.5513888888888889 0.010416666666666666 0.021296296296296296
0 0.2916666666666667 0.6648148148148149 0.0125 0.02777777777777778
0 0.03463541666666667 0.6037037037037037 0.011979166666666666 0.02777777777777778
0 0.10859375 0.47500000000000003 0.011979166666666666 0.020370370370370372
0 0.3015625 0.6277777777777778 0.011458333333333333 0.02592592592592593
0 0.6614583333333334 0.4953703703703704 0.0125 0.022222222222222223
0 0.65859375 0.5300925925925926 0.009895833333333333 0.019444444444444445
0 0.7807291666666667 0.7064814814814815 0.014583333333333334 0.031481481481481485
