0 0.6875 0.825925925925926 0.01875 0.037037037037037035
0 0.22343749999999998 0.5810185185185185 0.010416666666666666 0.021296296296296296
0 0.15520833333333334 0.6092592592592593 0.010416666666666666 0.024074074074074074
0 0.055989583333333336 0.5731481481481482 0.011979166666666666 0.022222222222222223
0 0.9020833333333333 0.7768518518518519 0.020833333333333332 0.04259259259259259
0 0.8236979166666667 0.8157407407407408 0.018229166666666668 0.040740740740740744
0 0.19036458333333334 0.5574074074074075 0.011979166666666666 0.02592592592592593
0 0.7361979166666667 0.888425925925926 0.019270833333333334 0.04166666666666667
0 0.7856770833333333 0.8425925925925927 0.0203125 0.040740740740740744
0 0.31328125 0.5898148148148148 0.011979166666666666 0.024074074074074074
0 0.46119791666666665 0.7111111111111111 0.0140625 0.03333333333333333
0 0.19791666666666666 0.6689814814814815 0.013541666666666667 0.028703703703703703
0 0.11197916666666667 0.6097222222222223 0.010416666666666666 0.026851851851851852
0 0.12291666666666666 0.5296296296296297 0.010416666666666666 0.020370370370370372
0 0.56640625 0.5087962962962963 0.009895833333333333 0.019444444444444445
0 0.79921875 0.6106481481481482 0.009895833333333333 0.02314814814814815
0 0.7713541666666667 0.7055555555555556 0.011458333333333333 0.03333333333333333
0 0.28984375 0.6648148148148149 0.013020833333333334 0.02777777777777778
0 0.29609375 0.6458333333333334 0.011979166666666666 0.026851851851851852
0 0.7697916666666667 0.5717592592592593 0.010416666666666666 0.021296296296296296
0 0.20911458333333333 0.6398148148148148 0.009895833333333333 0.022222222222222223
0 0.65546875 0.5273148148148148 0.0140625 0.030555555555555558
0 0.18828125 0.6546296296296297 0.011979166666666666 0.02592592592592593
0 0.10338541666666666 0.5347222222222222 0.009895833333333333 0.021296296296296296
0 0.9739583333333334 0.9296296296296297 0.022916666666666665 0.044444444444444446
0 0.22057291666666667 0.6319444444444444 0.009895833333333333 0.021296296296296296
0 0.08046875 0.5504629629629629 0.009895833333333333 0.019444444444444445
0 0.0765625 0.5750000000000001 0.013541666666666667 0.020370370370370372
0 0.10677083333333333 0.47453703703703703 0.009375 0.019444444444444445
0 0.032552083333333336 0.600462962962963 0.009895833333333333 0.021296296296296296
0 0.03333333333333333 0.5842592592592593 0.011458333333333333 0.022222222222222223
0 0.30104166666666665 0.625462962962963 0.011458333333333333 0.019444444444444445
0 0.659375 0.49259259259259264 0.013541666666666667 0.024074074074074074
0 0.9565104166666667 0.6175925925925926 0.009895833333333333 0.02592592592592593
0 0.9559895833333333 0.638888888888889 0.0109375 0.024074074074074074
