0 0.76875 0.8 0.017708333333333333 0.037037037037037035
0 0.73359375 0.8240740740740741 0.018229166666666668 0.04259259259259259
0 0.4158854166666667 0.6925925925925926 0.015104166666666667 0.03333333333333333
0 0.03828125 0.5675925925925926 0.0109375 0.022222222222222223
0 0.12864583333333332 0.6046296296296296 0.009375 0.024074074074074074
0 0.828125 0.762962962962963 0.01875 0.040740740740740744
0 0.63515625 0.8050925925925926 0.018229166666666668 0.03981481481481482
0 0.19114583333333332 0.5768518518518518 0.009375 0.024074074074074074
0 0.28880208333333335 0.5782407407407407 0.0109375 0.021296296296296296
0 0.15260416666666665 0.6564814814814816 0.0125 0.022222222222222223
0 0.6778645833333333 0.8680555555555556 0.01614583333333333 0.04166666666666667
0 0.16666666666666666 0.5518518518518519 0.011458333333333333 0.02592592592592593
0 0.27447916666666666 0.6310185185185185 0.013541666666666667 0.02314814814814815
0 0.82421875 0.5837962962962964 0.0109375 0.021296296296296296
0 0.615625 0.5162037037037037 0.009375 0.02314814814814815
0 0.09427083333333333 0.6069444444444445 0.011458333333333333 0.025
0 0.871875 0.7583333333333334 0.013541666666666667 0.03518518518518519
0 0.8567708333333334 0.6231481481481481 0.010416666666666666 0.024074074074074074
0 0.18333333333333332 0.6393518518518518 0.010416666666666666 0.025
0 0.6208333333333333 0.6601851851851852 0.0125 0.02962962962962963
0 0.5265625 0.5060185185185185 0.008333333333333333 0.017592592592592594
0 0.26328125 0.6578703703703704 0.013020833333333334 0.025
0 0.014583333333333334 0.5851851851851853 0.0125 0.024074074074074074
0 0.28802083333333334 0.6222222222222222 0.009375 0.020370370370370372
0 0.09557291666666666 0.5273148148148148 0.009895833333333333 0.021296296296296296
0 0.8903645833333333 0.887962962962963 0.021354166666666667 0.04259259259259259
0 0.6471354166666666 0.49583333333333335 0.005729166666666666 0.01388888888888889
0 0.07395833333333333 0.5351851851851852 0.010416666666666666 0.018518518518518517
0 0.19869791666666667 0.6287037037037038 0.0109375 0.022222222222222223
0 0.0625 0.5699074074074074 0.0125 0.02314814814814815
0 0.06432291666666666 0.4652777777777778 0.009895833333333333 0.021296296296296296
0 0.16927083333333334 0.649537037037037 0.0125 0.02314814814814815
0 0.014322916666666666 0.6023148148148149 0.008854166666666666 0.02314814814814815
0 0.055989583333333336 0.5472222222222223 0.008854166666666666 0.022222222222222223
