0 0.31979166666666664 0.5189814814814815 0.011458333333333333 0.02314814814814815
0 0.7270833333333333 0.5736111111111112 0.0125 0.025
0 0.9322916666666666 0.8699074074074075 0.021875 0.04351851851851852
0 0.23229166666666667 0.5347222222222222 0.010416666666666666 0.02314814814814815
0 0.2630208333333333 0.6171296296296297 0.010416666666666666 0.026851851851851852
0 0.8481770833333333 0.8453703703703704 0.018229166666666668 0.03518518518518519
0 0.6895833333333333 0.7787037037037038 0.015625 0.03888888888888889
0 0.14557291666666666 0.575462962962963 0.011979166666666666 0.025
0 0.30703125 0.5805555555555556 0.0109375 0.02592592592592593
0 0.3578125 0.5939814814814816 0.010416666666666666 0.025
0 0.225 0.6398148148148148 0.013541666666666667 0.02592592592592593
0 0.16302083333333334 0.5736111111111112 0.010416666666666666 0.026851851851851852
0 0.44817708333333334 0.6245370370370371 0.0109375 0.026851851851851852
0 0.2838541666666667 0.6726851851851852 0.0125 0.028703703703703703
0 0.309375 0.6541666666666667 0.011458333333333333 0.026851851851851852
0 0.5763020833333333 0.5101851851851852 0.009895833333333333 0.018518518518518517
0 0.12578125 0.600925925925926 0.0140625 0.02592592592592593
0 0.4028645833333333 0.662962962962963 0.0140625 0.031481481481481485
0 0.05755208333333333 0.5458333333333334 0.008854166666666666 0.019444444444444445
0 0.20651041666666667 0.5458333333333334 0.009895833333333333 0.02314814814814815
0 0.7479166666666667 0.525 0.011458333333333333 0.022222222222222223
0 0.8447916666666666 0.5625 0.011458333333333333 0.025
0 0.9260416666666667 0.600925925925926 0.0125 0.022222222222222223
0 0.57265625 0.5333333333333333 0.009895833333333333 0.020370370370370372
0 0.19609375 0.5601851851851852 0.008854166666666666 0.022222222222222223
0 0.3989583333333333 0.674537037037037 0.011458333333333333 0.026851851851851852
0 0.17838541666666666 0.4550925925925926 0.0078125 0.017592592592592594
0 0.39401041666666664 0.7069444444444445 0.013020833333333334 0.030555555555555558
0 0.09348958333333333 0.45925925925925926 0.0078125 0.016666666666666666
0 0.11640625 0.6245370370370371 0.013020833333333334 0.02314814814814815
0 0.31953125 0.6453703703703704 0.011979166666666666 0.024074074074074074
0 0.7333333333333333 0.48935185185185187 0.0125 0.026851851851851852
0 0.7361979166666667 0.5509259259259259 0.0109375 0.02592592592592593
