0 0.240625 0.537962962962963 0.010416666666666666 0.020370370370370372
0 0.17005208333333333 0.5731481481481482 0.0109375 0.02592592592592593
0 0.3169270833333333 0.5768518518518518 0.013020833333333334 0.02777777777777778
0 0.9591145833333333 0.8689814814814815 0.0234375 0.04351851851851852
0 0.37265625 0.5958333333333333 0.011979166666666666 0.025
0 0.2739583333333333 0.6180555555555556 0.011458333333333333 0.026851851851851852
0 0.15234375 0.576388888888889 0.011979166666666666 0.02314814814814815
0 0.7088541666666667 0.5606481481481481 0.011458333333333333 0.025
0 0.296875 0.6680555555555556 0.0125 0.028703703703703703
0 0.34322916666666664 0.5217592592592593 0.010416666666666666 0.021296296296296296
0 0.7153645833333333 0.7796296296296297 0.018229166666666668 0.040740740740740744
0 0.4578125 0.6305555555555555 0.011458333333333333 0.02592592592592593
0 0.8619791666666666 0.8268518518518518 0.017708333333333333 0.03333333333333333
0 0.8658854166666666 0.5625 0.013020833333333334 0.030555555555555558
0 0.8966145833333333 0.5958333333333333 0.011979166666666666 0.026851851851851852
0 0.06822916666666666 0.5458333333333334 0.010416666666666666 0.021296296296296296
0 0.13229166666666667 0.600925925925926 0.013541666666666667 0.02592592592592593
0 0.23515624999999998 0.6351851851851852 0.011979166666666666 0.02777777777777778
0 0.7671875 0.5347222222222222 0.011458333333333333 0.02314814814814815
0 0.5505208333333333 0.5268518518518519 0.008333333333333333 0.020370370370370372
0 0.19453125 0.4569444444444445 0.0078125 0.017592592592592594
0 0.559375 0.49953703703703706 0.009375 0.021296296296296296
0 0.3169270833333333 0.6523148148148148 0.011979166666666666 0.025
0 0.71640625 0.5430555555555556 0.009895833333333333 0.019444444444444445
0 0.10182291666666667 0.4527777777777778 0.009895833333333333 0.020370370370370372
0 0.41770833333333335 0.7018518518518518 0.014583333333333334 0.03518518518518519
0 0.4166666666666667 0.6560185185185186 0.011458333333333333 0.028703703703703703
0 0.40911458333333334 0.6736111111111112 0.013020833333333334 0.030555555555555558
0 0.39947916666666666 0.7027777777777778 0.015625 0.02777777777777778
0 0.32786458333333335 0.6425925925925926 0.011979166666666666 0.024074074074074074
0 0.21510416666666665 0.549074074074074 0.008333333333333333 0.024074074074074074
0 0.20755208333333333 0.5578703703703703 0.0109375 0.02314814814814815
0 0.12343749999999999 0.6268518518518519 0.013541666666666667 0.02592592592592593
0 0.73828125 0.4898148148148148 0.008854166666666666 0.024074074074074074
