0 0.8932291666666666 0.8828703703703704 0.020833333333333332 0.04722222222222222
0 0.9466145833333334 0.8555555555555556 0.021354166666666667 0.040740740740740744
0 0.11692708333333333 0.5740740740740741 0.009895833333333333 0.024074074074074074
0 0.7932291666666667 0.8574074074074074 0.019791666666666666 0.040740740740740744
0 0.09765625 0.575925925925926 0.011979166666666666 0.022222222222222223
0 0.5549479166666667 0.7388888888888889 0.015104166666666667 0.037037037037037035
0 0.23697916666666666 0.5675925925925926 0.011458333333333333 0.02592592592592593
0 0.20442708333333334 0.6148148148148148 0.009895833333333333 0.02592592592592593
0 0.3729166666666667 0.6101851851851852 0.010416666666666666 0.024074074074074074
0 0.2864583333333333 0.5837962962962964 0.010416666666666666 0.02314814814814815
0 0.22578125 0.6615740740740741 0.011979166666666666 0.028703703703703703
0 0.6455729166666666 0.5180555555555556 0.009895833333333333 0.02314814814814815
0 0.06848958333333333 0.5972222222222222 0.011979166666666666 0.024074074074074074
0 0.2765625 0.6902777777777778 0.0125 0.026851851851851852
0 0.0640625 0.6134259259259259 0.0125 0.025
0 0.7854166666666667 0.8916666666666667 0.019791666666666666 0.037037037037037035
0 0.8505208333333333 0.6129629629629629 0.014583333333333334 0.02777777777777778
0 0.17005208333333333 0.5328703703703704 0.009895833333333333 0.019444444444444445
0 0.6932291666666667 0.5796296296296296 0.010416666666666666 0.024074074074074074
0 0.8507812499999999 0.5972222222222222 0.0109375 0.024074074074074074
0 0.190625 0.4935185185185185 0.009375 0.018518518518518517
0 0.26197916666666665 0.637962962962963 0.010416666666666666 0.024074074074074074
0 0.14973958333333334 0.5425925925925926 0.009895833333333333 0.018518518518518517
0 0.16328125 0.6175925925925926 0.009895833333333333 0.024074074074074074
0 0.0036458333333333334 0.5347222222222222 0.007291666666666667 0.019444444444444445
0 0.25364583333333335 0.6467592592592593 0.009375 0.02314814814814815
0 0.740625 0.5388888888888889 0.007291666666666667 0.014814814814814815
0 0.039322916666666666 0.4625 0.008854166666666666 0.017592592592592594
0 0.07682291666666667 0.4398148148148148 0.0067708333333333336 0.012962962962962964
0 0.34453125 0.6453703703703704 0.0109375 0.024074074074074074
0 0.33880208333333334 0.6759259259259259 0.013020833333333334 0.031481481481481485
0 0.3411458333333333 0.6583333333333333 0.009375 0.020370370370370372
0 0.12994791666666666 0.5560185185185186 0.0078125 0.015740740740740743
0 0.6895833333333333 0.49768518518518523 0.007291666666666667 0.015740740740740743
0 0.6778645833333333 0.5462962962962963 0.0078125 0.020370370370370372
