0 0.9291666666666667 0.8898148148148148 0.021875 0.05
0 0.10989583333333333 0.575925925925926 0.0125 0.022222222222222223
0 0.8252604166666666 0.8638888888888889 0.019270833333333334 0.044444444444444446
0 0.8190104166666666 0.6046296296296296 0.013020833333333334 0.02592592592592593
0 0.9861979166666667 0.862037037037037 0.021354166666666667 0.04259259259259259
0 0.21822916666666667 0.6148148148148148 0.010416666666666666 0.024074074074074074
0 0.39166666666666666 0.6129629629629629 0.011458333333333333 0.02777777777777778
0 0.7934895833333333 0.8898148148148148 0.019270833333333334 0.03888888888888889
0 0.12786458333333334 0.5736111111111112 0.0109375 0.025
0 0.584375 0.7435185185185186 0.014583333333333334 0.03333333333333333
0 0.7622395833333333 0.5504629629629629 0.0109375 0.028703703703703703
0 0.30494791666666665 0.5921296296296297 0.0109375 0.026851851851851852
0 0.23802083333333332 0.6662037037037037 0.011458333333333333 0.028703703703703703
0 0.8239583333333333 0.5842592592592593 0.011458333333333333 0.022222222222222223
0 0.18151041666666667 0.625 0.0109375 0.024074074074074074
0 0.6697916666666667 0.5203703703703704 0.010416666666666666 0.022222222222222223
0 0.2518229166666667 0.5689814814814815 0.011979166666666666 0.025
0 0.01328125 0.5393518518518519 0.009895833333333333 0.017592592592592594
0 0.16197916666666667 0.5412037037037037 0.009375 0.021296296296296296
0 0.18697916666666667 0.5375 0.009375 0.02314814814814815
0 0.3606770833333333 0.6546296296296297 0.0140625 0.03333333333333333
0 0.3020833333333333 0.6953703703703704 0.013541666666666667 0.02777777777777778
0 0.07630208333333333 0.6138888888888889 0.0140625 0.024074074074074074
0 0.21901041666666665 0.5013888888888889 0.009895833333333333 0.019444444444444445
0 0.084375 0.5981481481481482 0.0125 0.024074074074074074
0 0.27369791666666665 0.6412037037037037 0.0109375 0.02314814814814815
0 0.2630208333333333 0.6527777777777778 0.010416666666666666 0.02777777777777778
0 0.3497395833333333 0.6833333333333333 0.013020833333333334 0.02962962962962963
0 0.6520833333333333 0.5407407407407407 0.00625 0.016666666666666666
0 0.6958333333333333 0.4967592592592593 0.008333333333333333 0.017592592592592594
0 0.05520833333333333 0.46296296296296297 0.00625 0.016666666666666666
0 0.14453125 0.5587962962962963 0.0078125 0.015740740740740743
0 0.1015625 0.4449074074074074 0.009375 0.01388888888888889
0 0.3580729166666667 0.6680555555555556 0.009895833333333333 0.026851851851851852
0 0.6627604166666666 0.5731481481481482 0.0109375 0.022222222222222223
