0 0.9518229166666666 0.8722222222222222 0.022395833333333334 0.044444444444444446
0 0.4125 0.6555555555555556 0.015625 0.031481481481481485
0 0.15026041666666667 0.5773148148148148 0.011979166666666666 0.025
0 0.29322916666666665 0.6680555555555556 0.0125 0.026851851851851852
0 0.3143229166666667 0.576388888888889 0.011979166666666666 0.026851851851851852
0 0.3692708333333333 0.5967592592592593 0.011458333333333333 0.02314814814814815
0 0.33671875 0.5203703703703704 0.0109375 0.024074074074074074
0 0.90390625 0.5981481481481482 0.0140625 0.02592592592592593
0 0.2375 0.5365740740740741 0.010416666666666666 0.021296296296296296
0 0.7135416666666666 0.5638888888888889 0.010416666666666666 0.02592592592592593
0 0.27057291666666666 0.6185185185185186 0.009895833333333333 0.024074074074074074
0 0.70859375 0.7805555555555556 0.01614583333333333 0.040740740740740744
0 0.45598958333333334 0.6310185185185185 0.0109375 0.026851851851851852
0 0.16875 0.5736111111111112 0.010416666666666666 0.025
0 0.8591145833333333 0.8328703703703704 0.018229166666666668 0.036111111111111115
0 0.41041666666666665 0.7018518518518518 0.014583333333333334 0.03518518518518519
0 0.7622395833333333 0.5324074074074074 0.0109375 0.02777777777777778
0 0.12942708333333333 0.5981481481481482 0.0109375 0.022222222222222223
0 0.8604166666666666 0.5671296296296297 0.011458333333333333 0.021296296296296296
0 0.06510416666666667 0.5467592592592593 0.009375 0.019444444444444445
0 0.23255208333333333 0.6342592592592593 0.011979166666666666 0.02592592592592593
0 0.32369791666666664 0.6416666666666667 0.009895833333333333 0.022222222222222223
0 0.3143229166666667 0.6537037037037037 0.009895833333333333 0.024074074074074074
0 0.21145833333333333 0.549537037037037 0.009375 0.02314814814814815
0 0.56328125 0.5023148148148149 0.009895833333333333 0.021296296296296296
0 0.5544270833333333 0.5314814814814816 0.009895833333333333 0.022222222222222223
0 0.20520833333333333 0.5541666666666667 0.010416666666666666 0.025
0 0.40703125 0.674074074074074 0.0140625 0.031481481481481485
0 0.72109375 0.5430555555555556 0.008854166666666666 0.015740740740740743
0 0.3950520833333333 0.7023148148148148 0.009895833333333333 0.02314814814814815
0 0.12135416666666667 0.625462962962963 0.0125 0.021296296296296296
0 0.09947916666666666 0.45555555555555555 0.009375 0.016666666666666666
0 0.18984375 0.45925925925925926 0.008854166666666666 0.012962962962962964
0 0.7377604166666667 0.4898148148148148 0.0078125 0.024074074074074074
