0 0.8658854166666666 0.8611111111111112 0.019270833333333334 0.04814814814814815
0 0.08541666666666667 0.5745370370370371 0.011458333333333333 0.02314814814814815
0 0.19322916666666667 0.612037037037037 0.010416666666666666 0.024074074074074074
0 0.71875 0.587962962962963 0.010416666666666666 0.022222222222222223
0 0.3580729166666667 0.6069444444444445 0.0109375 0.025
0 0.7682291666666666 0.8481481481481482 0.019791666666666666 0.03888888888888889
0 0.15286458333333333 0.6152777777777778 0.0109375 0.028703703703703703
0 0.10625 0.5731481481481482 0.010416666666666666 0.024074074074074074
0 0.5307291666666667 0.7268518518518519 0.014583333333333334 0.03518518518518519
0 0.77890625 0.8898148148148148 0.019270833333333334 0.037037037037037035
0 0.9153645833333334 0.8476851851851852 0.015104166666666667 0.03981481481481482
0 0.22369791666666666 0.5643518518518519 0.0109375 0.026851851851851852
0 0.6286458333333333 0.5171296296296296 0.009375 0.02314814814814815
0 0.05963541666666666 0.5949074074074074 0.013020833333333334 0.025
0 0.27057291666666666 0.5875 0.0109375 0.025
0 0.21770833333333334 0.6592592592592593 0.011458333333333333 0.02592592592592593
0 0.8742187499999999 0.6175925925925926 0.013020833333333334 0.02777777777777778
0 0.2591145833333333 0.6805555555555556 0.011979166666666666 0.02962962962962963
0 0.05234375 0.6106481481481482 0.013020833333333334 0.025
0 0.3333333333333333 0.6513888888888889 0.013541666666666667 0.030555555555555558
0 0.6989583333333333 0.5527777777777778 0.010416666666666666 0.022222222222222223
0 0.2515625 0.637962962962963 0.010416666666666666 0.02777777777777778
0 0.8768229166666667 0.5995370370370371 0.009895833333333333 0.02314814814814815
0 0.16119791666666666 0.5333333333333333 0.009895833333333333 0.018518518518518517
0 0.3268229166666667 0.6708333333333334 0.013020833333333334 0.028703703703703703
0 0.7200520833333334 0.538425925925926 0.009895833333333333 0.021296296296296296
0 0.24322916666666666 0.6416666666666667 0.008333333333333333 0.020370370370370372
0 0.13359375 0.5421296296296296 0.0067708333333333336 0.015740740740740743
0 0.11848958333333333 0.5513888888888889 0.0067708333333333336 0.015740740740740743
0 0.16744791666666667 0.4902777777777778 0.008854166666666666 0.015740740740740743
0 0.05859375 0.4361111111111111 0.008854166666666666 0.020370370370370372
0 0.029427083333333333 0.46342592592592596 0.009895833333333333 0.019444444444444445
0 0.33046875 0.6555555555555556 0.0109375 0.020370370370370372
0 0.6802083333333333 0.4986111111111111 0.007291666666666667 0.017592592592592594
