0 0.26979166666666665 0.6185185185185186 0.010416666666666666 0.02592592592592593
0 0.14921875 0.5768518518518518 0.011979166666666666 0.02592592592592593
0 0.16796875 0.5731481481481482 0.0109375 0.02592592592592593
0 0.23697916666666666 0.5375 0.010416666666666666 0.026851851851851852
0 0.4109375 0.6569444444444444 0.014583333333333334 0.028703703703703703
0 0.94921875 0.8731481481481482 0.021354166666666667 0.044444444444444446
0 0.3125 0.5782407407407407 0.0125 0.028703703703703703
0 0.06458333333333333 0.5467592592592593 0.010416666666666666 0.021296296296296296
0 0.45468749999999997 0.6282407407407408 0.010416666666666666 0.025
0 0.7057291666666666 0.7791666666666667 0.015625 0.03796296296296296
0 0.7158854166666666 0.5652777777777778 0.0109375 0.025
0 0.3671875 0.5962962962962963 0.011458333333333333 0.022222222222222223
0 0.7611979166666667 0.5300925925925926 0.011979166666666666 0.025
0 0.33359375 0.5208333333333334 0.009895833333333333 0.021296296296296296
0 0.85703125 0.8375 0.0171875 0.03425925925925926
0 0.29192708333333334 0.6708333333333334 0.011979166666666666 0.028703703703703703
0 0.12916666666666665 0.5990740740740741 0.0125 0.024074074074074074
0 0.565625 0.5023148148148149 0.009375 0.021296296296296296
0 0.20416666666666666 0.5560185185185186 0.011458333333333333 0.026851851851851852
0 0.8578125 0.5662037037037038 0.013541666666666667 0.02314814814814815
0 0.4083333333333333 0.7027777777777778 0.014583333333333334 0.031481481481481485
0 0.40572916666666664 0.675462962962963 0.0125 0.028703703703703703
0 0.3229166666666667 0.6416666666666667 0.011458333333333333 0.024074074074074074
0 0.18802083333333333 0.4564814814814815 0.009375 0.018518518518518517
0 0.5596354166666666 0.5314814814814816 0.009895833333333333 0.022222222222222223
0 0.31354166666666666 0.6523148148148148 0.010416666666666666 0.025
0 0.23072916666666665 0.6361111111111112 0.0125 0.02777777777777778
0 0.21223958333333334 0.549537037037037 0.008854166666666666 0.025
0 0.7244791666666667 0.5476851851851852 0.008333333333333333 0.017592592592592594
0 0.39348958333333334 0.7037037037037037 0.009895833333333333 0.024074074074074074
0 0.121875 0.6277777777777778 0.013541666666666667 0.024074074074074074
0 0.09895833333333333 0.45740740740740743 0.009375 0.016666666666666666
0 0.7380208333333333 0.48750000000000004 0.011458333333333333 0.019444444444444445
0 0.9049479166666666 0.5962962962962963 0.0109375 0.024074074074074074
