0 0.8479166666666667 0.8546296296296296 0.019791666666666666 0.044444444444444446
0 0.7484375 0.8462962962962963 0.01875 0.040740740740740744
0 0.078125 0.5750000000000001 0.011458333333333333 0.020370370370370372
0 0.18307291666666667 0.612037037037037 0.0109375 0.022222222222222223
0 0.51328125 0.725462962962963 0.0140625 0.036111111111111115
0 0.34739583333333335 0.6050925925925926 0.011458333333333333 0.026851851851851852
0 0.0453125 0.6101851851851852 0.013541666666666667 0.02592592592592593
0 0.09817708333333333 0.5750000000000001 0.0109375 0.024074074074074074
0 0.14453125 0.6129629629629629 0.009895833333333333 0.024074074074074074
0 0.98671875 0.8074074074074075 0.021354166666666667 0.03888888888888889
0 0.890625 0.8402777777777778 0.017708333333333333 0.03981481481481482
0 0.8932291666666666 0.6236111111111111 0.013541666666666667 0.028703703703703703
0 0.053385416666666664 0.5953703703703704 0.013020833333333334 0.024074074074074074
0 0.775 0.8898148148148148 0.017708333333333333 0.03888888888888889
0 0.153125 0.5319444444444444 0.009375 0.021296296296296296
0 0.21614583333333334 0.563425925925926 0.010416666666666666 0.025
0 0.61171875 0.5171296296296296 0.008854166666666666 0.02314814814814815
0 0.24687499999999998 0.6819444444444445 0.0125 0.030555555555555558
0 0.25703125 0.5819444444444445 0.009895833333333333 0.021296296296296296
0 0.9583333333333334 0.7592592592592593 0.014583333333333334 0.03333333333333333
0 0.2109375 0.6569444444444444 0.011458333333333333 0.026851851851851852
0 0.23229166666666667 0.6439814814814815 0.0125 0.026851851851851852
0 0.7372395833333333 0.5884259259259259 0.008854166666666666 0.021296296296296296
0 0.7169270833333333 0.5601851851851852 0.008854166666666666 0.020370370370370372
0 0.12526041666666665 0.5425925925925926 0.0109375 0.022222222222222223
0 0.6713541666666667 0.4949074074074074 0.00625 0.015740740740740743
0 0.7036458333333333 0.5375 0.009375 0.02314814814814815
0 0.896875 0.6083333333333334 0.011458333333333333 0.02592592592592593
0 0.3182291666666667 0.6722222222222223 0.015625 0.031481481481481485
0 0.11119791666666666 0.5537037037037037 0.0109375 0.020370370370370372
0 0.020833333333333332 0.46342592592592596 0.007291666666666667 0.015740740740740743
0 0.0421875 0.4361111111111111 0.008333333333333333 0.016666666666666666
0 0.32395833333333335 0.6472222222222223 0.0125 0.024074074074074074
0 0.3299479166666667 0.638425925925926 0.0109375 0.02314814814814815
0 0.24401041666666667 0.6375000000000001 0.009895833333333333 0.021296296296296296
0 0.14947916666666666 0.48333333333333334 0.009375 0.016666666666666666
