0 0.12760416666666666 0.5796296296296296 0.010416666666666666 0.022222222222222223
0 0.88359375 0.8763888888888889 0.0203125 0.04351851851851852
0 0.34791666666666665 0.7023148148148148 0.013541666666666667 0.032407407407407406
0 0.24453125 0.6180555555555556 0.0109375 0.026851851851851852
0 0.7690104166666667 0.5884259259259259 0.011979166666666666 0.026851851851851852
0 0.26953125 0.5125000000000001 0.009895833333333333 0.025
0 0.2625 0.6722222222222223 0.0125 0.02962962962962963
0 0.6416666666666666 0.7662037037037037 0.015625 0.03981481481481482
0 0.14557291666666666 0.575925925925926 0.0109375 0.024074074074074074
0 0.33619791666666665 0.5907407407407408 0.0109375 0.024074074074074074
0 0.035416666666666666 0.5439814814814815 0.010416666666666666 0.019444444444444445
0 0.8203125 0.8606481481481482 0.017708333333333333 0.03425925925925926
0 0.28229166666666666 0.5768518518518518 0.0125 0.02592592592592593
0 0.38385416666666666 0.6564814814814816 0.013541666666666667 0.02777777777777778
0 0.4203125 0.6203703703703703 0.010416666666666666 0.02592592592592593
0 0.7127604166666667 0.5222222222222223 0.0140625 0.024074074074074074
0 0.103125 0.600925925925926 0.011458333333333333 0.024074074074074074
0 0.09635416666666667 0.6245370370370371 0.011458333333333333 0.026851851851851852
0 0.18541666666666667 0.5476851851851852 0.010416666666666666 0.025
0 0.6119791666666666 0.549537037037037 0.013541666666666667 0.025
0 0.9838541666666667 0.6180555555555556 0.013541666666666667 0.025
0 0.8049479166666667 0.5625 0.0109375 0.02314814814814815
0 0.21041666666666667 0.538425925925926 0.009375 0.021296296296296296
0 0.37786458333333334 0.674537037037037 0.009895833333333333 0.026851851851851852
0 0.29765625 0.6453703703703704 0.0109375 0.02592592592592593
0 0.17265625 0.562962962962963 0.011979166666666666 0.024074074074074074
0 0.6088541666666667 0.525 0.009375 0.018518518518518517
0 0.20130208333333333 0.6370370370370371 0.0109375 0.022222222222222223
0 0.36875 0.6990740740740741 0.014583333333333334 0.03333333333333333
0 0.28932291666666665 0.6532407407407408 0.009895833333333333 0.026851851851851852
0 0.9955729166666667 0.9060185185185186 0.008854166666666666 0.04351851851851852
0 0.14140625 0.4513888888888889 0.0078125 0.015740740740740743
0 0.0765625 0.46574074074074073 0.011458333333333333 0.024074074074074074
0 0.7190104166666667 0.4962962962962963 0.0109375 0.022222222222222223
0 0.7744791666666666 0.5680555555555555 0.0125 0.028703703703703703
