0 0.11380208333333333 0.5782407407407407 0.011979166666666666 0.02314814814814815
0 0.9473958333333333 0.8990740740740741 0.021875 0.0462962962962963
0 0.8411458333333334 0.8708333333333333 0.020833333333333332 0.04351851851851852
0 0.5984375 0.7546296296296297 0.015625 0.03888888888888889
0 0.1328125 0.5750000000000001 0.010416666666666666 0.022222222222222223
0 0.3671875 0.6555555555555556 0.014583333333333334 0.031481481481481485
0 0.8059895833333334 0.6041666666666667 0.013020833333333334 0.028703703703703703
0 0.79921875 0.8856481481481482 0.018229166666666668 0.036111111111111115
0 0.19348958333333333 0.5337962962962963 0.0109375 0.02314814814814815
0 0.22578125 0.6157407407407408 0.0109375 0.022222222222222223
0 0.190625 0.625462962962963 0.013541666666666667 0.02314814814814815
0 0.2453125 0.6662037037037037 0.011458333333333333 0.028703703703703703
0 0.6408854166666667 0.538425925925926 0.009895833333333333 0.021296296296296296
0 0.3145833333333333 0.6930555555555555 0.013541666666666667 0.030555555555555558
0 0.39791666666666664 0.6152777777777778 0.010416666666666666 0.02314814814814815
0 0.259375 0.5740740740740741 0.010416666666666666 0.02592592592592593
0 0.0890625 0.5990740740740741 0.0125 0.02592592592592593
0 0.7729166666666667 0.5527777777777778 0.011458333333333333 0.024074074074074074
0 0.8104166666666667 0.5837962962962964 0.011458333333333333 0.02314814814814815
0 0.27890625 0.6416666666666667 0.009895833333333333 0.024074074074074074
0 0.07942708333333333 0.6217592592592592 0.011979166666666666 0.025
0 0.6799479166666667 0.5231481481481481 0.008854166666666666 0.020370370370370372
0 0.26979166666666665 0.6518518518518519 0.009375 0.02592592592592593
0 0.15338541666666666 0.5592592592592592 0.0109375 0.022222222222222223
0 0.31145833333333334 0.5884259259259259 0.009375 0.02314814814814815
0 0.019270833333333334 0.5388888888888889 0.009375 0.016666666666666666
0 0.16666666666666666 0.5444444444444445 0.010416666666666666 0.020370370370370372
0 0.3651041666666667 0.6657407407407407 0.0125 0.02777777777777778
0 0.65078125 0.5666666666666667 0.008854166666666666 0.022222222222222223
0 0.10963541666666667 0.44722222222222224 0.005729166666666666 0.014814814814814815
0 0.059375 0.46435185185185185 0.008333333333333333 0.017592592592592594
0 0.22994791666666667 0.5041666666666667 0.0078125 0.01388888888888889
0 0.353125 0.687962962962963 0.0125 0.02962962962962963
0 0.7057291666666666 0.4986111111111111 0.007291666666666667 0.017592592592592594
