0 0.19947916666666665 0.5680555555555555 0.010416666666666666 0.02314814814814815
0 0.18020833333333333 0.5736111111111112 0.0125 0.02314814814814815
0 0.6494791666666666 0.537962962962963 0.010416666666666666 0.022222222222222223
0 0.35390625 0.5805555555555556 0.011979166666666666 0.02777777777777778
0 0.8015625 0.8148148148148149 0.01875 0.04259259259259259
0 0.27317708333333335 0.6412037037037037 0.015104166666666667 0.028703703703703703
0 0.49947916666666664 0.6296296296296297 0.011458333333333333 0.031481481481481485
0 0.6604166666666667 0.5189814814814815 0.010416666666666666 0.02314814814814815
0 0.42473958333333334 0.5356481481481482 0.011979166666666666 0.02314814814814815
0 0.30572916666666666 0.6185185185185186 0.0125 0.02592592592592593
0 0.27421875 0.5375 0.009895833333333333 0.02314814814814815
0 0.2375 0.5587962962962963 0.0125 0.02314814814814815
0 0.4166666666666667 0.5995370370370371 0.010416666666666666 0.02314814814814815
0 0.9255208333333333 0.8083333333333333 0.01875 0.03888888888888889
0 0.25729166666666664 0.4671296296296297 0.008333333333333333 0.015740740740740743
0 0.9367187499999999 0.5652777777777778 0.011979166666666666 0.028703703703703703
0 0.10260416666666666 0.5509259259259259 0.009375 0.024074074074074074
0 0.3341145833333333 0.6708333333333334 0.011979166666666666 0.030555555555555558
0 0.8268229166666666 0.5356481481481482 0.0140625 0.025
0 0.16536458333333334 0.5995370370370371 0.015104166666666667 0.026851851851851852
0 0.51015625 0.4759259259259259 0.0078125 0.020370370370370372
0 0.48854166666666665 0.5041666666666667 0.007291666666666667 0.021296296296296296
0 0.15494791666666666 0.625925925925926 0.013020833333333334 0.02592592592592593
0 0.24869791666666666 0.5393518518518519 0.011979166666666666 0.026851851851851852
0 0.44557291666666665 0.6782407407407408 0.0109375 0.028703703703703703
0 0.81328125 0.5657407407407408 0.013020833333333334 0.02592592592592593
0 0.43203125 0.700925925925926 0.01614583333333333 0.03518518518518519
0 0.4536458333333333 0.6592592592592593 0.014583333333333334 0.03518518518518519
0 0.7559895833333333 0.48055555555555557 0.009895833333333333 0.018518518518518517
0 0.49140625 0.7097222222222223 0.011979166666666666 0.03425925925925926
0 0.36015625 0.6439814814814815 0.011979166666666666 0.017592592592592594
0 0.35104166666666664 0.6564814814814816 0.009375 0.022222222222222223
0 0.13307291666666665 0.4518518518518519 0.011979166666666666 0.022222222222222223
0 0.005989583333333333 0.5296296296296297 0.0109375 0.024074074074074074
0 0.0265625 0.5560185185185186 0.014583333333333334 0.030555555555555558
0 0.02265625 0.525462962962963 0.011979166666666666 0.021296296296296296
