0 0.3416666666666667 0.6263888888888889 0.0125 0.025
0 0.45677083333333335 0.611574074074074 0.011458333333333333 0.025
0 0.3911458333333333 0.5888888888888889 0.013541666666666667 0.02962962962962963
0 0.75625 0.5365740740740741 0.010416666666666666 0.019444444444444445
0 0.2734375 0.5523148148148148 0.011458333333333333 0.025
0 0.8848958333333333 0.549537037037037 0.014583333333333334 0.030555555555555558
0 0.5033854166666667 0.563425925925926 0.011979166666666666 0.026851851851851852
0 0.53359375 0.638425925925926 0.0140625 0.030555555555555558
0 0.6177083333333333 0.500462962962963 0.010416666666666666 0.021296296296296296
0 0.6072916666666667 0.5185185185185185 0.010416666666666666 0.022222222222222223
0 0.8817708333333333 0.8490740740740741 0.020833333333333332 0.0462962962962963
0 0.1375 0.5541666666666667 0.010416666666666666 0.02314814814814815
0 0.20520833333333333 0.5814814814814815 0.0125 0.024074074074074074
0 0.55546875 0.7180555555555556 0.015104166666666667 0.026851851851851852
0 0.3140625 0.4842592592592593 0.008333333333333333 0.018518518518518517
0 0.2203125 0.5782407407407407 0.011458333333333333 0.026851851851851852
0 0.190625 0.6069444444444445 0.015625 0.028703703703703703
0 0.46901041666666665 0.6814814814814815 0.013020833333333334 0.02592592592592593
0 0.18020833333333333 0.6342592592592593 0.015625 0.02962962962962963
0 0.2583333333333333 0.5685185185185185 0.0125 0.022222222222222223
0 0.4453125 0.48750000000000004 0.008333333333333333 0.021296296296296296
0 0.48802083333333335 0.6671296296296296 0.0125 0.030555555555555558
0 0.303125 0.5439814814814815 0.010416666666666666 0.025
0 0.052083333333333336 0.5699074074074074 0.011458333333333333 0.026851851851851852
0 0.36640625 0.6810185185185186 0.011979166666666666 0.032407407407407406
0 0.3796875 0.6666666666666667 0.011458333333333333 0.02962962962962963
0 0.4583333333333333 0.6990740740740741 0.014583333333333334 0.02777777777777778
0 0.02578125 0.5351851851851852 0.013020833333333334 0.022222222222222223
0 0.4734375 0.4638888888888889 0.007291666666666667 0.018518518518518517
0 0.3078125 0.6430555555555556 0.010416666666666666 0.026851851851851852
0 0.38645833333333335 0.6550925925925927 0.010416666666666666 0.025
0 0.16041666666666665 0.4518518518518519 0.011458333333333333 0.020370370370370372
0 0.0421875 0.5319444444444444 0.011458333333333333 0.021296296296296296
0 0.77109375 0.4777777777777778 0.0078125 0.020370370370370372
