0 0.19348958333333333 0.5805555555555556 0.011979166666666666 0.024074074074074074
0 0.26119791666666664 0.5504629629629629 0.011979166666666666 0.025
0 0.3736979166666667 0.5861111111111111 0.0140625 0.02962962962962963
0 0.7828125 0.5509259259259259 0.010416666666666666 0.022222222222222223
0 0.62734375 0.5268518518518519 0.0109375 0.020370370370370372
0 0.525 0.712037037037037 0.015625 0.03518518518518519
0 0.21119791666666665 0.5768518518518518 0.0109375 0.02592592592592593
0 0.3541666666666667 0.6722222222222223 0.0125 0.031481481481481485
0 0.1796875 0.6018518518518519 0.015625 0.02592592592592593
0 0.51796875 0.6370370370370371 0.013020833333333334 0.02962962962962963
0 0.9635416666666666 0.8055555555555556 0.01875 0.04259259259259259
0 0.43906249999999997 0.6041666666666667 0.011458333333333333 0.026851851851851852
0 0.12083333333333333 0.5527777777777778 0.009375 0.022222222222222223
0 0.3260416666666667 0.6217592592592592 0.0125 0.025
0 0.8442708333333333 0.8361111111111111 0.01875 0.044444444444444446
0 0.6375 0.5106481481481482 0.009375 0.019444444444444445
0 0.8588541666666667 0.5402777777777777 0.0125 0.026851851851851852
0 0.46875 0.5513888888888889 0.0125 0.02314814814814815
0 0.25078125 0.5657407407407408 0.013020833333333334 0.024074074074074074
0 0.2875 0.47685185185185186 0.007291666666666667 0.020370370370370372
0 0.4458333333333333 0.7027777777777778 0.014583333333333334 0.03333333333333333
0 0.2903645833333333 0.6375000000000001 0.009895833333333333 0.025
0 0.4901041666666667 0.46851851851851856 0.007291666666666667 0.018518518518518517
0 0.46171875 0.675462962962963 0.0109375 0.026851851851851852
0 0.9739583333333334 0.5680555555555555 0.014583333333333334 0.030555555555555558
0 0.77109375 0.47824074074074074 0.009895833333333333 0.025
0 0.2895833333333333 0.5402777777777777 0.011458333333333333 0.021296296296296296
0 0.46458333333333335 0.4935185185185185 0.007291666666666667 0.014814814814814815
0 0.16770833333333332 0.6277777777777778 0.013541666666666667 0.02592592592592593
0 0.040625 0.5615740740740741 0.010416666666666666 0.02314814814814815
0 0.017447916666666667 0.5300925925925926 0.013020833333333334 0.02314814814814815
0 0.37083333333333335 0.6532407407407408 0.011458333333333333 0.026851851851851852
0 0.4744791666666667 0.6620370370370371 0.011458333333333333 0.02777777777777778
0 0.1453125 0.44907407407407407 0.010416666666666666 0.022222222222222223
0 0.03671875 0.5305555555555556 0.0109375 0.022222222222222223
0 0.36484375 0.6611111111111111 0.0109375 0.022222222222222223
