0 0.68515625 0.5370370370370371 0.013020833333333334 0.024074074074074074
0 0.6575520833333334 0.7462962962962963 0.0171875 0.037037037037037035
0 0.6239583333333333 0.4916666666666667 0.0125 0.024074074074074074
0 0.5270833333333333 0.5069444444444444 0.009375 0.021296296296296296
0 0.9354166666666667 0.7722222222222223 0.01875 0.040740740740740744
0 0.6729166666666666 0.6944444444444444 0.015625 0.03518518518518519
0 0.7119791666666666 0.7416666666666667 0.015625 0.03518518518518519
0 0.3919270833333333 0.5481481481481482 0.011979166666666666 0.02777777777777778
0 0.96328125 0.5773148148148148 0.013020833333333334 0.026851851851851852
0 0.57734375 0.5203703703703704 0.0109375 0.024074074074074074
0 0.5643229166666667 0.6912037037037038 0.015104166666666667 0.032407407407407406
0 0.540625 0.7037037037037037 0.013541666666666667 0.03518518518518519
0 0.42682291666666666 0.6092592592592593 0.011979166666666666 0.02777777777777778
0 0.2700520833333333 0.5083333333333333 0.011979166666666666 0.024074074074074074
0 0.5338541666666666 0.6231481481481481 0.011458333333333333 0.02777777777777778
0 0.3971354166666667 0.6893518518518519 0.013020833333333334 0.030555555555555558
0 0.6833333333333333 0.6638888888888889 0.0125 0.02962962962962963
0 0.825 0.6342592592592593 0.016666666666666666 0.03518518518518519
0 0.7661458333333333 0.6847222222222222 0.013541666666666667 0.032407407407407406
0 0.5645833333333333 0.4916666666666667 0.011458333333333333 0.022222222222222223
0 0.8385416666666666 0.7106481481481481 0.016666666666666666 0.036111111111111115
0 0.8565104166666666 0.6944444444444444 0.01614583333333333 0.03333333333333333
0 0.6979166666666666 0.6578703703703704 0.0125 0.032407407407407406
0 0.56015625 0.4791666666666667 0.009895833333333333 0.021296296296296296
0 0.796875 0.8527777777777779 0.020833333333333332 0.04259259259259259
0 0.81640625 0.7310185185185185 0.0171875 0.032407407407407406
0 0.0067708333333333336 0.4689814814814815 0.009375 0.021296296296296296
0 0.4622395833333333 0.45740740740740743 0.0067708333333333336 0.020370370370370372
0 0.44296874999999997 0.6064814814814815 0.013020833333333334 0.02592592592592593
0 0.79375 0.8152777777777778 0.01875 0.036111111111111115
0 0.15286458333333333 0.41111111111111115 0.0078125 0.012962962962962964
0 0.61328125 0.5731481481481482 0.013020833333333334 0.02777777777777778
0 0.17213541666666665 0.40370370370370373 0.0078125 0.012962962962962964
0 0.022916666666666665 0.38101851851851853 0.005208333333333333 0.01388888888888889
0 0.0421875 0.3703703703703704 0.008333333333333333 0.014814814814814815
0 0.25078125 0.41620370370370374 0.0109375 0.02314814814814815
0 0.8010416666666667 0.49953703703703706 0.011458333333333333 0.02314814814814815
