0 0.3971354166666667 0.549074074074074 0.013020833333333334 0.02777777777777778
0 0.5390625 0.6245370370370371 0.013541666666666667 0.026851851851851852
0 0.9411458333333333 0.775462962962963 0.017708333333333333 0.03981481481481482
0 0.67890625 0.5370370370370371 0.013020833333333334 0.02592592592592593
0 0.6614583333333334 0.7481481481481482 0.015625 0.03518518518518519
0 0.67265625 0.6939814814814815 0.015104166666666667 0.03425925925925926
0 0.6205729166666667 0.4898148148148148 0.011979166666666666 0.02592592592592593
0 0.7140625 0.7393518518518519 0.015625 0.032407407407407406
0 0.40130208333333334 0.6893518518518519 0.0171875 0.032407407407407406
0 0.70234375 0.6592592592592593 0.013020833333333334 0.02962962962962963
0 0.42994791666666665 0.6097222222222223 0.013020833333333334 0.028703703703703703
0 0.5229166666666667 0.5037037037037038 0.010416666666666666 0.022222222222222223
0 0.7703125 0.6875 0.013541666666666667 0.032407407407407406
0 0.5408854166666667 0.7032407407407407 0.0140625 0.03425925925925926
0 0.56484375 0.6912037037037038 0.015104166666666667 0.032407407407407406
0 0.44609375 0.6069444444444445 0.013020833333333334 0.026851851851851852
0 0.278125 0.5083333333333333 0.010416666666666666 0.022222222222222223
0 0.009114583333333334 0.4726851851851852 0.0109375 0.025
0 0.6856770833333333 0.6652777777777779 0.0140625 0.028703703703703703
0 0.57265625 0.5180555555555556 0.0109375 0.025
0 0.8609375 0.6958333333333334 0.015625 0.032407407407407406
0 0.55625 0.4791666666666667 0.010416666666666666 0.025
0 0.9565104166666667 0.576388888888889 0.011979166666666666 0.025
0 0.8328125 0.6356481481481482 0.016666666666666666 0.036111111111111115
0 0.8434895833333333 0.7125 0.01614583333333333 0.036111111111111115
0 0.61796875 0.5712962962962963 0.013020833333333334 0.02777777777777778
0 0.5604166666666667 0.48935185185185187 0.010416666666666666 0.02314814814814815
0 0.79921875 0.8143518518518519 0.0171875 0.03981481481481482
0 0.45989583333333334 0.45740740740740743 0.008333333333333333 0.018518518518518517
0 0.14947916666666666 0.4083333333333333 0.007291666666666667 0.014814814814814815
0 0.8028645833333333 0.850925925925926 0.018229166666666668 0.04259259259259259
0 0.8208333333333333 0.7333333333333334 0.014583333333333334 0.02962962962962963
0 0.24583333333333332 0.4138888888888889 0.008333333333333333 0.020370370370370372
0 0.17239583333333333 0.4050925925925926 0.00625 0.012037037037037037
0 0.04114583333333333 0.3736111111111111 0.007291666666666667 0.01388888888888889
0 0.019791666666666666 0.38101851851851853 0.007291666666666667 0.01388888888888889
0 0.8010416666666667 0.49444444444444446 0.011458333333333333 0.016666666666666666
