0 0.7049479166666667 0.6675925925925926 0.0140625 0.031481481481481485
0 0.41796875 0.5513888888888889 0.013020833333333334 0.028703703703703703
0 0.9705729166666667 0.7847222222222222 0.019270833333333334 0.04351851851851852
0 0.65859375 0.5337962962962963 0.013020833333333334 0.026851851851851852
0 0.6830729166666667 0.7467592592592592 0.0171875 0.036111111111111115
0 0.5408854166666667 0.7023148148148148 0.0140625 0.036111111111111115
0 0.5653645833333333 0.6902777777777778 0.01614583333333333 0.030555555555555558
0 0.7278645833333334 0.7324074074074074 0.01614583333333333 0.037037037037037035
0 0.7205729166666667 0.6625 0.013020833333333334 0.032407407407407406
0 0.60390625 0.48703703703703705 0.0109375 0.024074074074074074
0 0.32135416666666666 0.5157407407407407 0.011458333333333333 0.02592592592592593
0 0.67265625 0.6930555555555555 0.0140625 0.03425925925925926
0 0.55390625 0.5175925925925926 0.009895833333333333 0.024074074074074074
0 0.44687499999999997 0.6092592592592593 0.0125 0.02777777777777778
0 0.5026041666666666 0.500925925925926 0.008333333333333333 0.022222222222222223
0 0.8664062499999999 0.650462962962963 0.01614583333333333 0.03796296296296296
0 0.7901041666666666 0.6921296296296297 0.014583333333333334 0.030555555555555558
0 0.9286458333333333 0.5648148148148149 0.0125 0.022222222222222223
0 0.44453125 0.45 0.0078125 0.018518518518518517
0 0.5356770833333333 0.47500000000000003 0.008854166666666666 0.020370370370370372
0 0.41796875 0.6981481481481482 0.0171875 0.03333333333333333
0 0.8830729166666667 0.6930555555555555 0.01614583333333333 0.032407407407407406
0 0.8466145833333333 0.7444444444444445 0.015104166666666667 0.037037037037037035
0 0.13802083333333334 0.39722222222222225 0.009375 0.020370370370370372
0 0.8208333333333333 0.8541666666666667 0.01875 0.04166666666666667
0 0.8169270833333333 0.8226851851851852 0.0171875 0.03981481481481482
0 0.46171875 0.6060185185185185 0.0109375 0.025
0 0.8708333333333333 0.7180555555555556 0.014583333333333334 0.032407407407407406
0 0.54140625 0.48750000000000004 0.0078125 0.019444444444444445
0 0.5635416666666666 0.625 0.0125 0.024074074074074074
0 0.011458333333333333 0.3800925925925926 0.007291666666666667 0.01388888888888889
0 0.0296875 0.3717592592592593 0.008333333333333333 0.01388888888888889
0 0.15989583333333332 0.3925925925925926 0.00625 0.011111111111111112
0 0.2359375 0.40972222222222227 0.00625 0.015740740740740743
0 0.020833333333333332 0.46805555555555556 0.010416666666666666 0.019444444444444445
0 0.640625 0.5745370370370371 0.015625 0.032407407407407406
0 0.7994791666666666 0.4990740740740741 0.010416666666666666 0.022222222222222223
