0 0.7166666666666667 0.5120370370370371 0.013541666666666667 0.024074074074074074
0 0.303125 0.5444444444444445 0.0125 0.02592592592592593
0 0.9328124999999999 0.7555555555555555 0.019791666666666666 0.03333333333333333
0 0.365625 0.6666666666666667 0.015625 0.02777777777777778
0 0.5338541666666666 0.46481481481481485 0.009375 0.018518518518518517
0 0.6125 0.5273148148148148 0.011458333333333333 0.026851851851851852
0 0.4419270833333333 0.5898148148148148 0.0109375 0.022222222222222223
0 0.8273437499999999 0.7245370370370371 0.0171875 0.036111111111111115
0 0.6796875 0.6916666666666667 0.015625 0.03518518518518519
0 0.6286458333333333 0.7435185185185186 0.015625 0.03518518518518519
0 0.7216145833333333 0.6902777777777778 0.0171875 0.030555555555555558
0 0.6083333333333333 0.6546296296296297 0.013541666666666667 0.02962962962962963
0 0.7635416666666667 0.6666666666666667 0.017708333333333333 0.03333333333333333
0 0.54765625 0.7037037037037037 0.013020833333333334 0.031481481481481485
0 0.5677083333333334 0.6875 0.016666666666666666 0.030555555555555558
0 0.5802083333333333 0.7324074074074074 0.016666666666666666 0.040740740740740744
0 0.3578125 0.6037037037037037 0.0125 0.02777777777777778
0 0.8018229166666666 0.5597222222222222 0.0140625 0.026851851851851852
0 0.6763020833333333 0.6513888888888889 0.015104166666666667 0.030555555555555558
0 0.6635416666666667 0.5425925925925926 0.011458333333333333 0.024074074074074074
0 0.6947916666666667 0.6 0.013541666666666667 0.03333333333333333
0 0.7072916666666667 0.7912037037037037 0.019791666666666666 0.04166666666666667
0 0.22083333333333333 0.4083333333333333 0.009375 0.016666666666666666
0 0.3015625 0.42083333333333334 0.007291666666666667 0.015740740740740743
0 0.7434895833333334 0.6699074074074074 0.0171875 0.03425925925925926
0 0.65078125 0.4962962962962963 0.0109375 0.022222222222222223
0 0.20338541666666665 0.41712962962962963 0.008854166666666666 0.01388888888888889
0 0.6489583333333333 0.5143518518518518 0.011458333333333333 0.025
0 0.61796875 0.6449074074074075 0.013020833333333334 0.025
0 0.5330729166666667 0.5518518518518519 0.011979166666666666 0.024074074074074074
0 0.37526041666666665 0.6018518518518519 0.011979166666666666 0.02592592592592593
0 0.1140625 0.46574074074074073 0.007291666666666667 0.018518518518518517
0 0.08828125 0.37962962962962965 0.0078125 0.012962962962962964
0 0.7065104166666667 0.8314814814814815 0.018229166666666668 0.03888888888888889
0 0.81328125 0.4953703703703704 0.0140625 0.022222222222222223
0 0.06927083333333334 0.39212962962962966 0.008333333333333333 0.01388888888888889
