0 0.7997395833333333 0.7467592592592592 0.019270833333333334 0.03981481481481482
0 0.67578125 0.6898148148148149 0.015104166666666667 0.03518518518518519
0 0.7216145833333333 0.5967592592592593 0.0140625 0.030555555555555558
0 0.48463541666666665 0.49259259259259264 0.0109375 0.022222222222222223
0 0.66484375 0.649537037037037 0.015104166666666667 0.028703703703703703
0 0.5440104166666666 0.6949074074074074 0.013020833333333334 0.030555555555555558
0 0.5645833333333333 0.6824074074074075 0.015625 0.031481481481481485
0 0.7802083333333333 0.6935185185185185 0.014583333333333334 0.03518518518518519
0 0.5630208333333333 0.5189814814814815 0.011458333333333333 0.02314814814814815
0 0.534375 0.46296296296296297 0.010416666666666666 0.020370370370370372
0 0.8763020833333334 0.7314814814814815 0.0171875 0.03888888888888889
0 0.06822916666666666 0.47685185185185186 0.010416666666666666 0.020370370370370372
0 0.3893229166666667 0.4351851851851852 0.008854166666666666 0.020370370370370372
0 0.7596354166666667 0.6949074074074074 0.015104166666666667 0.032407407407407406
0 0.43645833333333334 0.47870370370370374 0.008333333333333333 0.020370370370370372
0 0.8291666666666666 0.5388888888888889 0.010416666666666666 0.02592592592592593
0 0.02786458333333333 0.5041666666666667 0.009895833333333333 0.02314814814814815
0 0.00390625 0.4287037037037037 0.0078125 0.016666666666666666
0 0.4890625 0.7134259259259259 0.014583333333333334 0.030555555555555558
0 0.7658854166666667 0.7578703703703704 0.0171875 0.04166666666666667
0 0.95703125 0.7708333333333334 0.019270833333333334 0.04351851851851852
0 0.45390625 0.5342592592592593 0.011979166666666666 0.02962962962962963
0 0.9713541666666666 0.7430555555555556 0.01875 0.049074074074074076
0 0.1953125 0.4 0.00625 0.014814814814814815
0 0.11770833333333333 0.3861111111111111 0.00625 0.014814814814814815
0 0.09817708333333333 0.39583333333333337 0.005729166666666666 0.01388888888888889
0 0.46770833333333334 0.45231481481481484 0.010416666666666666 0.017592592592592594
0 0.4708333333333333 0.4638888888888889 0.010416666666666666 0.020370370370370372
0 0.5231770833333333 0.6032407407407407 0.0109375 0.025
0 0.4984375 0.5578703703703703 0.0125 0.028703703703703703
0 0.5052083333333334 0.6152777777777778 0.0125 0.032407407407407406
0 0.8083333333333333 0.49583333333333335 0.0125 0.025
0 0.8953125 0.875925925925926 0.021875 0.03518518518518519
0 0.8937499999999999 0.8333333333333334 0.01875 0.03333333333333333
0 0.9828125 0.7291666666666667 0.020833333333333332 0.04351851851851852
