0 0.5078125 0.46481481481481485 0.009375 0.020370370370370372
0 0.54296875 0.6972222222222223 0.0140625 0.03333333333333333
0 0.8872395833333333 0.5546296296296297 0.011979166666666666 0.02592592592592593
0 0.6255208333333333 0.5291666666666667 0.0125 0.025
0 0.7565104166666666 0.7402777777777778 0.0203125 0.03796296296296296
0 0.7458333333333333 0.674074074074074 0.013541666666666667 0.03333333333333333
0 0.565625 0.6851851851851852 0.015625 0.031481481481481485
0 0.5747395833333333 0.4759259259259259 0.011979166666666666 0.024074074074074074
0 0.6731770833333334 0.6902777777777778 0.0140625 0.032407407407407406
0 0.72734375 0.6768518518518519 0.01614583333333333 0.03333333333333333
0 0.4510416666666667 0.5527777777777778 0.013541666666666667 0.02777777777777778
0 0.8255208333333334 0.7060185185185186 0.014583333333333334 0.032407407407407406
0 0.5263020833333333 0.5064814814814815 0.0109375 0.020370370370370372
0 0.4778645833333333 0.49259259259259264 0.008854166666666666 0.020370370370370372
0 0.4197916666666667 0.4444444444444445 0.009375 0.018518518518518517
0 0.60234375 0.6287037037037038 0.011979166666666666 0.02592592592592593
0 0.9182291666666667 0.6569444444444444 0.017708333333333333 0.036111111111111115
0 0.71796875 0.7532407407407408 0.01614583333333333 0.036111111111111115
0 0.6708333333333333 0.5814814814814815 0.0125 0.02777777777777778
0 0.44765625 0.7064814814814815 0.01614583333333333 0.031481481481481485
0 0.47031249999999997 0.6101851851851852 0.011458333333333333 0.02592592592592593
0 0.8486979166666666 0.8537037037037037 0.0203125 0.044444444444444446
0 0.38255208333333335 0.5226851851851853 0.0109375 0.025
0 0.9161458333333333 0.7041666666666667 0.01875 0.04537037037037037
0 0.5130208333333334 0.47962962962962963 0.009375 0.018518518518518517
0 0.043229166666666666 0.47222222222222227 0.008333333333333333 0.020370370370370372
0 0.8921875 0.7611111111111112 0.017708333333333333 0.03333333333333333
0 0.017708333333333333 0.3615740740740741 0.008333333333333333 0.01388888888888889
0 0.12265625 0.39814814814814814 0.0046875 0.014814814814814815
0 0.1421875 0.3902777777777778 0.008333333333333333 0.015740740740740743
0 0.21875 0.40046296296296297 0.007291666666666667 0.015740740740740743
0 0.8033854166666666 0.49768518518518523 0.0140625 0.025
0 0.9119791666666667 0.7310185185185185 0.01875 0.030555555555555558
0 0.8473958333333333 0.8203703703703704 0.022916666666666665 0.040740740740740744
0 0.4864583333333333 0.6013888888888889 0.010416666666666666 0.026851851851851852
