0 0.715625 0.6699074074074074 0.015625 0.032407407407407406
0 0.59140625 0.4777777777777778 0.0109375 0.020370370370370372
0 0.43072916666666666 0.5509259259259259 0.013541666666666667 0.02777777777777778
0 0.5416666666666666 0.6995370370370371 0.013541666666666667 0.03425925925925926
0 0.6447916666666667 0.5328703703703704 0.0125 0.025
0 0.67265625 0.6921296296296297 0.0140625 0.036111111111111115
0 0.7328125 0.6643518518518519 0.013541666666666667 0.03425925925925926
0 0.6973958333333333 0.7490740740740741 0.015625 0.037037037037037035
0 0.8052083333333333 0.6990740740740741 0.013541666666666667 0.031481481481481485
0 0.9114583333333334 0.5648148148148149 0.0125 0.02592592592592593
0 0.4341145833333333 0.45 0.008854166666666666 0.020370370370370372
0 0.8903645833333333 0.6481481481481481 0.0171875 0.03518518518518519
0 0.49166666666666664 0.4939814814814815 0.009375 0.021296296296296296
0 0.52265625 0.4666666666666667 0.009895833333333333 0.020370370370370372
0 0.7395833333333334 0.737037037037037 0.016666666666666666 0.03888888888888889
0 0.57734375 0.6337962962962963 0.011979166666666666 0.028703703703703703
0 0.9914062499999999 0.7930555555555556 0.0171875 0.04537037037037037
0 0.528125 0.4814814814814815 0.010416666666666666 0.022222222222222223
0 0.8976562499999999 0.6967592592592593 0.01614583333333333 0.032407407407407406
0 0.8661458333333333 0.7462962962962963 0.016666666666666666 0.03518518518518519
0 0.45677083333333335 0.611574074074074 0.013541666666666667 0.026851851851851852
0 0.54140625 0.5087962962962963 0.009895833333333333 0.021296296296296296
0 0.3494791666666667 0.5180555555555556 0.011458333333333333 0.026851851851851852
0 0.6536458333333334 0.5796296296296296 0.013541666666666667 0.02777777777777778
0 0.8341145833333333 0.8550925925925926 0.018229166666666668 0.04166666666666667
0 0.4731770833333333 0.6060185185185185 0.0109375 0.025
0 0.13203125 0.40185185185185185 0.0078125 0.014814814814814815
0 0.5651041666666666 0.6875 0.014583333333333334 0.030555555555555558
0 0.43072916666666666 0.7032407407407407 0.015625 0.03425925925925926
0 0.8872395833333333 0.7175925925925927 0.01614583333333333 0.03333333333333333
0 0.006510416666666667 0.3768518518518519 0.0078125 0.011111111111111112
0 0.024739583333333332 0.3652777777777778 0.008854166666666666 0.01388888888888889
0 0.030989583333333334 0.4708333333333333 0.0078125 0.015740740740740743
0 0.15208333333333332 0.3939814814814815 0.008333333333333333 0.01388888888888889
0 0.22864583333333333 0.4087962962962963 0.007291666666666667 0.01388888888888889
0 0.8312499999999999 0.8189814814814815 0.01875 0.032407407407407406
0 0.7989583333333333 0.49768518518518523 0.009375 0.025
