0 0.49296875 0.6046296296296296 0.011979166666666666 0.024074074074074074
0 0.54296875 0.700925925925926 0.0140625 0.03518518518518519
0 0.8875 0.7532407407407408 0.017708333333333333 0.04166666666666667
0 0.7315104166666666 0.5467592592592593 0.0140625 0.026851851851851852
0 0.6635416666666667 0.5 0.013541666666666667 0.024074074074074074
0 0.653125 0.6550925925925927 0.013541666666666667 0.030555555555555558
0 0.6127604166666667 0.5319444444444444 0.0109375 0.025
0 0.7666666666666666 0.6208333333333333 0.016666666666666666 0.032407407407407406
0 0.68359375 0.75 0.01614583333333333 0.037037037037037035
0 0.6244791666666667 0.7347222222222223 0.016666666666666666 0.036111111111111115
0 0.67578125 0.6930555555555555 0.011979166666666666 0.032407407407407406
0 0.3966145833333333 0.6074074074074074 0.0140625 0.02962962962962963
0 0.35234375 0.5462962962962963 0.011979166666666666 0.02777777777777778
0 0.7763020833333333 0.7101851851851853 0.015104166666666667 0.037037037037037035
0 0.5596354166666666 0.5162037037037037 0.009895833333333333 0.025
0 0.3734375 0.6819444444444445 0.0125 0.028703703703703703
0 0.4934895833333333 0.45972222222222225 0.0067708333333333336 0.017592592592592594
0 0.5651041666666666 0.6898148148148149 0.014583333333333334 0.02962962962962963
0 0.80078125 0.6930555555555555 0.018229166666666668 0.03796296296296296
0 0.8203125 0.6907407407407408 0.015625 0.02962962962962963
0 0.6651041666666666 0.650462962962963 0.013541666666666667 0.032407407407407406
0 0.7598958333333333 0.8393518518518519 0.01875 0.03796296296296296
0 0.17005208333333333 0.41574074074074074 0.0078125 0.016666666666666666
0 0.728125 0.6685185185185185 0.0125 0.02962962962962963
0 0.4153645833333333 0.6027777777777777 0.011979166666666666 0.02592592592592593
0 0.27109375 0.41805555555555557 0.008854166666666666 0.021296296296296296
0 0.19453125 0.4949074074074074 0.008854166666666666 0.021296296296296296
0 0.06067708333333333 0.3763888888888889 0.0078125 0.01388888888888889
0 0.041666666666666664 0.38842592592592595 0.007291666666666667 0.01388888888888889
0 0.5986979166666666 0.5050925925925926 0.008854166666666666 0.019444444444444445
0 0.5986979166666666 0.4898148148148148 0.0109375 0.024074074074074074
0 0.5807291666666666 0.562962962962963 0.013541666666666667 0.024074074074074074
0 0.8114583333333333 0.49259259259259264 0.009375 0.018518518518518517
0 0.7596354166666667 0.7939814814814815 0.0140625 0.02314814814814815
0 0.19453125 0.40370370370370373 0.0078125 0.011111111111111112
