0 0.86953125 0.7444444444444445 0.018229166666666668 0.040740740740740744
0 0.7528645833333333 0.5527777777777778 0.011979166666666666 0.02592592592592593
0 0.33828125 0.55 0.011979166666666666 0.02777777777777778
0 0.365625 0.674537037037037 0.015625 0.030555555555555558
0 0.5442708333333334 0.700925925925926 0.013541666666666667 0.03333333333333333
0 0.98515625 0.7763888888888889 0.0203125 0.036111111111111115
0 0.6796875 0.5037037037037038 0.0125 0.024074074074074074
0 0.6669270833333333 0.7453703703703703 0.01614583333333333 0.037037037037037035
0 0.6395833333333333 0.6537037037037037 0.013541666666666667 0.02962962962962963
0 0.4778645833333333 0.6018518518518519 0.0109375 0.02777777777777778
0 0.5786458333333333 0.5194444444444445 0.010416666666666666 0.02777777777777778
0 0.565625 0.5592592592592592 0.013541666666666667 0.02777777777777778
0 0.6768229166666666 0.6930555555555555 0.011979166666666666 0.032407407407407406
0 0.7127604166666667 0.6643518518518519 0.011979166666666666 0.030555555555555558
0 0.61328125 0.7277777777777779 0.0140625 0.03333333333333333
0 0.16640625 0.4814814814814815 0.009895833333333333 0.020370370370370372
0 0.7861979166666666 0.6828703703703703 0.019270833333333334 0.03425925925925926
0 0.7572916666666667 0.7060185185185186 0.016666666666666666 0.03425925925925926
0 0.5057291666666667 0.4620370370370371 0.007291666666666667 0.018518518518518517
0 0.3841145833333333 0.6064814814814815 0.011979166666666666 0.02777777777777778
0 0.80234375 0.6865740740740741 0.018229166666666668 0.026851851851851852
0 0.6520833333333333 0.650462962962963 0.011458333333333333 0.030555555555555558
0 0.6278645833333333 0.5324074074074074 0.011979166666666666 0.02777777777777778
0 0.6130208333333333 0.5037037037037038 0.010416666666666666 0.02592592592592593
0 0.2786458333333333 0.4166666666666667 0.008333333333333333 0.016666666666666666
0 0.403125 0.6032407407407407 0.0125 0.025
0 0.6145833333333334 0.4898148148148148 0.010416666666666666 0.024074074074074074
0 0.18177083333333333 0.41435185185185186 0.007291666666666667 0.01388888888888889
0 0.5666666666666667 0.6902777777777778 0.015625 0.030555555555555558
0 0.20260416666666667 0.40601851851851856 0.007291666666666667 0.01388888888888889
0 0.7440104166666667 0.8425925925925927 0.019270833333333334 0.040740740740740744
0 0.07239583333333333 0.37592592592592594 0.008333333333333333 0.014814814814814815
0 0.7442708333333333 0.6138888888888889 0.0125 0.02962962962962963
0 0.04791666666666666 0.3875 0.005208333333333333 0.010185185185185186
0 0.8151041666666666 0.49444444444444446 0.010416666666666666 0.022222222222222223
0 0.74375 0.8013888888888889 0.019791666666666666 0.04722222222222222
