0 0.7466145833333333 0.55 0.013020833333333334 0.02777777777777778
0 0.6755208333333333 0.5046296296296297 0.0125 0.02592592592592593
0 0.4830729166666667 0.6013888888888889 0.0109375 0.025
0 0.54375 0.701388888888889 0.014583333333333334 0.03425925925925926
0 0.8742187499999999 0.7462962962962963 0.018229166666666668 0.040740740740740744
0 0.64453125 0.6532407407407408 0.013020833333333334 0.028703703703703703
0 0.6169270833333333 0.7287037037037037 0.0171875 0.037037037037037035
0 0.5729166666666666 0.5180555555555556 0.011458333333333333 0.02314814814814815
0 0.3421875 0.549537037037037 0.011458333333333333 0.026851851851851852
0 0.3684895833333333 0.6759259259259259 0.013020833333333334 0.02777777777777778
0 0.17838541666666666 0.412962962962963 0.008854166666666666 0.018518518518518517
0 0.6778645833333333 0.6925925925925926 0.0140625 0.03518518518518519
0 0.9903645833333333 0.7777777777777778 0.019270833333333334 0.037037037037037035
0 0.6244791666666667 0.5333333333333333 0.011458333333333333 0.02592592592592593
0 0.6713541666666667 0.7472222222222222 0.015625 0.03888888888888889
0 0.7481770833333333 0.8402777777777778 0.0171875 0.03796296296296296
0 0.7901041666666666 0.6842592592592592 0.017708333333333333 0.037037037037037035
0 0.6557291666666667 0.6490740740740741 0.0125 0.02962962962962963
0 0.3880208333333333 0.6074074074074074 0.013541666666666667 0.02962962962962963
0 0.5661458333333333 0.6902777777777778 0.015625 0.030555555555555558
0 0.7177083333333333 0.6648148148148149 0.0125 0.02777777777777778
0 0.7513020833333334 0.6175925925925926 0.015104166666666667 0.02962962962962963
0 0.5684895833333333 0.562962962962963 0.0109375 0.02777777777777778
0 0.40625 0.6037037037037037 0.011458333333333333 0.02592592592592593
0 0.8083333333333333 0.6888888888888889 0.017708333333333333 0.02962962962962963
0 0.19869791666666667 0.4046296296296297 0.0078125 0.014814814814814815
0 0.5036458333333333 0.45972222222222225 0.00625 0.017592592592592594
0 0.76484375 0.7074074074074075 0.01614583333333333 0.03333333333333333
0 0.27708333333333335 0.4185185185185185 0.007291666666666667 0.014814814814814815
0 0.17317708333333334 0.4847222222222222 0.009895833333333333 0.02314814814814815
0 0.06796875 0.3768518518518519 0.0067708333333333336 0.012962962962962964
0 0.04583333333333333 0.3893518518518519 0.00625 0.010185185185185186
0 0.609375 0.5083333333333333 0.008333333333333333 0.018518518518518517
0 0.61171875 0.48842592592592593 0.008854166666666666 0.02314814814814815
0 0.8158854166666667 0.49953703703703706 0.01614583333333333 0.028703703703703703
0 0.75078125 0.8 0.018229166666666668 0.03518518518518519
