0 0.7145833333333333 0.5421296296296296 0.014583333333333334 0.026851851851851852
0 0.36692708333333335 0.549074074074074 0.011979166666666666 0.02777777777777778
0 0.5416666666666666 0.7027777777777778 0.014583333333333334 0.03518518518518519
0 0.9057291666666667 0.7569444444444444 0.01875 0.03981481481481482
0 0.6630208333333333 0.6611111111111111 0.014583333333333334 0.02962962962962963
0 0.675 0.6930555555555555 0.014583333333333334 0.03425925925925926
0 0.54921875 0.5087962962962963 0.0109375 0.02314814814814815
0 0.6359375 0.7412037037037037 0.01875 0.03796296296296296
0 0.5065104166666666 0.6125 0.011979166666666666 0.021296296296296296
0 0.4067708333333333 0.6046296296296296 0.014583333333333334 0.02777777777777778
0 0.7856770833333333 0.6212962962962963 0.015104166666666667 0.03333333333333333
0 0.65 0.49444444444444446 0.011458333333333333 0.024074074074074074
0 0.7421875 0.6736111111111112 0.013541666666666667 0.032407407407407406
0 0.8333333333333334 0.6898148148148149 0.017708333333333333 0.02962962962962963
0 0.5645833333333333 0.6907407407407408 0.015625 0.031481481481481485
0 0.6953125 0.750462962962963 0.013541666666666667 0.03796296296296296
0 0.3794270833333333 0.6851851851851852 0.0140625 0.031481481481481485
0 0.5856770833333333 0.4962962962962963 0.011979166666666666 0.024074074074074074
0 0.4817708333333333 0.4601851851851852 0.007291666666666667 0.016666666666666666
0 0.21953124999999998 0.4967592592592593 0.0109375 0.021296296296296296
0 0.16354166666666667 0.4083333333333333 0.007291666666666667 0.016666666666666666
0 0.678125 0.6555555555555556 0.013541666666666667 0.02962962962962963
0 0.8138020833333334 0.7018518518518518 0.0171875 0.037037037037037035
0 0.58359375 0.48240740740740745 0.009895833333333333 0.020370370370370372
0 0.7908854166666667 0.7208333333333333 0.01614583333333333 0.03425925925925926
0 0.42552083333333335 0.6018518518518519 0.0125 0.024074074074074074
0 0.5880208333333333 0.5652777777777778 0.0125 0.026851851851851852
0 0.6018229166666667 0.5263888888888889 0.008854166666666666 0.017592592592592594
0 0.2630208333333333 0.4152777777777778 0.009375 0.019444444444444445
0 0.0359375 0.38796296296296295 0.008333333333333333 0.012962962962962964
0 0.054947916666666666 0.3763888888888889 0.0078125 0.015740740740740743
0 0.18463541666666666 0.4013888888888889 0.0046875 0.010185185185185186
0 0.80625 0.49583333333333335 0.010416666666666666 0.025
0 0.77265625 0.8476851851851852 0.0171875 0.032407407407407406
0 0.7716145833333333 0.8018518518518519 0.018229166666666668 0.03518518518518519
