0 0.3809895833333333 0.5481481481481482 0.013020833333333334 0.02777777777777778
0 0.9200520833333333 0.7620370370370371 0.0171875 0.03888888888888889
0 0.6973958333333333 0.5388888888888889 0.014583333333333334 0.02592592592592593
0 0.5369791666666667 0.5106481481481482 0.010416666666666666 0.025
0 0.64765625 0.7412037037037037 0.0171875 0.036111111111111115
0 0.6354166666666666 0.4935185185185185 0.0125 0.020370370370370372
0 0.6744791666666666 0.6930555555555555 0.014583333333333334 0.03425925925925926
0 0.54140625 0.7023148148148148 0.013020833333333334 0.032407407407407406
0 0.9799479166666667 0.5800925925925926 0.013020833333333334 0.026851851851851852
0 0.70546875 0.7449074074074075 0.015104166666666667 0.03796296296296296
0 0.38776041666666666 0.688425925925926 0.01614583333333333 0.03425925925925926
0 0.5705729166666667 0.4810185185185185 0.0109375 0.019444444444444445
0 0.47161458333333334 0.45740740740740743 0.0067708333333333336 0.018518518518518517
0 0.5643229166666667 0.6902777777777778 0.015104166666666667 0.030555555555555558
0 0.5744791666666667 0.4953703703703704 0.011458333333333333 0.022222222222222223
0 0.5877604166666667 0.525462962962963 0.0109375 0.021296296296296296
0 0.8059895833333334 0.7282407407407407 0.015104166666666667 0.03425925925925926
0 0.43463541666666666 0.6069444444444445 0.011979166666666666 0.026851851851851852
0 0.8049479166666667 0.6324074074074074 0.0140625 0.031481481481481485
0 0.7552083333333334 0.6787037037037037 0.013541666666666667 0.031481481481481485
0 0.24557291666666667 0.5046296296296297 0.009895833333333333 0.024074074074074074
0 0.6734375 0.6648148148148149 0.014583333333333334 0.02962962962962963
0 0.8260416666666667 0.7041666666666667 0.017708333333333333 0.03796296296296296
0 0.84375 0.6912037037037038 0.01875 0.03425925925925926
0 0.6880208333333333 0.6578703703703704 0.013541666666666667 0.030555555555555558
0 0.7869791666666667 0.8518518518518519 0.01875 0.040740740740740744
0 0.51953125 0.6152777777777778 0.011979166666666666 0.026851851851851852
0 0.41744791666666664 0.6083333333333334 0.0109375 0.02777777777777778
0 0.15598958333333332 0.4101851851851852 0.0067708333333333336 0.014814814814814815
0 0.17864583333333334 0.40370370370370373 0.007291666666666667 0.012962962962962964
0 0.02786458333333333 0.3851851851851852 0.0078125 0.012962962962962964
0 0.04973958333333333 0.375 0.009895833333333333 0.012962962962962964
0 0.2557291666666667 0.41250000000000003 0.00625 0.010185185185185186
0 0.603125 0.5717592592592593 0.0125 0.026851851851851852
0 0.78515625 0.8111111111111111 0.0171875 0.03333333333333333
0 0.8036458333333333 0.4967592592592593 0.0125 0.026851851851851852
