0 0.6809895833333334 0.4935185185185185 0.0109375 0.022222222222222223
0 0.5424479166666667 0.687962962962963 0.01614583333333333 0.031481481481481485
0 0.11015625 0.5240740740740741 0.0109375 0.020370370370370372
0 0.9377604166666667 0.8175925925925926 0.0203125 0.044444444444444446
0 0.5203125 0.7111111111111111 0.015625 0.02962962962962963
0 0.67421875 0.6865740740740741 0.015104166666666667 0.03425925925925926
0 0.9234375 0.5884259259259259 0.014583333333333334 0.028703703703703703
0 0.5848958333333333 0.6898148148148149 0.014583333333333334 0.03518518518518519
0 0.30546875 0.41435185185185186 0.0078125 0.017592592592592594
0 0.0703125 0.4462962962962963 0.008333333333333333 0.018518518518518517
0 0.3768229166666667 0.4615740740740741 0.008854166666666666 0.017592592592592594
0 0.8736979166666666 0.8013888888888889 0.01614583333333333 0.03981481481481482
0 0.8838541666666666 0.6356481481481482 0.01875 0.03425925925925926
0 0.6106770833333334 0.5750000000000001 0.0140625 0.03333333333333333
0 0.8651041666666667 0.7518518518518519 0.016666666666666666 0.037037037037037035
0 0.9356770833333333 0.5962962962962963 0.0109375 0.022222222222222223
0 0.33307291666666666 0.4513888888888889 0.0078125 0.017592592592592594
0 0.010677083333333334 0.5375 0.0109375 0.025
0 0.365625 0.4388888888888889 0.009375 0.018518518518518517
0 0.42109375 0.4393518518518519 0.008854166666666666 0.021296296296296296
0 0.15104166666666666 0.5027777777777778 0.010416666666666666 0.02592592592592593
0 0.02395833333333333 0.5041666666666667 0.009375 0.021296296296296296
0 0.6794270833333333 0.5865740740740741 0.0140625 0.032407407407407406
0 0.8778645833333333 0.7097222222222223 0.01614583333333333 0.032407407407407406
0 0.334375 0.48842592592592593 0.011458333333333333 0.025
0 0.006510416666666667 0.4666666666666667 0.008854166666666666 0.020370370370370372
0 0.3598958333333333 0.4300925925925926 0.00625 0.015740740740740743
0 0.6247395833333333 0.6217592592592592 0.013020833333333334 0.028703703703703703
0 0.6135416666666667 0.6314814814814815 0.013541666666666667 0.03333333333333333
0 0.8127604166666667 0.5162037037037037 0.009895833333333333 0.019444444444444445
0 0.050520833333333334 0.45787037037037037 0.009375 0.019444444444444445
0 0.04895833333333333 0.48703703703703705 0.009375 0.020370370370370372
0 0.03802083333333333 0.3763888888888889 0.009375 0.015740740740740743
0 0.12421875 0.3856481481481482 0.008854166666666666 0.017592592592592594
0 0.05364583333333333 0.3703703703703704 0.007291666666666667 0.014814814814814815
0 0.88671875 0.7523148148148149 0.018229166666666668 0.04722222222222222
0 0.059375 0.5226851851851853 0.011458333333333333 0.028703703703703703
