0 0.5421875 0.6865740740740741 0.016666666666666666 0.030555555555555558
0 0.71875 0.5069444444444444 0.010416666666666666 0.02314814814814815
0 0.6736979166666667 0.6856481481481482 0.015104166666666667 0.036111111111111115
0 0.8976562499999999 0.7893518518518519 0.0203125 0.04166666666666667
0 0.328125 0.4199074074074074 0.008333333333333333 0.019444444444444445
0 0.9768229166666667 0.6050925925925926 0.01614583333333333 0.032407407407407406
0 0.58046875 0.5662037037037038 0.0140625 0.030555555555555558
0 0.051041666666666666 0.43703703703703706 0.009375 0.016666666666666666
0 0.5278645833333333 0.7157407407407408 0.015104166666666667 0.02962962962962963
0 0.8494791666666667 0.7300925925925926 0.015625 0.03796296296296296
0 0.83203125 0.7361111111111112 0.0171875 0.03518518518518519
0 0.3963541666666667 0.4462962962962963 0.010416666666666666 0.020370370370370372
0 0.8125 0.4967592592592593 0.011458333333333333 0.026851851851851852
0 0.40598958333333335 0.46805555555555556 0.009895833333333333 0.019444444444444445
0 0.6125 0.5662037037037038 0.014583333333333334 0.026851851851851852
0 0.08385416666666666 0.5166666666666667 0.011458333333333333 0.020370370370370372
0 0.45026041666666666 0.44722222222222224 0.008854166666666666 0.024074074074074074
0 0.8153645833333333 0.6870370370370371 0.015104166666666667 0.02962962962962963
0 0.36328125 0.45972222222222225 0.0078125 0.017592592592592594
0 0.38958333333333334 0.4342592592592593 0.009375 0.018518518518518517
0 0.8401041666666667 0.7722222222222223 0.017708333333333333 0.03888888888888889
0 0.8346354166666666 0.6222222222222222 0.01614583333333333 0.02962962962962963
0 0.12526041666666665 0.4898148148148148 0.009895833333333333 0.022222222222222223
0 0.004427083333333333 0.4962962962962963 0.008854166666666666 0.022222222222222223
0 0.9874999999999999 0.6055555555555556 0.011458333333333333 0.02592592592592593
0 0.0546875 0.3773148148148148 0.008333333333333333 0.01388888888888889
0 0.06953125 0.3717592592592593 0.0078125 0.01388888888888889
0 0.5828125 0.6870370370370371 0.0125 0.02962962962962963
0 0.03203125 0.47685185185185186 0.009895833333333333 0.020370370370370372
0 0.03229166666666666 0.4527777777777778 0.011458333333333333 0.022222222222222223
0 0.4044270833333333 0.5041666666666667 0.013020833333333334 0.02314814814814815
0 0.14453125 0.38657407407407407 0.008854166666666666 0.019444444444444445
0 0.034895833333333334 0.5157407407407407 0.010416666666666666 0.022222222222222223
0 0.5981770833333333 0.6129629629629629 0.0109375 0.02777777777777778
0 0.5825520833333333 0.6231481481481481 0.0140625 0.02777777777777778
0 0.9888020833333333 0.8805555555555555 0.0171875 0.03333333333333333
