0 0.7979166666666666 0.7000000000000001 0.015625 0.03518518518518519
0 0.775 0.7050925925925926 0.016666666666666666 0.036111111111111115
0 0.5427083333333333 0.6949074074074074 0.014583333333333334 0.03425925925925926
0 0.3755208333333333 0.4328703703703704 0.009375 0.019444444444444445
0 0.5643229166666667 0.6819444444444445 0.015104166666666667 0.030555555555555558
0 0.51328125 0.45925925925925926 0.0109375 0.024074074074074074
0 0.6760416666666667 0.6888888888888889 0.013541666666666667 0.03518518518518519
0 0.46588541666666666 0.487962962962963 0.0109375 0.022222222222222223
0 0.51953125 0.562962962962963 0.011979166666666666 0.02962962962962963
0 0.9049479166666666 0.7439814814814815 0.0171875 0.03796296296296296
0 0.040364583333333336 0.5087962962962963 0.009895833333333333 0.019444444444444445
0 0.8216145833333334 0.7537037037037038 0.0171875 0.037037037037037035
0 0.7447916666666666 0.600925925925926 0.014583333333333334 0.02962962962962963
0 0.69921875 0.6541666666666667 0.013020833333333334 0.028703703703703703
0 0.014322916666666666 0.4287037037037037 0.008854166666666666 0.016666666666666666
0 0.5322916666666666 0.5189814814814815 0.0125 0.028703703703703703
0 0.42083333333333334 0.47453703703703703 0.008333333333333333 0.019444444444444445
0 0.08151041666666667 0.47731481481481486 0.008854166666666666 0.019444444444444445
0 0.91484375 0.8444444444444444 0.021354166666666667 0.03888888888888889
0 0.50390625 0.7138888888888889 0.013020833333333334 0.02962962962962963
0 0.45468749999999997 0.4615740740740741 0.008333333333333333 0.019444444444444445
0 0.784375 0.7597222222222223 0.015625 0.03425925925925926
0 0.9166666666666666 0.8805555555555555 0.02395833333333333 0.0462962962962963
0 0.44765625 0.44953703703703707 0.0078125 0.019444444444444445
0 0.4890625 0.5388888888888889 0.008333333333333333 0.018518518518518517
0 0.8036458333333333 0.4953703703703704 0.009375 0.016666666666666666
0 0.99375 0.7523148148148149 0.0125 0.04722222222222222
0 0.8015625 0.5324074074074074 0.009375 0.020370370370370372
0 0.184375 0.39351851851851855 0.00625 0.014814814814814815
0 0.08619791666666667 0.3893518518518519 0.0078125 0.015740740740740743
0 0.10729166666666666 0.3819444444444445 0.007291666666666667 0.017592592592592594
0 0.5408854166666667 0.6037037037037037 0.013020833333333334 0.02777777777777778
0 0.52421875 0.6189814814814815 0.013020833333333334 0.028703703703703703
0 0.98984375 0.7893518518518519 0.01614583333333333 0.030555555555555558
0 0.004166666666666667 0.4777777777777778 0.00625 0.018518518518518517
