0 0.36041666666666666 0.6453703703703704 0.015625 0.031481481481481485
0 0.009375 0.47685185185185186 0.009375 0.020370370370370372
0 0.4557291666666667 0.5930555555555556 0.013541666666666667 0.028703703703703703
0 0.6432291666666666 0.8101851851851852 0.016666666666666666 0.037037037037037035
0 0.4895833333333333 0.549537037037037 0.011458333333333333 0.026851851851851852
0 0.6041666666666666 0.5986111111111111 0.013541666666666667 0.028703703703703703
0 0.6638020833333333 0.7657407407407407 0.0140625 0.031481481481481485
0 0.2973958333333333 0.6226851851851852 0.011458333333333333 0.026851851851851852
0 0.26536458333333335 0.6337962962962963 0.0140625 0.028703703703703703
0 0.4864583333333333 0.5726851851851852 0.011458333333333333 0.028703703703703703
0 0.12135416666666667 0.5175925925925926 0.010416666666666666 0.022222222222222223
0 0.5229166666666667 0.687962962962963 0.013541666666666667 0.03333333333333333
0 0.8760416666666666 0.8555555555555556 0.01875 0.0462962962962963
0 0.14973958333333334 0.5111111111111112 0.009895833333333333 0.020370370370370372
0 0.8854166666666666 0.8375 0.017708333333333333 0.04537037037037037
0 0.12994791666666666 0.513888888888889 0.008854166666666666 0.022222222222222223
0 0.2830729166666667 0.4513888888888889 0.0078125 0.015740740740740743
0 0.6713541666666667 0.8402777777777778 0.015625 0.04166666666666667
0 0.4739583333333333 0.5935185185185186 0.0125 0.02962962962962963
0 0.4786458333333333 0.7097222222222223 0.013541666666666667 0.032407407407407406
0 0.17786458333333333 0.5046296296296297 0.0078125 0.020370370370370372
0 0.24505208333333334 0.6648148148148149 0.0140625 0.02962962962962963
0 0.40260416666666665 0.5199074074074074 0.009375 0.017592592592592594
0 0.0890625 0.3851851851851852 0.008333333333333333 0.016666666666666666
0 0.33203125 0.44212962962962965 0.0109375 0.017592592592592594
0 0.11015625 0.46620370370370373 0.009895833333333333 0.019444444444444445
0 0.6078125 0.701388888888889 0.0125 0.026851851851851852
