0 0.03723958333333333 0.4851851851851852 0.009895833333333333 0.020370370370370372
0 0.3015625 0.650462962962963 0.014583333333333334 0.028703703703703703
0 0.35052083333333334 0.637962962962963 0.013541666666666667 0.02777777777777778
0 0.50703125 0.5402777777777777 0.009895833333333333 0.019444444444444445
0 0.7059895833333333 0.8393518518518519 0.018229166666666668 0.03796296296296296
0 0.7244791666666667 0.7953703703703704 0.017708333333333333 0.03518518518518519
0 0.6669270833333333 0.7217592592592593 0.015104166666666667 0.03425925925925926
0 0.4036458333333333 0.6611111111111111 0.013541666666666667 0.02962962962962963
0 0.740625 0.8648148148148148 0.017708333333333333 0.040740740740740744
0 0.15026041666666667 0.524537037037037 0.0109375 0.02314814814814815
0 0.6630208333333333 0.6074074074074074 0.015625 0.031481481481481485
0 0.17942708333333332 0.5180555555555556 0.009895833333333333 0.02314814814814815
0 0.19270833333333334 0.4324074074074074 0.011458333333333333 0.02592592592592593
0 0.5236979166666667 0.6055555555555556 0.0140625 0.031481481481481485
0 0.5471354166666667 0.5893518518518519 0.013020833333333334 0.030555555555555558
0 0.96484375 0.8953703703703704 0.021354166666666667 0.05555555555555556
0 0.521875 0.7185185185185186 0.014583333333333334 0.037037037037037035
0 0.0109375 0.49722222222222223 0.009375 0.018518518518518517
0 0.15520833333333334 0.5222222222222223 0.010416666666666666 0.022222222222222223
0 0.54609375 0.5652777777777778 0.013020833333333334 0.026851851851851852
0 0.9640624999999999 0.8638888888888889 0.020833333333333332 0.044444444444444446
0 0.5807291666666666 0.7069444444444445 0.015625 0.04351851851851852
0 0.19661458333333334 0.6467592592592593 0.011979166666666666 0.026851851851851852
0 0.06354166666666666 0.3787037037037037 0.008333333333333333 0.016666666666666666
0 0.2934895833333333 0.4222222222222222 0.009895833333333333 0.020370370370370372
0 0.20260416666666667 0.5143518518518518 0.009375 0.019444444444444445
0 0.534375 0.6092592592592593 0.0125 0.03333333333333333
0 0.19192708333333333 0.47824074074074074 0.009895833333333333 0.017592592592592594
