0 0.11692708333333333 0.6087962962962963 0.0140625 0.028703703703703703
0 0.43124999999999997 0.675462962962963 0.0125 0.028703703703703703
0 0.36875 0.6708333333333334 0.013541666666666667 0.030555555555555558
0 0.09114583333333333 0.49259259259259264 0.010416666666666666 0.022222222222222223
0 0.8364583333333333 0.8902777777777778 0.020833333333333332 0.03981481481481482
0 0.6005208333333333 0.7481481481481482 0.016666666666666666 0.040740740740740744
0 0.48723958333333334 0.674537037037037 0.0140625 0.03425925925925926
0 0.22682291666666665 0.5300925925925926 0.0109375 0.02314814814814815
0 0.8572916666666667 0.8351851851851853 0.020833333333333332 0.037037037037037035
0 0.7807291666666667 0.625 0.015625 0.02962962962962963
0 0.6924479166666666 0.750462962962963 0.019270833333333334 0.036111111111111115
0 0.3450520833333333 0.5120370370370371 0.011979166666666666 0.02592592592592593
0 0.19609375 0.538425925925926 0.0109375 0.025
0 0.7330729166666666 0.587037037037037 0.0109375 0.022222222222222223
0 0.07161458333333333 0.5046296296296297 0.0067708333333333336 0.018518518518518517
0 0.25703125 0.5226851851851853 0.008854166666666666 0.025
0 0.6484375 0.6527777777777778 0.014583333333333334 0.03518518518518519
0 0.990625 0.6087962962962963 0.014583333333333334 0.030555555555555558
0 0.6708333333333333 0.612037037037037 0.014583333333333334 0.03333333333333333
0 0.20390624999999998 0.5337962962962963 0.009895833333333333 0.02314814814814815
0 0.7885416666666667 0.762962962962963 0.01875 0.03518518518518519
0 0.6697916666666667 0.5944444444444444 0.013541666666666667 0.031481481481481485
0 0.8833333333333333 0.937962962962963 0.021875 0.0462962962962963
0 0.04114583333333333 0.5412037037037037 0.010416666666666666 0.019444444444444445
0 0.6567708333333333 0.6481481481481481 0.0125 0.03333333333333333
0 0.21640625 0.40601851851851856 0.008854166666666666 0.017592592592592594
0 0.025520833333333333 0.4199074074074074 0.008333333333333333 0.01388888888888889
0 0.03515625 0.39583333333333337 0.0109375 0.015740740740740743
0 0.0171875 0.36712962962962964 0.007291666666666667 0.017592592592592594
