0 0.4315104166666667 0.5824074074074075 0.0140625 0.02962962962962963
0 0.10598958333333333 0.5175925925925926 0.011979166666666666 0.02777777777777778
0 0.63828125 0.7560185185185185 0.015104166666666667 0.030555555555555558
0 0.6135416666666667 0.7981481481481482 0.016666666666666666 0.037037037037037035
0 0.24453125 0.6365740740740741 0.013020833333333334 0.030555555555555558
0 0.33984375 0.6402777777777778 0.015104166666666667 0.032407407407407406
0 0.271875 0.6217592592592592 0.011458333333333333 0.026851851851851852
0 0.9658854166666666 0.826388888888889 0.021354166666666667 0.03796296296296296
0 0.11979166666666667 0.5106481481481482 0.009375 0.019444444444444445
0 0.4666666666666667 0.5425925925925926 0.011458333333333333 0.02592592592592593
0 0.46119791666666665 0.563425925925926 0.013020833333333334 0.028703703703703703
0 0.3541666666666667 0.5092592592592593 0.010416666666666666 0.020370370370370372
0 0.13828125 0.5060185185185185 0.009895833333333333 0.019444444444444445
0 0.8463541666666666 0.837037037037037 0.020833333333333332 0.04814814814814815
0 0.44557291666666665 0.5930555555555556 0.0109375 0.030555555555555558
0 0.640625 0.8277777777777778 0.017708333333333333 0.040740740740740744
0 0.8502604166666666 0.8236111111111112 0.0171875 0.04166666666666667
0 0.3260416666666667 0.46481481481481485 0.009375 0.020370370370370372
0 0.58125 0.6953703703703704 0.015625 0.031481481481481485
0 0.16354166666666667 0.49768518518518523 0.009375 0.017592592592592594
0 0.46119791666666665 0.7078703703703704 0.0140625 0.03796296296296296
0 0.4979166666666667 0.6819444444444445 0.014583333333333334 0.03796296296296296
0 0.5765625 0.5925925925925926 0.011458333333333333 0.024074074074074074
0 0.1015625 0.39305555555555555 0.008333333333333333 0.01388888888888889
0 0.07552083333333333 0.4625 0.009375 0.017592592592592594
0 0.353125 0.4430555555555556 0.009375 0.019444444444444445
0 0.2682291666666667 0.6805555555555556 0.013541666666666667 0.02592592592592593
