0 0.61171875 0.7967592592592593 0.015104166666666667 0.03796296296296296
0 0.24322916666666666 0.6351851851851852 0.013541666666666667 0.02777777777777778
0 0.6356770833333333 0.7546296296296297 0.0140625 0.02777777777777778
0 0.42864583333333334 0.5842592592592593 0.0125 0.031481481481481485
0 0.10494791666666667 0.5171296296296296 0.0109375 0.025
0 0.26979166666666665 0.6194444444444445 0.011458333333333333 0.024074074074074074
0 0.9601562499999999 0.8250000000000001 0.022395833333333334 0.037037037037037035
0 0.45859374999999997 0.5606481481481481 0.011979166666666666 0.028703703703703703
0 0.3390625 0.6439814814814815 0.0125 0.032407407407407406
0 0.840625 0.8435185185185186 0.019791666666666666 0.04814814814814815
0 0.11822916666666666 0.5106481481481482 0.009375 0.019444444444444445
0 0.46432291666666664 0.5407407407407407 0.0109375 0.02777777777777778
0 0.13697916666666665 0.5087962962962963 0.010416666666666666 0.02314814814814815
0 0.44296874999999997 0.5916666666666667 0.011979166666666666 0.031481481481481485
0 0.4591145833333333 0.7078703703703704 0.015104166666666667 0.03796296296296296
0 0.32916666666666666 0.4652777777777778 0.009375 0.019444444444444445
0 0.5755208333333334 0.5930555555555556 0.0125 0.025
0 0.6385416666666667 0.825462962962963 0.016666666666666666 0.04166666666666667
0 0.49583333333333335 0.6777777777777778 0.013541666666666667 0.031481481481481485
0 0.84765625 0.8240740740740741 0.019270833333333334 0.044444444444444446
0 0.06979166666666667 0.4620370370370371 0.009375 0.020370370370370372
0 0.34869791666666666 0.5064814814814815 0.011979166666666666 0.024074074074074074
0 0.2700520833333333 0.6800925925925926 0.013020833333333334 0.026851851851851852
0 0.16328125 0.4967592592592593 0.009895833333333333 0.017592592592592594
0 0.5778645833333333 0.6962962962962963 0.0140625 0.02962962962962963
0 0.1046875 0.39305555555555555 0.008333333333333333 0.019444444444444445
0 0.3541666666666667 0.44583333333333336 0.009375 0.019444444444444445
