0 0.21875 0.5291666666666667 0.010416666666666666 0.021296296296296296
0 0.3572916666666667 0.6699074074074074 0.013541666666666667 0.030555555555555558
0 0.13020833333333334 0.6087962962962963 0.014583333333333334 0.026851851851851852
0 0.08151041666666667 0.4912037037037037 0.009895833333333333 0.019444444444444445
0 0.4200520833333333 0.6620370370370371 0.0109375 0.02777777777777778
0 0.8328125 0.8310185185185186 0.016666666666666666 0.03425925925925926
0 0.8151041666666666 0.8768518518518519 0.019791666666666666 0.040740740740740744
0 0.47421874999999997 0.6699074074074074 0.01614583333333333 0.030555555555555558
0 0.6916666666666667 0.5791666666666667 0.011458333333333333 0.02314814814814815
0 0.5869791666666666 0.7398148148148148 0.015625 0.03888888888888889
0 0.6736979166666667 0.7356481481481482 0.01614583333333333 0.036111111111111115
0 0.18880208333333334 0.5365740740740741 0.0109375 0.025
0 0.19661458333333334 0.5328703703703704 0.0109375 0.02314814814814815
0 0.8552083333333333 0.9194444444444445 0.020833333333333332 0.04259259259259259
0 0.0609375 0.5069444444444444 0.009375 0.021296296296296296
0 0.03411458333333333 0.5333333333333333 0.0109375 0.020370370370370372
0 0.7596354166666667 0.6194444444444445 0.015104166666666667 0.02962962962962963
0 0.6229166666666667 0.6402777777777778 0.014583333333333334 0.036111111111111115
0 0.31927083333333334 0.5041666666666667 0.009375 0.021296296296296296
0 0.76796875 0.7541666666666667 0.01614583333333333 0.030555555555555558
0 0.6497395833333334 0.6148148148148148 0.015104166666666667 0.03333333333333333
0 0.64765625 0.5949074074074074 0.0140625 0.030555555555555558
0 0.24687499999999998 0.5222222222222223 0.009375 0.018518518518518517
0 0.004427083333333333 0.4152777777777778 0.0078125 0.021296296296296296
0 0.02578125 0.3662037037037037 0.009895833333333333 0.021296296296296296
0 0.05703125 0.3990740740740741 0.008854166666666666 0.014814814814814815
0 0.2265625 0.40185185185185185 0.007291666666666667 0.012962962962962964
0 0.6359375 0.6407407407407407 0.014583333333333334 0.03333333333333333
