0 0.3697916666666667 0.6453703703703704 0.015625 0.03333333333333333
0 0.013802083333333333 0.47824074074074074 0.0109375 0.021296296296296296
0 0.2721354166666667 0.6370370370370371 0.013020833333333334 0.02777777777777778
0 0.30572916666666666 0.6263888888888889 0.011458333333333333 0.025
0 0.153125 0.5120370370370371 0.010416666666666666 0.020370370370370372
0 0.6567708333333333 0.813425925925926 0.016666666666666666 0.03796296296296296
0 0.6143229166666666 0.6013888888888889 0.011979166666666666 0.025
0 0.4986979166666667 0.55 0.011979166666666666 0.02777777777777778
0 0.465625 0.5981481481481482 0.013541666666666667 0.02962962962962963
0 0.8921875 0.8625 0.01875 0.04537037037037037
0 0.6815104166666667 0.8435185185185186 0.01614583333333333 0.040740740740740744
0 0.6723958333333333 0.775 0.015625 0.02962962962962963
0 0.4200520833333333 0.5222222222222223 0.009895833333333333 0.020370370370370372
0 0.12239583333333333 0.4671296296296297 0.009375 0.019444444444444445
0 0.4966145833333333 0.5726851851851852 0.013020833333333334 0.028703703703703703
0 0.5325520833333334 0.6893518518518519 0.0140625 0.030555555555555558
0 0.48333333333333334 0.600925925925926 0.013541666666666667 0.031481481481481485
0 0.6174479166666667 0.7069444444444445 0.015104166666666667 0.030555555555555558
0 0.9 0.8398148148148148 0.017708333333333333 0.0462962962962963
0 0.23645833333333333 0.6652777777777779 0.014583333333333334 0.028703703703703703
0 0.4830729166666667 0.712037037037037 0.01614583333333333 0.03518518518518519
0 0.26666666666666666 0.4476851851851852 0.008333333333333333 0.015740740740740743
0 0.12942708333333333 0.5203703703703704 0.009895833333333333 0.024074074074074074
0 0.18046875 0.5046296296296297 0.008854166666666666 0.020370370370370372
0 0.13567708333333334 0.5162037037037037 0.0078125 0.019444444444444445
0 0.32421875 0.43194444444444446 0.0067708333333333336 0.015740740740740743
0 0.08541666666666667 0.38657407407407407 0.007291666666666667 0.017592592592592594
