0 0.04765625 0.4847222222222222 0.0109375 0.021296296296296296
0 0.7455729166666667 0.7972222222222223 0.01614583333333333 0.03333333333333333
0 0.41640625 0.662962962962963 0.01614583333333333 0.03518518518518519
0 0.53984375 0.5467592592592593 0.0109375 0.021296296296296296
0 0.5395833333333333 0.6148148148148148 0.014583333333333334 0.031481481481481485
0 0.3145833333333333 0.6486111111111111 0.014583333333333334 0.028703703703703703
0 0.36484375 0.6375000000000001 0.0109375 0.026851851851851852
0 0.7614583333333333 0.875925925925926 0.016666666666666666 0.040740740740740744
0 0.6822916666666666 0.6106481481481482 0.015625 0.028703703703703703
0 0.15859375 0.5226851851851853 0.011979166666666666 0.021296296296296296
0 0.5984375 0.712962962962963 0.014583333333333334 0.037037037037037035
0 0.7265625 0.8467592592592593 0.017708333333333333 0.036111111111111115
0 0.020572916666666666 0.500462962962963 0.009895833333333333 0.021296296296296296
0 0.5528645833333333 0.6157407407407408 0.0140625 0.03518518518518519
0 0.18567708333333333 0.5208333333333334 0.009895833333333333 0.021296296296296296
0 0.6846354166666666 0.7273148148148149 0.0140625 0.028703703703703703
0 0.5666666666666667 0.5962962962962963 0.011458333333333333 0.024074074074074074
0 0.5630208333333333 0.5717592592592593 0.014583333333333334 0.028703703703703703
0 0.21276041666666667 0.5083333333333333 0.0109375 0.024074074074074074
0 0.21510416666666665 0.48055555555555557 0.010416666666666666 0.022222222222222223
0 0.534375 0.7282407407407407 0.016666666666666666 0.03981481481481482
0 0.9877604166666667 0.8805555555555555 0.021354166666666667 0.0462962962962963
0 0.18541666666666667 0.6361111111111112 0.013541666666666667 0.02777777777777778
0 0.16328125 0.525462962962963 0.009895833333333333 0.02314814814814815
0 0.16927083333333334 0.425 0.011458333333333333 0.020370370370370372
0 0.2799479166666667 0.4217592592592593 0.0067708333333333336 0.015740740740740743
0 0.05416666666666667 0.37453703703703706 0.008333333333333333 0.017592592592592594
