0 0.35078125 0.6407407407407407 0.01614583333333333 0.03333333333333333
0 0.6296875 0.8023148148148148 0.015625 0.036111111111111115
0 0.25625 0.6333333333333333 0.013541666666666667 0.02777777777777778
0 0.44505208333333335 0.5856481481481481 0.013020833333333334 0.030555555555555558
0 0.2869791666666667 0.6236111111111111 0.011458333333333333 0.026851851851851852
0 0.14453125 0.5083333333333333 0.0109375 0.022222222222222223
0 0.47421874999999997 0.5736111111111112 0.013020833333333334 0.028703703703703703
0 0.4786458333333333 0.5518518518518519 0.011458333333333333 0.02777777777777778
0 0.125 0.5115740740740741 0.009375 0.02314814814814815
0 0.004427083333333333 0.47870370370370374 0.008854166666666666 0.020370370370370372
0 0.6536458333333334 0.7601851851851852 0.011458333333333333 0.02962962962962963
0 0.9903645833333333 0.825925925925926 0.018229166666666668 0.040740740740740744
0 0.8624999999999999 0.8462962962962963 0.01875 0.0462962962962963
0 0.37916666666666665 0.513425925925926 0.010416666666666666 0.019444444444444445
0 0.5927083333333333 0.5930555555555556 0.014583333333333334 0.030555555555555558
0 0.11380208333333333 0.5166666666666667 0.0109375 0.024074074074074074
0 0.6575520833333334 0.8365740740740741 0.018229166666666668 0.04537037037037037
0 0.5104166666666666 0.6898148148148149 0.014583333333333334 0.040740740740740744
0 0.8700520833333333 0.8319444444444445 0.018229166666666668 0.04537037037037037
0 0.46979166666666666 0.7060185185185186 0.0125 0.036111111111111115
0 0.09375 0.46296296296296297 0.009375 0.018518518518518517
0 0.17109375 0.500925925925926 0.008854166666666666 0.018518518518518517
0 0.46119791666666665 0.5893518518518519 0.013020833333333334 0.030555555555555558
0 0.2552083333333333 0.6712962962962963 0.0125 0.02592592592592593
0 0.34140625 0.44027777777777777 0.008854166666666666 0.019444444444444445
0 0.3020833333333333 0.45787037037037037 0.007291666666666667 0.01388888888888889
0 0.09453125 0.3888888888888889 0.0067708333333333336 0.014814814814814815
0 0.5934895833333333 0.6976851851851852 0.013020833333333334 0.030555555555555558
