0 0.14375 0.6222222222222222 0.013541666666666667 0.02777777777777778
0 0.34401041666666665 0.6601851851851852 0.0140625 0.02962962962962963
0 0.46015625 0.662962962962963 0.01614583333333333 0.037037037037037035
0 0.40520833333333334 0.6578703703703704 0.011458333333333333 0.028703703703703703
0 0.5984375 0.6324074074074074 0.014583333333333334 0.03518518518518519
0 0.79140625 0.8703703703703703 0.01614583333333333 0.040740740740740744
0 0.5684895833333333 0.7398148148148148 0.01614583333333333 0.04259259259259259
0 0.7372395833333333 0.6180555555555556 0.015104166666666667 0.030555555555555558
0 0.6481770833333333 0.5708333333333333 0.011979166666666666 0.025
0 0.6111979166666667 0.6310185185185185 0.011979166666666666 0.03425925925925926
0 0.6528645833333333 0.7324074074074074 0.0171875 0.037037037037037035
0 0.209375 0.5236111111111111 0.010416666666666666 0.02314814814814815
0 0.8083333333333333 0.8189814814814815 0.017708333333333333 0.03425925925925926
0 0.18151041666666667 0.5310185185185186 0.0109375 0.025
0 0.0265625 0.5324074074074074 0.0125 0.02592592592592593
0 0.06953125 0.4851851851851852 0.0109375 0.02592592592592593
0 0.28828125 0.49722222222222223 0.0109375 0.020370370370370372
0 0.8239583333333333 0.9120370370370371 0.019791666666666666 0.044444444444444446
0 0.1890625 0.5277777777777778 0.010416666666666666 0.024074074074074074
0 0.04765625 0.5027777777777778 0.009895833333333333 0.022222222222222223
0 0.62421875 0.5819444444444445 0.0140625 0.032407407407407406
0 0.7424479166666667 0.7449074074074075 0.015104166666666667 0.030555555555555558
0 0.6278645833333333 0.6 0.011979166666666666 0.02962962962962963
0 0.23411458333333332 0.5203703703703704 0.009895833333333333 0.020370370370370372
0 0.24505208333333334 0.40555555555555556 0.009895833333333333 0.020370370370370372
0 0.08307291666666666 0.40740740740740744 0.009895833333333333 0.016666666666666666
0 0.03229166666666666 0.3666666666666667 0.009375 0.016666666666666666
