0 0.28203125 0.6412037037037037 0.0140625 0.028703703703703703
0 0.675 0.8185185185185185 0.016666666666666666 0.03888888888888889
0 0.38359375 0.6467592592592593 0.01614583333333333 0.036111111111111115
0 0.48333333333333334 0.6018518518518519 0.01875 0.03333333333333333
0 0.021614583333333333 0.48194444444444445 0.0109375 0.021296296296296296
0 0.32265625 0.6291666666666667 0.013020833333333334 0.026851851851851852
0 0.45260416666666664 0.5282407407407408 0.010416666666666666 0.021296296296296296
0 0.6919270833333333 0.7791666666666667 0.01614583333333333 0.032407407407407406
0 0.9166666666666666 0.8717592592592593 0.021875 0.04722222222222222
0 0.5497395833333333 0.6986111111111112 0.015104166666666667 0.036111111111111115
0 0.6986979166666667 0.8541666666666667 0.018229166666666668 0.049074074074074076
0 0.5174479166666667 0.5615740740740741 0.013020833333333334 0.028703703703703703
0 0.9234375 0.8472222222222222 0.019791666666666666 0.0462962962962963
0 0.49765624999999997 0.7166666666666667 0.0140625 0.040740740740740744
0 0.6315104166666666 0.6013888888888889 0.0140625 0.028703703703703703
0 0.5174479166666667 0.5837962962962964 0.0140625 0.028703703703703703
0 0.13854166666666667 0.5194444444444445 0.011458333333333333 0.022222222222222223
0 0.2203125 0.6560185185185186 0.015625 0.030555555555555558
0 0.16223958333333333 0.513888888888889 0.0109375 0.020370370370370372
0 0.6361979166666667 0.7097222222222223 0.015104166666666667 0.028703703703703703
0 0.49973958333333335 0.5990740740740741 0.011979166666666666 0.02777777777777778
0 0.18567708333333333 0.5101851851851852 0.0078125 0.018518518518518517
0 0.23697916666666666 0.44074074074074077 0.009375 0.018518518518518517
0 0.07734375 0.3791666666666667 0.008854166666666666 0.015740740740740743
0 0.146875 0.46944444444444444 0.009375 0.016666666666666666
0 0.31328125 0.4310185185185185 0.009895833333333333 0.019444444444444445
