0 0.6 0.7916666666666667 0.015625 0.037037037037037035
0 0.23359375 0.6324074074074074 0.0140625 0.02962962962962963
0 0.4145833333333333 0.5805555555555556 0.013541666666666667 0.02962962962962963
0 0.10026041666666667 0.5148148148148148 0.011979166666666666 0.024074074074074074
0 0.44947916666666665 0.5587962962962963 0.0125 0.030555555555555558
0 0.6223958333333334 0.75 0.013541666666666667 0.03333333333333333
0 0.25703125 0.6180555555555556 0.011979166666666666 0.02314814814814815
0 0.9369791666666667 0.8074074074074075 0.020833333333333332 0.037037037037037035
0 0.11302083333333333 0.5087962962962963 0.009375 0.021296296296296296
0 0.3328125 0.6412037037037037 0.014583333333333334 0.030555555555555558
0 0.42864583333333334 0.5861111111111111 0.011458333333333333 0.031481481481481485
0 0.45468749999999997 0.6986111111111112 0.013541666666666667 0.032407407407407406
0 0.8268229166666666 0.8333333333333334 0.0203125 0.0462962962962963
0 0.48541666666666666 0.6814814814814815 0.014583333333333334 0.037037037037037035
0 0.13072916666666667 0.5074074074074074 0.0125 0.022222222222222223
0 0.8322916666666667 0.8199074074074074 0.017708333333333333 0.04166666666666667
0 0.2791666666666667 0.6842592592592592 0.015625 0.02962962962962963
0 0.4552083333333333 0.5435185185185185 0.011458333333333333 0.02962962962962963
0 0.5669270833333333 0.6888888888888889 0.015104166666666667 0.02962962962962963
0 0.6252604166666667 0.8268518518518518 0.01614583333333333 0.037037037037037035
0 0.15885416666666666 0.500462962962963 0.008333333333333333 0.021296296296296296
0 0.5625 0.587962962962963 0.0125 0.024074074074074074
0 0.32734375 0.5041666666666667 0.008854166666666666 0.015740740740740743
0 0.0546875 0.46111111111111114 0.009375 0.020370370370370372
0 0.36302083333333335 0.44907407407407407 0.007291666666666667 0.014814814814814815
0 0.35078125 0.4703703703703704 0.008854166666666666 0.016666666666666666
0 0.11067708333333333 0.39305555555555555 0.008854166666666666 0.015740740740740743
