0 0.59140625 0.737962962962963 0.0140625 0.02962962962962963
0 0.0890625 0.5106481481481482 0.011458333333333333 0.02314814814814815
0 0.22708333333333333 0.6111111111111112 0.0125 0.022222222222222223
0 0.5658854166666667 0.7805555555555556 0.01614583333333333 0.03518518518518519
0 0.3848958333333333 0.5717592592592593 0.015625 0.030555555555555558
0 0.21041666666666667 0.6291666666666667 0.013541666666666667 0.028703703703703703
0 0.3130208333333333 0.6351851851851852 0.013541666666666667 0.03333333333333333
0 0.8768229166666667 0.7800925925925927 0.018229166666666668 0.036111111111111115
0 0.5875 0.8115740740740741 0.017708333333333333 0.036111111111111115
0 0.11744791666666667 0.500925925925926 0.0109375 0.020370370370370372
0 0.5333333333333333 0.5861111111111111 0.013541666666666667 0.02777777777777778
0 0.4328125 0.6935185185185185 0.014583333333333334 0.037037037037037035
0 0.09973958333333333 0.5046296296296297 0.009895833333333333 0.020370370370370372
0 0.4122395833333333 0.4861111111111111 0.008854166666666666 0.016666666666666666
0 0.4010416666666667 0.5768518518518518 0.013541666666666667 0.02962962962962963
0 0.5317708333333333 0.6796296296296297 0.013541666666666667 0.02962962962962963
0 0.2755208333333333 0.4939814814814815 0.010416666666666666 0.015740740740740743
0 0.41380208333333335 0.5523148148148148 0.0109375 0.028703703703703703
0 0.4557291666666667 0.6777777777777778 0.015625 0.037037037037037035
0 0.01328125 0.4537037037037037 0.009895833333333333 0.018518518518518517
0 0.390625 0.4625 0.007291666666666667 0.019444444444444445
0 0.42343749999999997 0.5361111111111111 0.011458333333333333 0.02777777777777778
0 0.14583333333333334 0.4935185185185185 0.009375 0.018518518518518517
0 0.30963541666666666 0.6981481481481482 0.01614583333333333 0.037037037037037035
0 0.010416666666666666 0.35879629629629634 0.007291666666666667 0.01388888888888889
0 0.128125 0.40324074074074073 0.007291666666666667 0.017592592592592594
0 0.7916666666666666 0.7962962962962963 0.014583333333333334 0.02592592592592593
0 0.7869791666666667 0.8157407407407408 0.017708333333333333 0.03333333333333333
