0 0.34869791666666666 0.6625 0.0140625 0.028703703703703703
0 0.6643229166666667 0.5731481481481482 0.013020833333333334 0.024074074074074074
0 0.4653645833333333 0.6662037037037037 0.01614583333333333 0.036111111111111115
0 0.57578125 0.7402777777777778 0.01614583333333333 0.03981481481481482
0 0.6606770833333333 0.7333333333333334 0.0171875 0.037037037037037035
0 0.4114583333333333 0.6592592592592593 0.011458333333333333 0.02777777777777778
0 0.13932291666666666 0.6180555555555556 0.0140625 0.026851851851851852
0 0.8169270833333333 0.8231481481481482 0.01614583333333333 0.03518518518518519
0 0.18359375 0.5342592592592593 0.013020833333333334 0.02592592592592593
0 0.19192708333333333 0.5305555555555556 0.0109375 0.02592592592592593
0 0.7453125 0.6157407407407408 0.016666666666666666 0.031481481481481485
0 0.0296875 0.5333333333333333 0.0125 0.024074074074074074
0 0.8359375 0.9152777777777779 0.019791666666666666 0.04351851851851852
0 0.60859375 0.6342592592592593 0.0140625 0.037037037037037035
0 0.05182291666666666 0.5018518518518519 0.009895833333333333 0.020370370370370372
0 0.2125 0.524537037037037 0.010416666666666666 0.021296296296296296
0 0.8 0.875 0.014583333333333334 0.03888888888888889
0 0.07369791666666667 0.48935185185185187 0.008854166666666666 0.019444444444444445
0 0.7513020833333334 0.7481481481481482 0.01614583333333333 0.03518518518518519
0 0.6197916666666666 0.6319444444444444 0.0125 0.036111111111111115
0 0.6346354166666667 0.6064814814814815 0.013020833333333334 0.031481481481481485
0 0.3 0.5 0.010416666666666666 0.020370370370370372
0 0.23958333333333334 0.5203703703703704 0.008333333333333333 0.020370370370370372
0 0.6338541666666666 0.5888888888888889 0.013541666666666667 0.031481481481481485
0 0.23645833333333333 0.40694444444444444 0.009375 0.015740740740740743
0 0.07369791666666667 0.4050925925925926 0.009895833333333333 0.017592592592592594
0 0.028645833333333332 0.36388888888888893 0.009375 0.016666666666666666
