0 0.4223958333333333 0.7101851851851853 0.013541666666666667 0.031481481481481485
0 0.68203125 0.7972222222222223 0.019270833333333334 0.040740740740740744
0 0.30494791666666665 0.5439814814814815 0.009895833333333333 0.026851851851851852
0 0.12317708333333333 0.5282407407407408 0.0109375 0.02314814814814815
0 0.053385416666666664 0.5833333333333334 0.0140625 0.02592592592592593
0 0.56015625 0.7032407407407407 0.0171875 0.03981481481481482
0 0.8861979166666667 0.5861111111111111 0.0109375 0.024074074074074074
0 0.7997395833333333 0.812962962962963 0.019270833333333334 0.04259259259259259
0 0.503125 0.737962962962963 0.0125 0.03333333333333333
0 0.09348958333333333 0.5611111111111111 0.011979166666666666 0.022222222222222223
0 0.24583333333333332 0.5615740740740741 0.010416666666666666 0.026851851851851852
0 0.9135416666666667 0.8222222222222223 0.017708333333333333 0.037037037037037035
0 0.9791666666666666 0.6532407407407408 0.013541666666666667 0.026851851851851852
0 0.5052083333333334 0.562962962962963 0.0125 0.02592592592592593
0 0.15234375 0.45416666666666666 0.011979166666666666 0.02314814814814815
0 0.78828125 0.701388888888889 0.022395833333333334 0.049074074074074076
0 0.7989583333333333 0.6592592592592593 0.017708333333333333 0.03888888888888889
0 0.253125 0.5601851851851852 0.009375 0.02592592592592593
0 0.7921875 0.6407407407407407 0.017708333333333333 0.03518518518518519
0 0.14739583333333334 0.512962962962963 0.007291666666666667 0.018518518518518517
0 0.9783854166666667 0.9523148148148148 0.0140625 0.049074074074074076
0 0.27760416666666665 0.5606481481481481 0.011458333333333333 0.025
0 0.15598958333333332 0.38981481481481484 0.0078125 0.014814814814814815
0 0.88671875 0.6537037037037037 0.0171875 0.031481481481481485
