0 0.4427083333333333 0.6837962962962963 0.0125 0.028703703703703703
0 0.2630208333333333 0.5263888888888889 0.009375 0.026851851851851852
0 0.37734375 0.6810185185185186 0.013020833333333334 0.030555555555555558
0 0.23697916666666666 0.5361111111111111 0.010416666666666666 0.024074074074074074
0 0.97109375 0.6032407407407407 0.015104166666666667 0.025
0 0.7755208333333333 0.5986111111111111 0.0125 0.025
0 0.08072916666666667 0.5087962962962963 0.010416666666666666 0.021296296296296296
0 0.50078125 0.6763888888888889 0.0171875 0.036111111111111115
0 0.6127604166666667 0.7625000000000001 0.015104166666666667 0.03981481481481482
0 0.04765625 0.5388888888888889 0.013020833333333334 0.022222222222222223
0 0.8638020833333333 0.8981481481481481 0.022395833333333334 0.040740740740740744
0 0.20703125 0.5458333333333334 0.0109375 0.026851851851851852
0 0.88125 0.8481481481481482 0.01875 0.037037037037037035
0 0.10052083333333334 0.4962962962962963 0.009375 0.020370370370370372
0 0.7078125 0.7615740740740741 0.016666666666666666 0.03425925925925926
0 0.3731770833333333 0.5194444444444445 0.011979166666666666 0.02592592592592593
0 0.9091145833333333 0.9527777777777778 0.019270833333333334 0.044444444444444446
0 0.21302083333333333 0.538425925925926 0.009375 0.021296296296296296
0 0.7997395833333333 0.6268518518518519 0.0171875 0.031481481481481485
0 0.8117187499999999 0.7712962962962964 0.01614583333333333 0.031481481481481485
0 0.10546875 0.6013888888888889 0.013020833333333334 0.026851851851851852
0 0.012239583333333333 0.36064814814814816 0.008854166666666666 0.015740740740740743
0 0.01015625 0.3902777777777778 0.008854166666666666 0.01388888888888889
0 0.05078125 0.4287037037037037 0.009895833333333333 0.022222222222222223
0 0.20651041666666667 0.3990740740740741 0.008854166666666666 0.016666666666666666
0 0.6963541666666666 0.600925925925926 0.013541666666666667 0.024074074074074074
0 0.6966145833333334 0.6240740740740741 0.0109375 0.031481481481481485
0 0.6822916666666666 0.6532407407407408 0.0125 0.030555555555555558
0 0.675 0.6569444444444444 0.014583333333333334 0.030555555555555558
