0 0.396875 0.6976851851851852 0.013541666666666667 0.030555555555555558
0 0.47369791666666666 0.7078703703703704 0.013020833333333334 0.030555555555555558
0 0.6455729166666666 0.7842592592592593 0.019270833333333334 0.044444444444444446
0 0.5348958333333333 0.6833333333333333 0.01875 0.037037037037037035
0 0.75546875 0.7875 0.0203125 0.03796296296296296
0 0.12343749999999999 0.5078703703703704 0.011458333333333333 0.02314814814814815
0 0.2833333333333333 0.5351851851851852 0.009375 0.02592592592592593
0 0.9270833333333334 0.5944444444444444 0.013541666666666667 0.02777777777777778
0 0.9184895833333333 0.9291666666666667 0.0234375 0.04166666666666667
0 0.22708333333333333 0.5513888888888889 0.010416666666666666 0.025
0 0.8778645833333333 0.6217592592592592 0.011979166666666666 0.025
0 0.07239583333333333 0.5504629629629629 0.013541666666666667 0.030555555555555558
0 0.9416666666666667 0.8740740740740741 0.015625 0.03518518518518519
0 0.10182291666666667 0.5203703703703704 0.009895833333333333 0.024074074074074074
0 0.103125 0.44074074074074077 0.009375 0.020370370370370372
0 0.84609375 0.6375000000000001 0.01614583333333333 0.030555555555555558
0 0.8619791666666666 0.7972222222222223 0.016666666666666666 0.03518518518518519
0 0.7463541666666667 0.6319444444444444 0.01875 0.03796296296296296
0 0.9684895833333333 0.9791666666666667 0.022395833333333334 0.04537037037037037
0 0.7330729166666666 0.675 0.015104166666666667 0.037037037037037035
0 0.23359375 0.5486111111111112 0.009895833333333333 0.02314814814814815
0 0.7494791666666667 0.6462962962962964 0.016666666666666666 0.03333333333333333
0 0.25859375 0.5509259259259259 0.009895833333333333 0.022222222222222223
0 0.43776041666666665 0.538425925925926 0.011979166666666666 0.021296296296296296
0 0.18098958333333334 0.39722222222222225 0.0109375 0.014814814814814815
0 0.08229166666666667 0.5898148148148148 0.0125 0.022222222222222223
