0 0.46875 0.7046296296296296 0.0125 0.02962962962962963
0 0.3921875 0.6939814814814815 0.013541666666666667 0.032407407407407406
0 0.6388020833333333 0.7782407407407408 0.018229166666666668 0.04166666666666667
0 0.9286458333333333 0.8685185185185186 0.019791666666666666 0.037037037037037035
0 0.22395833333333334 0.549074074074074 0.010416666666666666 0.02592592592592593
0 0.9346354166666666 0.5967592592592593 0.0140625 0.025
0 0.5291666666666667 0.6819444444444445 0.016666666666666666 0.036111111111111115
0 0.8588541666666667 0.6171296296296297 0.014583333333333334 0.026851851851851852
0 0.9088541666666666 0.925 0.021875 0.037037037037037035
0 0.278125 0.5328703703703704 0.009375 0.026851851851851852
0 0.06692708333333333 0.549537037037037 0.013020833333333334 0.026851851851851852
0 0.11848958333333333 0.5023148148148149 0.008854166666666666 0.021296296296296296
0 0.74609375 0.7842592592592593 0.021354166666666667 0.03888888888888889
0 0.8526041666666666 0.787962962962963 0.016666666666666666 0.03333333333333333
0 0.25494791666666666 0.549537037037037 0.0109375 0.026851851851851852
0 0.9565104166666667 0.976388888888889 0.024479166666666666 0.049074074074074076
0 0.0984375 0.5166666666666667 0.009375 0.020370370370370372
0 0.42526041666666664 0.5351851851851852 0.011979166666666666 0.022222222222222223
0 0.23020833333333332 0.5458333333333334 0.008333333333333333 0.021296296296296296
0 0.8380208333333333 0.6347222222222223 0.016666666666666666 0.028703703703703703
0 0.08776041666666666 0.5953703703703704 0.011979166666666666 0.024074074074074074
0 0.09270833333333334 0.43842592592592594 0.007291666666666667 0.01388888888888889
0 0.18489583333333334 0.39861111111111114 0.007291666666666667 0.015740740740740743
0 0.72109375 0.6657407407407407 0.015104166666666667 0.03333333333333333
0 0.7401041666666667 0.6425925925925926 0.013541666666666667 0.031481481481481485
0 0.7369791666666666 0.6199074074074075 0.0125 0.026851851851851852
