0 0.6994791666666667 0.8217592592592593 0.01875 0.04537037037037037
0 0.43515624999999997 0.7240740740740741 0.0140625 0.03333333333333333
0 0.15963541666666667 0.5199074074074074 0.011979166666666666 0.02314814814814815
0 0.03802083333333333 0.5787037037037037 0.013541666666666667 0.02592592592592593
0 0.86015625 0.5833333333333334 0.0140625 0.02592592592592593
0 0.825 0.6458333333333334 0.017708333333333333 0.03425925925925926
0 0.5270833333333333 0.7564814814814815 0.013541666666666667 0.031481481481481485
0 0.31536458333333334 0.55 0.009895833333333333 0.02777777777777778
0 0.2609375 0.5675925925925926 0.010416666666666666 0.02777777777777778
0 0.13671875 0.5361111111111111 0.009895833333333333 0.024074074074074074
0 0.5807291666666666 0.7097222222222223 0.016666666666666666 0.036111111111111115
0 0.8317708333333333 0.7069444444444445 0.01875 0.03981481481481482
0 0.10520833333333333 0.5625 0.011458333333333333 0.019444444444444445
0 0.2908854166666667 0.5601851851851852 0.0109375 0.024074074074074074
0 0.2674479166666667 0.5643518518518519 0.008854166666666666 0.025
0 0.19088541666666667 0.46435185185185185 0.009895833333333333 0.021296296296296296
0 0.5536458333333333 0.5699074074074074 0.011458333333333333 0.019444444444444445
0 0.8356770833333333 0.674537037037037 0.0171875 0.03425925925925926
0 0.8273437499999999 0.8277777777777778 0.018229166666666668 0.04259259259259259
0 0.9203125 0.6583333333333333 0.015625 0.031481481481481485
0 0.1421875 0.3907407407407408 0.008333333333333333 0.014814814814814815
0 0.9489583333333333 0.8402777777777778 0.017708333333333333 0.04166666666666667
