0 0.60625 0.7537037037037038 0.016666666666666666 0.03888888888888889
0 0.0953125 0.4935185185185185 0.010416666666666666 0.022222222222222223
0 0.4359375 0.6810185185185186 0.0125 0.030555555555555558
0 0.8494791666666667 0.8953703703703704 0.020833333333333332 0.03888888888888889
0 0.3723958333333333 0.6736111111111112 0.013541666666666667 0.030555555555555558
0 0.8677083333333333 0.8393518518518519 0.015625 0.03425925925925926
0 0.49322916666666666 0.674074074074074 0.015625 0.03518518518518519
0 0.98203125 0.6092592592592593 0.01614583333333333 0.02962962962962963
0 0.7513020833333334 0.5907407407407408 0.011979166666666666 0.022222222222222223
0 0.1109375 0.6064814814814815 0.013541666666666667 0.02777777777777778
0 0.2596354166666667 0.5208333333333334 0.008854166666666666 0.019444444444444445
0 0.20052083333333334 0.5398148148148149 0.0125 0.02592592592592593
0 0.89453125 0.9439814814814815 0.021354166666666667 0.04351851851851852
0 0.6981770833333333 0.7560185185185185 0.0171875 0.03425925925925926
0 0.07578125 0.5046296296296297 0.008854166666666666 0.020370370370370372
0 0.3572916666666667 0.5143518518518518 0.0125 0.021296296296296296
0 0.7984375 0.7657407407407407 0.017708333333333333 0.03333333333333333
0 0.04348958333333333 0.5402777777777777 0.011979166666666666 0.019444444444444445
0 0.7888020833333333 0.625 0.0171875 0.031481481481481485
0 0.20729166666666665 0.5370370370370371 0.011458333333333333 0.024074074074074074
0 0.23124999999999998 0.5342592592592593 0.011458333333333333 0.02592592592592593
0 0.03567708333333333 0.4236111111111111 0.009895833333333333 0.019444444444444445
0 0.02395833333333333 0.3939814814814815 0.009375 0.019444444444444445
0 0.0171875 0.36574074074074076 0.0125 0.020370370370370372
0 0.21380208333333334 0.40370370370370373 0.009895833333333333 0.014814814814814815
0 0.68125 0.5953703703703704 0.0125 0.02592592592592593
0 0.6817708333333333 0.6134259259259259 0.013541666666666667 0.030555555555555558
0 0.6684895833333333 0.6439814814814815 0.008854166666666666 0.026851851851851852
0 0.6575520833333334 0.6537037037037037 0.015104166666666667 0.031481481481481485
