0 0.19713541666666667 0.5180555555555556 0.0109375 0.02314814814814815
0 0.29453125 0.6041666666666667 0.011979166666666666 0.026851851851851852
0 0.11041666666666666 0.538425925925926 0.010416666666666666 0.021296296296296296
0 0.6721354166666667 0.6606481481481482 0.0140625 0.032407407407407406
0 0.4161458333333333 0.5597222222222222 0.013541666666666667 0.028703703703703703
0 0.06744791666666666 0.5287037037037037 0.011979166666666666 0.020370370370370372
0 0.34348958333333335 0.5976851851851852 0.0140625 0.03425925925925926
0 0.2171875 0.4930555555555556 0.009375 0.02314814814814815
0 0.3453125 0.6291666666666667 0.0125 0.030555555555555558
0 0.08776041666666666 0.513425925925926 0.009895833333333333 0.019444444444444445
0 0.7239583333333334 0.8837962962962963 0.019791666666666666 0.04722222222222222
0 0.6510416666666666 0.7226851851851852 0.015625 0.030555555555555558
0 0.5817708333333333 0.5226851851851853 0.009375 0.019444444444444445
0 0.6325520833333333 0.7208333333333333 0.015104166666666667 0.030555555555555558
0 0.7291666666666666 0.5523148148148148 0.015625 0.026851851851851852
0 0.79921875 0.5462962962962963 0.0109375 0.024074074074074074
0 0.3481770833333333 0.5726851851851852 0.011979166666666666 0.026851851851851852
0 0.7286458333333333 0.8606481481481482 0.01875 0.04166666666666667
0 0.42604166666666665 0.5638888888888889 0.011458333333333333 0.024074074074074074
0 0.09322916666666667 0.5504629629629629 0.0125 0.025
0 0.21197916666666666 0.6333333333333333 0.011458333333333333 0.022222222222222223
0 0.5783854166666667 0.5518518518518519 0.011979166666666666 0.022222222222222223
0 0.315625 0.5060185185185185 0.008333333333333333 0.017592592592592594
0 0.22447916666666667 0.41574074074074074 0.00625 0.012962962962962964
