0 0.30546875 0.6027777777777777 0.015104166666666667 0.02777777777777778
0 0.6713541666666667 0.7226851851851852 0.015625 0.03425925925925926
0 0.11979166666666667 0.5444444444444445 0.010416666666666666 0.024074074074074074
0 0.20833333333333334 0.5185185185185185 0.010416666666666666 0.024074074074074074
0 0.22552083333333334 0.6393518518518518 0.013541666666666667 0.028703703703703703
0 0.43333333333333335 0.5689814814814815 0.013541666666666667 0.030555555555555558
0 0.07630208333333333 0.5300925925925926 0.013020833333333334 0.021296296296296296
0 0.7390625 0.6870370370370371 0.013541666666666667 0.037037037037037035
0 0.09505208333333333 0.5222222222222223 0.009895833333333333 0.024074074074074074
0 0.23020833333333332 0.49953703703703706 0.011458333333333333 0.025
0 0.6494791666666666 0.7310185185185185 0.017708333333333333 0.032407407407407406
0 0.8174479166666666 0.5476851851851852 0.011979166666666666 0.026851851851851852
0 0.44375 0.5726851851851852 0.011458333333333333 0.026851851851851852
0 0.6856770833333333 0.5398148148148149 0.0140625 0.02592592592592593
0 0.10130208333333333 0.5527777777777778 0.011979166666666666 0.024074074074074074
0 0.7463541666666667 0.8990740740740741 0.020833333333333332 0.05
0 0.3536458333333333 0.5208333333333334 0.009375 0.026851851851851852
0 0.3611979166666667 0.6282407407407408 0.013020833333333334 0.030555555555555558
0 0.35546875 0.6055555555555556 0.013020833333333334 0.03518518518518519
0 0.7518229166666667 0.8712962962962963 0.0203125 0.044444444444444446
0 0.3575520833333333 0.5819444444444445 0.013020833333333334 0.028703703703703703
0 0.5393229166666667 0.5097222222222222 0.0067708333333333336 0.015740740740740743
0 0.5372395833333333 0.5375 0.013020833333333334 0.021296296296296296
0 0.21588541666666666 0.41481481481481486 0.0109375 0.020370370370370372
