0 0.35104166666666664 0.6236111111111111 0.015625 0.028703703703703703
0 0.24895833333333334 0.5305555555555556 0.0125 0.024074074074074074
0 0.2671875 0.6513888888888889 0.016666666666666666 0.030555555555555558
0 0.8315104166666667 0.925462962962963 0.022395833333333334 0.05277777777777778
0 0.14947916666666666 0.5537037037037037 0.010416666666666666 0.020370370370370372
0 0.10885416666666667 0.5407407407407407 0.0125 0.022222222222222223
0 0.7145833333333333 0.75 0.015625 0.031481481481481485
0 0.88046875 0.5694444444444444 0.011979166666666666 0.02777777777777778
0 0.2674479166666667 0.5087962962962963 0.0109375 0.025
0 0.4940104166666667 0.5865740740740741 0.0140625 0.030555555555555558
0 0.7369791666666666 0.7523148148148149 0.016666666666666666 0.032407407407407406
0 0.40572916666666664 0.6203703703703703 0.0125 0.03333333333333333
0 0.5520833333333334 0.5032407407407408 0.013541666666666667 0.025
0 0.13151041666666666 0.5708333333333333 0.011979166666666666 0.021296296296296296
0 0.41354166666666664 0.650462962962963 0.013541666666666667 0.032407407407407406
0 0.12942708333333333 0.5263888888888889 0.009895833333333333 0.019444444444444445
0 0.8348958333333333 0.9 0.021875 0.04814814814814815
0 0.40625 0.5953703703703704 0.010416666666666666 0.022222222222222223
0 0.4979166666666667 0.5648148148148149 0.0125 0.02777777777777778
0 0.4044270833333333 0.4953703703703704 0.008854166666666666 0.016666666666666666
0 0.4166666666666667 0.47685185185185186 0.008333333333333333 0.020370370370370372
0 0.5005208333333333 0.5939814814814816 0.010416666666666666 0.025
0 0.01953125 0.3574074074074074 0.008854166666666666 0.024074074074074074
0 0.18307291666666667 0.40601851851851856 0.009895833333333333 0.017592592592592594
