0 0.3104166666666667 0.6064814814814815 0.014583333333333334 0.02777777777777778
0 0.23098958333333333 0.6407407407407407 0.013020833333333334 0.02592592592592593
0 0.6791666666666667 0.7236111111111111 0.015625 0.032407407407407406
0 0.2140625 0.5212962962962964 0.010416666666666666 0.022222222222222223
0 0.08177083333333333 0.5319444444444444 0.0125 0.02314814814814815
0 0.65625 0.7347222222222223 0.016666666666666666 0.032407407407407406
0 0.82578125 0.5513888888888889 0.011979166666666666 0.025
0 0.44088541666666664 0.5717592592592593 0.013020833333333334 0.030555555555555558
0 0.771875 0.6953703703703704 0.014583333333333334 0.03518518518518519
0 0.23645833333333333 0.49953703703703706 0.011458333333333333 0.025
0 0.6682291666666667 0.5361111111111111 0.013541666666666667 0.02962962962962963
0 0.12526041666666665 0.5462962962962963 0.009895833333333333 0.022222222222222223
0 0.10677083333333333 0.5560185185185186 0.010416666666666666 0.025
0 0.4510416666666667 0.5722222222222223 0.011458333333333333 0.02592592592592593
0 0.7549479166666666 0.9018518518518519 0.022395833333333334 0.0462962962962963
0 0.0984375 0.5226851851851853 0.009375 0.019444444444444445
0 0.5244791666666666 0.5060185185185185 0.008333333333333333 0.021296296296296296
0 0.37057291666666664 0.5226851851851853 0.009895833333333333 0.02314814814814815
0 0.7611979166666667 0.8685185185185186 0.019270833333333334 0.03333333333333333
0 0.5190104166666667 0.5319444444444444 0.011979166666666666 0.02314814814814815
0 0.21119791666666665 0.41064814814814815 0.009895833333333333 0.019444444444444445
0 0.36432291666666666 0.5782407407407407 0.013020833333333334 0.025
0 0.36276041666666664 0.6041666666666667 0.015104166666666667 0.02314814814814815
0 0.36744791666666665 0.6365740740740741 0.013020833333333334 0.02314814814814815
