0 0.07005208333333333 0.5050925925925926 0.009895833333333333 0.019444444444444445
0 0.5651041666666666 0.6111111111111112 0.011458333333333333 0.02962962962962963
0 0.18203125 0.5050925925925926 0.011979166666666666 0.021296296296296296
0 0.26953125 0.5916666666666667 0.011979166666666666 0.02777777777777778
0 0.19088541666666667 0.6222222222222222 0.013020833333333334 0.02592592592592593
0 0.38958333333333334 0.5462962962962963 0.0125 0.02962962962962963
0 0.05078125 0.5189814814814815 0.009895833333333333 0.021296296296296296
0 0.32786458333333335 0.5648148148148149 0.013020833333333334 0.02777777777777778
0 0.8177083333333334 0.5736111111111112 0.015625 0.030555555555555558
0 0.0953125 0.5273148148148148 0.010416666666666666 0.021296296296296296
0 0.7692708333333333 0.5296296296296297 0.011458333333333333 0.024074074074074074
0 0.6200520833333333 0.7074074074074075 0.013020833333333334 0.02962962962962963
0 0.31744791666666666 0.6166666666666667 0.0140625 0.031481481481481485
0 0.25677083333333334 0.48333333333333334 0.010416666666666666 0.022222222222222223
0 0.07526041666666666 0.5393518518518519 0.011979166666666666 0.025
0 0.6015625 0.7074074074074075 0.014583333333333334 0.03333333333333333
0 0.6807291666666666 0.8666666666666667 0.019791666666666666 0.044444444444444446
0 0.39791666666666664 0.549074074074074 0.009375 0.024074074074074074
0 0.1984375 0.48194444444444445 0.009375 0.017592592592592594
0 0.31979166666666664 0.5884259259259259 0.0125 0.030555555555555558
0 0.6684895833333333 0.5814814814814815 0.01614583333333333 0.022222222222222223
0 0.6700520833333333 0.55 0.0109375 0.024074074074074074
0 0.68828125 0.8462962962962963 0.019270833333333334 0.0462962962962963
0 0.24427083333333333 0.4185185185185185 0.008333333333333333 0.022222222222222223
