0 0.5346354166666667 0.600925925925926 0.0140625 0.031481481481481485
0 0.2786458333333333 0.5375 0.0125 0.02314814814814815
0 0.13098958333333333 0.549074074074074 0.011979166666666666 0.022222222222222223
0 0.17239583333333333 0.5625 0.010416666666666666 0.021296296296296296
0 0.3796875 0.6407407407407407 0.014583333333333334 0.02777777777777778
0 0.15364583333333334 0.5791666666666667 0.011458333333333333 0.025
0 0.44687499999999997 0.6643518518518519 0.014583333333333334 0.03425925925925926
0 0.6114583333333333 0.6 0.013541666666666667 0.031481481481481485
0 0.14947916666666666 0.5351851851851852 0.010416666666666666 0.022222222222222223
0 0.7875 0.7685185185185186 0.016666666666666666 0.03518518518518519
0 0.4388020833333333 0.6291666666666667 0.013020833333333334 0.032407407407407406
0 0.9244791666666666 0.5810185185185185 0.0125 0.026851851851851852
0 0.29713541666666665 0.5157407407407407 0.0109375 0.02592592592592593
0 0.29921875 0.6620370370370371 0.015104166666666667 0.031481481481481485
0 0.7661458333333333 0.7763888888888889 0.015625 0.032407407407407406
0 0.8898437499999999 0.9175925925925926 0.0203125 0.03518518518518519
0 0.8908854166666667 0.9541666666666667 0.024479166666666666 0.05092592592592593
0 0.43776041666666665 0.6055555555555556 0.013020833333333334 0.02962962962962963
0 0.3302083333333333 0.4726851851851852 0.007291666666666667 0.01388888888888889
0 0.34375 0.4537037037037037 0.007291666666666667 0.014814814814814815
0 0.4765625 0.4847222222222222 0.0125 0.028703703703703703
0 0.5421875 0.6125 0.010416666666666666 0.02314814814814815
0 0.16171875 0.40370370370370373 0.0109375 0.024074074074074074
0 0.04140625 0.3592592592592593 0.0078125 0.018518518518518517
