0 0.26927083333333335 0.5078703703703704 0.0125 0.025
0 0.25078125 0.5305555555555556 0.013020833333333334 0.024074074074074074
0 0.353125 0.625462962962963 0.013541666666666667 0.026851851851851852
0 0.4947916666666667 0.5861111111111111 0.013541666666666667 0.031481481481481485
0 0.13072916666666667 0.5263888888888889 0.010416666666666666 0.021296296296296296
0 0.15078125 0.5541666666666667 0.0109375 0.02314814814814815
0 0.71875 0.750925925925926 0.015625 0.031481481481481485
0 0.7395833333333334 0.7518518518518519 0.015625 0.02962962962962963
0 0.5473958333333333 0.5032407407407408 0.0125 0.025
0 0.40729166666666666 0.5990740740740741 0.0125 0.024074074074074074
0 0.8356770833333333 0.9287037037037037 0.022395833333333334 0.04814814814814815
0 0.26927083333333335 0.65 0.011458333333333333 0.02592592592592593
0 0.4075520833333333 0.6199074074074075 0.013020833333333334 0.03425925925925926
0 0.41484375 0.6509259259259259 0.013020833333333334 0.03333333333333333
0 0.11015625 0.5412037037037037 0.013020833333333334 0.021296296296296296
0 0.13307291666666665 0.5717592592592593 0.0109375 0.025
0 0.8380208333333333 0.899537037037037 0.021875 0.04537037037037037
0 0.4 0.4949074074074074 0.008333333333333333 0.01388888888888889
0 0.8830729166666667 0.5708333333333333 0.011979166666666666 0.02314814814814815
0 0.5044270833333333 0.5680555555555555 0.011979166666666666 0.032407407407407406
0 0.5036458333333333 0.5944444444444444 0.010416666666666666 0.02592592592592593
0 0.18046875 0.40601851851851856 0.008854166666666666 0.019444444444444445
0 0.020833333333333332 0.3564814814814815 0.008333333333333333 0.020370370370370372
0 0.4145833333333333 0.47222222222222227 0.0125 0.020370370370370372
