0 0.26145833333333335 0.5078703703703704 0.011458333333333333 0.025
0 0.14557291666666666 0.5546296296296297 0.0109375 0.02592592592592593
0 0.24296874999999998 0.5310185185185186 0.011979166666666666 0.02314814814814815
0 0.725 0.7462962962962963 0.017708333333333333 0.03518518518518519
0 0.2604166666666667 0.6509259259259259 0.014583333333333334 0.02777777777777778
0 0.1046875 0.5393518518518519 0.011458333333333333 0.021296296296296296
0 0.12473958333333333 0.5675925925925926 0.0109375 0.022222222222222223
0 0.7033854166666667 0.75 0.0171875 0.03333333333333333
0 0.34140625 0.6222222222222222 0.01614583333333333 0.02962962962962963
0 0.8161458333333333 0.9226851851851853 0.022916666666666665 0.05277777777777778
0 0.96953125 0.7620370370370371 0.018229166666666668 0.03888888888888889
0 0.8690104166666667 0.5638888888888889 0.011979166666666666 0.024074074074074074
0 0.3971354166666667 0.5930555555555556 0.015104166666666667 0.032407407407407406
0 0.5721354166666667 0.5092592592592593 0.013020833333333334 0.02592592592592593
0 0.82109375 0.888425925925926 0.019270833333333334 0.03981481481481482
0 0.43515624999999997 0.47870370370370374 0.0078125 0.018518518518518517
0 0.4041666666666667 0.6509259259259259 0.0125 0.031481481481481485
0 0.3984375 0.6175925925925926 0.013541666666666667 0.03518518518518519
0 0.12343749999999999 0.5263888888888889 0.009375 0.017592592592592594
0 0.48541666666666666 0.5888888888888889 0.015625 0.031481481481481485
0 0.4265625 0.5018518518518519 0.009375 0.014814814814814815
0 0.4708333333333333 0.5560185185185186 0.0125 0.026851851851851852
0 0.01328125 0.3541666666666667 0.008854166666666666 0.017592592592592594
0 0.1875 0.4050925925925926 0.007291666666666667 0.017592592592592594
