0 0.68671875 0.7296296296296296 0.015104166666666667 0.03333333333333333
0 0.3151041666666667 0.6111111111111112 0.014583333333333334 0.02592592592592593
0 0.2203125 0.5240740740740741 0.010416666666666666 0.02592592592592593
0 0.12994791666666666 0.5458333333333334 0.0109375 0.02314814814814815
0 0.44817708333333334 0.5712962962962963 0.013020833333333334 0.02962962962962963
0 0.0859375 0.5337962962962963 0.011458333333333333 0.021296296296296296
0 0.23645833333333333 0.6402777777777778 0.0125 0.026851851851851852
0 0.6638020833333333 0.7375 0.01614583333333333 0.032407407407407406
0 0.8033854166666666 0.7055555555555556 0.0140625 0.03333333333333333
0 0.45651041666666664 0.5736111111111112 0.011979166666666666 0.025
0 0.7653645833333333 0.9041666666666667 0.022395833333333334 0.04722222222222222
0 0.8330729166666666 0.5569444444444445 0.011979166666666666 0.025
0 0.10208333333333333 0.5217592592592593 0.009375 0.019444444444444445
0 0.65 0.5296296296296297 0.0125 0.022222222222222223
0 0.24114583333333334 0.4990740740740741 0.009375 0.022222222222222223
0 0.3690104166666667 0.5828703703703704 0.011979166666666666 0.028703703703703703
0 0.3723958333333333 0.6393518518518518 0.013541666666666667 0.030555555555555558
0 0.36692708333333335 0.6101851851851852 0.0140625 0.03333333333333333
0 0.5078125 0.500925925925926 0.009375 0.022222222222222223
0 0.5015625 0.5273148148148148 0.013541666666666667 0.025
0 0.11015625 0.5601851851851852 0.008854166666666666 0.020370370370370372
0 0.7705729166666666 0.8736111111111111 0.019270833333333334 0.032407407407407406
0 0.38776041666666666 0.5319444444444444 0.009895833333333333 0.02314814814814815
0 0.20625 0.4115740740740741 0.009375 0.019444444444444445
