0 0.16119791666666666 0.49074074074074076 0.0109375 0.022222222222222223
0 0.5908854166666666 0.6847222222222222 0.0140625 0.032407407407407406
0 0.16848958333333333 0.6106481481481482 0.011979166666666666 0.02314814814814815
0 0.25286458333333334 0.5699074074074074 0.011979166666666666 0.026851851851851852
0 0.07864583333333333 0.5157407407407407 0.010416666666666666 0.022222222222222223
0 0.0328125 0.5050925925925926 0.010416666666666666 0.021296296296296296
0 0.2950520833333333 0.5967592592592593 0.013020833333333334 0.028703703703703703
0 0.64375 0.837962962962963 0.01875 0.044444444444444446
0 0.48020833333333335 0.562962962962963 0.010416666666666666 0.02777777777777778
0 0.36276041666666664 0.5287037037037037 0.011979166666666666 0.02962962962962963
0 0.6515625 0.8143518518518519 0.016666666666666666 0.03796296296296296
0 0.9109375 0.5893518518518519 0.014583333333333334 0.026851851851851852
0 0.30390625 0.55 0.0109375 0.022222222222222223
0 0.3736979166666667 0.5347222222222222 0.0078125 0.021296296296296296
0 0.73671875 0.5185185185185185 0.009895833333333333 0.024074074074074074
0 0.7713541666666667 0.6078703703703704 0.01875 0.028703703703703703
0 0.5731770833333333 0.6902777777777778 0.011979166666666666 0.030555555555555558
0 0.057291666666666664 0.4935185185185185 0.009375 0.018518518518518517
0 0.7705729166666666 0.5736111111111112 0.0109375 0.02314814814814815
0 0.06015625 0.5236111111111111 0.011979166666666666 0.02314814814814815
0 0.3020833333333333 0.5694444444444444 0.011458333333333333 0.02777777777777778
0 0.26171875 0.4189814814814815 0.0078125 0.019444444444444445
0 0.17838541666666666 0.47361111111111115 0.009895833333333333 0.021296296296296296
0 0.2 0.46064814814814814 0.008333333333333333 0.017592592592592594
