0 0.44088541666666664 0.6638888888888889 0.015104166666666667 0.031481481481481485
0 0.32786458333333335 0.5569444444444445 0.013020833333333334 0.026851851851851852
0 0.6104166666666666 0.6296296296296297 0.014583333333333334 0.03333333333333333
0 0.16744791666666667 0.5666666666666667 0.013020833333333334 0.024074074074074074
0 0.3580729166666667 0.6805555555555556 0.0140625 0.031481481481481485
0 0.19088541666666667 0.5518518518518519 0.0109375 0.022222222222222223
0 0.21223958333333334 0.5833333333333334 0.011979166666666666 0.024074074074074074
0 0.8486979166666666 0.6814814814814815 0.0171875 0.03518518518518519
0 0.5057291666666667 0.6851851851851852 0.014583333333333334 0.03518518518518519
0 0.5010416666666666 0.6263888888888889 0.013541666666666667 0.032407407407407406
0 0.07890625 0.37083333333333335 0.008854166666666666 0.01388888888888889
0 0.19427083333333334 0.5939814814814816 0.0125 0.025
0 0.8684895833333334 0.7949074074074074 0.01614583333333333 0.03425925925925926
0 0.8536458333333333 0.8078703703703703 0.016666666666666666 0.030555555555555558
0 0.5005208333333333 0.6527777777777778 0.013541666666666667 0.03518518518518519
0 0.029166666666666667 0.4930555555555556 0.010416666666666666 0.021296296296296296
0 0.03125 0.4226851851851852 0.007291666666666667 0.015740740740740743
0 0.3455729166666667 0.5324074074074074 0.009895833333333333 0.024074074074074074
0 0.011197916666666667 0.5046296296296297 0.009895833333333333 0.022222222222222223
0 0.0046875 0.47175925925925927 0.009375 0.021296296296296296
0 0.22109375 0.44212962962962965 0.008854166666666666 0.015740740740740743
0 0.12317708333333333 0.39675925925925926 0.0078125 0.017592592592592594
0 0.23463541666666665 0.4300925925925926 0.008854166666666666 0.019444444444444445
0 0.3578125 0.45416666666666666 0.010416666666666666 0.019444444444444445
0 0.6177083333333333 0.6462962962962964 0.0125 0.02962962962962963
