0 0.44244791666666666 0.6648148148148149 0.015104166666666667 0.031481481481481485
0 0.5078125 0.6865740740740741 0.015625 0.036111111111111115
0 0.6138020833333333 0.6300925925925926 0.015104166666666667 0.032407407407407406
0 0.19322916666666667 0.5523148148148148 0.011458333333333333 0.021296296296296296
0 0.21432291666666667 0.5819444444444445 0.013020833333333334 0.02314814814814815
0 0.3296875 0.5555555555555556 0.0125 0.024074074074074074
0 0.16953125 0.5662037037037038 0.0109375 0.02314814814814815
0 0.5036458333333333 0.625925925925926 0.014583333333333334 0.03333333333333333
0 0.50234375 0.6527777777777778 0.0140625 0.03518518518518519
0 0.85703125 0.8106481481481482 0.018229166666666668 0.03425925925925926
0 0.36041666666666666 0.6819444444444445 0.014583333333333334 0.03425925925925926
0 0.8588541666666667 0.6833333333333333 0.016666666666666666 0.031481481481481485
0 0.03046875 0.49259259259259264 0.0109375 0.020370370370370372
0 0.19609375 0.5944444444444444 0.011979166666666666 0.024074074074074074
0 0.8697916666666666 0.7949074074074074 0.01875 0.03796296296296296
0 0.07916666666666666 0.3712962962962963 0.008333333333333333 0.016666666666666666
0 0.03333333333333333 0.42314814814814816 0.008333333333333333 0.016666666666666666
0 0.00546875 0.47175925925925927 0.009895833333333333 0.021296296296296296
0 0.01171875 0.5060185185185185 0.009895833333333333 0.021296296296296296
0 0.34765625 0.5342592592592593 0.009895833333333333 0.022222222222222223
0 0.21744791666666666 0.43842592592592594 0.0109375 0.021296296296296296
0 0.12213541666666666 0.39583333333333337 0.008854166666666666 0.015740740740740743
0 0.23072916666666665 0.4310185185185185 0.010416666666666666 0.019444444444444445
0 0.3520833333333333 0.4537037037037037 0.010416666666666666 0.022222222222222223
0 0.621875 0.6481481481481481 0.010416666666666666 0.024074074074074074
