0 0.03411458333333333 0.47962962962962963 0.009895833333333333 0.022222222222222223
0 0.5036458333333333 0.6759259259259259 0.015625 0.03333333333333333
0 0.20677083333333332 0.5805555555555556 0.013541666666666667 0.024074074074074074
0 0.5752604166666666 0.7087962962962964 0.0171875 0.036111111111111115
0 0.39869791666666665 0.5504629629629629 0.013020833333333334 0.028703703703703703
0 0.5651041666666666 0.6444444444444445 0.014583333333333334 0.03518518518518519
0 0.23307291666666666 0.5643518518518519 0.0109375 0.025
0 0.3828125 0.5773148148148148 0.0125 0.025
0 0.06328125 0.5023148148148149 0.009895833333333333 0.02314814814814815
0 0.41901041666666666 0.6949074074074074 0.0140625 0.032407407407407406
0 0.25807291666666665 0.5967592592592593 0.0140625 0.025
0 0.5666666666666667 0.6726851851851852 0.014583333333333334 0.03796296296296296
0 0.04505208333333333 0.5157407407407407 0.009895833333333333 0.02592592592592593
0 0.0953125 0.44722222222222224 0.008333333333333333 0.020370370370370372
0 0.70234375 0.6675925925925926 0.0171875 0.037037037037037035
0 0.2453125 0.6106481481481482 0.014583333333333334 0.026851851851851852
0 0.0109375 0.47500000000000003 0.010416666666666666 0.020370370370370372
0 0.9604166666666667 0.8287037037037037 0.020833333333333332 0.037037037037037035
0 0.9502604166666666 0.8412037037037038 0.018229166666666668 0.03425925925925926
0 0.11562499999999999 0.3768518518518519 0.007291666666666667 0.014814814814814815
0 0.13177083333333334 0.4203703703703704 0.008333333333333333 0.014814814814814815
0 0.09322916666666667 0.3907407407407408 0.007291666666666667 0.014814814814814815
0 0.1546875 0.412962962962963 0.008333333333333333 0.014814814814814815
0 0.2565104166666667 0.4300925925925926 0.009895833333333333 0.019444444444444445
