0 0.15260416666666665 0.5592592592592592 0.0125 0.022222222222222223
0 0.30703125 0.549537037037037 0.013020833333333334 0.025
0 0.5794270833333334 0.6199074074074075 0.015104166666666667 0.032407407407407406
0 0.42109375 0.6527777777777778 0.015104166666666667 0.03333333333333333
0 0.4778645833333333 0.638888888888889 0.0140625 0.03333333333333333
0 0.7515625 0.6518518518518519 0.014583333333333334 0.03333333333333333
0 0.19375 0.5750000000000001 0.0125 0.022222222222222223
0 0.8361979166666667 0.787962962962963 0.018229166666666668 0.03888888888888889
0 0.47812499999999997 0.6152777777777778 0.0125 0.026851851851851852
0 0.8171875 0.7953703703703704 0.01875 0.03518518518518519
0 0.17890625 0.5921296296296297 0.0109375 0.025
0 0.17734375 0.5407407407407407 0.009895833333333333 0.020370370370370372
0 0.33307291666666666 0.6731481481481482 0.013020833333333334 0.02962962962962963
0 0.9731770833333333 0.5986111111111111 0.0140625 0.025
0 0.4856770833333333 0.6763888888888889 0.0140625 0.03425925925925926
0 0.3247395833333333 0.5259259259259259 0.0109375 0.024074074074074074
0 0.0109375 0.4138888888888889 0.008333333333333333 0.016666666666666666
0 0.2713541666666667 0.43842592592592594 0.00625 0.012037037037037037
0 0.5888020833333333 0.6291666666666667 0.013020833333333334 0.028703703703703703
0 0.39947916666666666 0.46481481481481485 0.011458333333333333 0.024074074074074074
0 0.2591145833333333 0.4532407407407408 0.0078125 0.015740740740740743
0 0.13776041666666666 0.40231481481481485 0.009895833333333333 0.017592592592592594
0 0.06588541666666667 0.3675925925925926 0.008854166666666666 0.020370370370370372
0 0.01875 0.487962962962963 0.0125 0.024074074074074074
0 0.9614583333333333 0.9750000000000001 0.021875 0.03333333333333333
0 0.9562499999999999 0.9462962962962963 0.021875 0.037037037037037035
