0 0.06692708333333333 0.5027777777777778 0.0109375 0.022222222222222223
0 0.7138020833333333 0.6671296296296296 0.018229166666666668 0.036111111111111115
0 0.5096354166666667 0.6814814814814815 0.015104166666666667 0.03333333333333333
0 0.42552083333333335 0.6958333333333334 0.015625 0.03425925925925926
0 0.26458333333333334 0.5990740740740741 0.014583333333333334 0.022222222222222223
0 0.23723958333333334 0.5675925925925926 0.0109375 0.024074074074074074
0 0.01484375 0.47824074074074074 0.009895833333333333 0.019444444444444445
0 0.5830729166666666 0.7125 0.0171875 0.036111111111111115
0 0.21223958333333334 0.5833333333333334 0.013020833333333334 0.024074074074074074
0 0.5729166666666666 0.6736111111111112 0.014583333333333334 0.03981481481481482
0 0.5729166666666666 0.6449074074074075 0.014583333333333334 0.036111111111111115
0 0.40520833333333334 0.549537037037037 0.0125 0.028703703703703703
0 0.038802083333333334 0.47962962962962963 0.0109375 0.022222222222222223
0 0.39010416666666664 0.5796296296296296 0.0125 0.024074074074074074
0 0.10390624999999999 0.45 0.009895833333333333 0.022222222222222223
0 0.049479166666666664 0.5171296296296296 0.009375 0.025
0 0.25026041666666665 0.611574074074074 0.0140625 0.026851851851851852
0 0.1203125 0.37777777777777777 0.009375 0.014814814814814815
0 0.9604166666666667 0.8435185185185186 0.017708333333333333 0.03518518518518519
0 0.9718749999999999 0.8291666666666667 0.019791666666666666 0.036111111111111115
0 0.12682291666666667 0.4189814814814815 0.008854166666666666 0.01388888888888889
0 0.14869791666666665 0.4083333333333333 0.0109375 0.022222222222222223
0 0.08776041666666666 0.3888888888888889 0.008854166666666666 0.018518518518518517
0 0.24765625 0.42824074074074076 0.009895833333333333 0.019444444444444445
