0 0.17473958333333334 0.5175925925925926 0.011979166666666666 0.024074074074074074
0 0.40963541666666664 0.7236111111111111 0.01614583333333333 0.03796296296296296
0 0.46770833333333334 0.6865740740740741 0.0125 0.030555555555555558
0 0.5111979166666667 0.6490740740740741 0.0109375 0.02962962962962963
0 0.9757812499999999 0.8717592592592593 0.0234375 0.04722222222222222
0 0.08880208333333334 0.5513888888888889 0.011979166666666666 0.021296296296296296
0 0.5908854166666666 0.7337962962962963 0.0171875 0.03796296296296296
0 0.6541666666666667 0.5236111111111111 0.010416666666666666 0.026851851851851852
0 0.41953124999999997 0.5328703703703704 0.0109375 0.026851851851851852
0 0.1390625 0.5347222222222222 0.010416666666666666 0.025
0 0.43463541666666666 0.7000000000000001 0.013020833333333334 0.03518518518518519
0 0.47994791666666664 0.6472222222222223 0.013020833333333334 0.031481481481481485
0 0.7692708333333333 0.674074074074074 0.013541666666666667 0.031481481481481485
0 0.6041666666666666 0.7037037037037037 0.015625 0.03518518518518519
0 0.26901041666666664 0.4967592592592593 0.009895833333333333 0.02314814814814815
0 0.2875 0.525 0.008333333333333333 0.018518518518518517
0 0.7651041666666667 0.5356481481481482 0.009375 0.025
0 0.09088541666666666 0.48842592592592593 0.008854166666666666 0.021296296296296296
0 0.43359375 0.5402777777777777 0.0109375 0.021296296296296296
0 0.9466145833333334 0.6277777777777778 0.01614583333333333 0.037037037037037035
0 0.07317708333333334 0.4393518518518519 0.008854166666666666 0.017592592592592594
0 0.98125 0.8361111111111111 0.019791666666666666 0.03888888888888889
0 0.09765625 0.4615740740740741 0.0078125 0.019444444444444445
0 0.06510416666666667 0.4439814814814815 0.007291666666666667 0.015740740740740743
