0 0.71796875 0.5425925925925926 0.0140625 0.02777777777777778
0 0.4518229166666667 0.7458333333333333 0.0171875 0.03796296296296296
0 0.16458333333333333 0.5467592592592593 0.010416666666666666 0.026851851851851852
0 0.559375 0.6648148148148149 0.013541666666666667 0.02962962962962963
0 0.20364583333333333 0.5305555555555556 0.011458333333333333 0.02592592592592593
0 0.32421875 0.5412037037037037 0.0109375 0.019444444444444445
0 0.9249999999999999 0.725 0.017708333333333333 0.03518518518518519
0 0.66328125 0.7300925925925926 0.0171875 0.03425925925925926
0 0.7653645833333333 0.5356481481481482 0.0109375 0.026851851851851852
0 0.87734375 0.6189814814814815 0.0140625 0.028703703703703703
0 0.65390625 0.7685185185185186 0.018229166666666668 0.037037037037037035
0 0.5083333333333333 0.5791666666666667 0.0125 0.026851851851851852
0 0.49244791666666665 0.5666666666666667 0.0109375 0.024074074074074074
0 0.9757812499999999 0.6342592592592593 0.013020833333333334 0.02777777777777778
0 0.4817708333333333 0.7115740740740741 0.014583333333333334 0.03981481481481482
0 0.52109375 0.7041666666666667 0.013020833333333334 0.032407407407407406
0 0.5341145833333333 0.6685185185185185 0.0140625 0.03333333333333333
0 0.33541666666666664 0.5175925925925926 0.009375 0.020370370370370372
0 0.12343749999999999 0.5606481481481481 0.009375 0.02314814814814815
0 0.045572916666666664 0.4388888888888889 0.009895833333333333 0.018518518518518517
0 0.11744791666666667 0.4981481481481482 0.009895833333333333 0.024074074074074074
0 0.13255208333333332 0.4550925925925926 0.008854166666666666 0.019444444444444445
0 0.07005208333333333 0.4083333333333333 0.008854166666666666 0.018518518518518517
0 0.1203125 0.45601851851851855 0.008333333333333333 0.015740740740740743
0 0.12161458333333333 0.47453703703703703 0.0078125 0.017592592592592594
