0 0.17864583333333334 0.5166666666666667 0.011458333333333333 0.022222222222222223
0 0.5145833333333333 0.650462962962963 0.0125 0.030555555555555558
0 0.140625 0.5361111111111111 0.011458333333333333 0.024074074074074074
0 0.7817708333333333 0.6782407407407408 0.014583333333333334 0.030555555555555558
0 0.4140625 0.7236111111111111 0.015625 0.03796296296296296
0 0.6096354166666667 0.7050925925925926 0.015104166666666667 0.03425925925925926
0 0.4848958333333333 0.649537037037037 0.013541666666666667 0.030555555555555558
0 0.43854166666666666 0.7000000000000001 0.0125 0.03518518518518519
0 0.47239583333333335 0.6865740740740741 0.0125 0.030555555555555558
0 0.6598958333333333 0.5240740740740741 0.011458333333333333 0.02592592592592593
0 0.7651041666666667 0.5351851851851852 0.009375 0.02592592592592593
0 0.9848958333333333 0.875 0.021875 0.044444444444444446
0 0.9403645833333333 0.6291666666666667 0.0140625 0.030555555555555558
0 0.42526041666666664 0.5351851851851852 0.009895833333333333 0.022222222222222223
0 0.09427083333333333 0.48750000000000004 0.009375 0.02314814814814815
0 0.596875 0.7398148148148148 0.016666666666666666 0.037037037037037035
0 0.4393229166666667 0.5453703703703704 0.009895833333333333 0.022222222222222223
0 0.2747395833333333 0.49768518518518523 0.009895833333333333 0.019444444444444445
0 0.090625 0.5504629629629629 0.0125 0.02314814814814815
0 0.09817708333333333 0.46342592592592596 0.009895833333333333 0.021296296296296296
0 0.0703125 0.4467592592592593 0.009375 0.017592592592592594
0 0.290625 0.5287037037037037 0.010416666666666666 0.018518518518518517
0 0.07838541666666667 0.437962962962963 0.009895833333333333 0.020370370370370372
0 0.9895833333333334 0.8375 0.01875 0.036111111111111115
0 0.0049479166666666664 0.3995370370370371 0.0078125 0.017592592592592594
