0 0.14427083333333332 0.537962962962963 0.011458333333333333 0.024074074074074074
0 0.43984375 0.5421296296296296 0.011979166666666666 0.02314814814814815
0 0.2875 0.5027777777777778 0.010416666666666666 0.022222222222222223
0 0.18671875 0.5199074074074074 0.0109375 0.02314814814814815
0 0.5229166666666667 0.6523148148148148 0.0125 0.030555555555555558
0 0.4466145833333333 0.7037037037037037 0.0140625 0.037037037037037035
0 0.48151041666666666 0.6921296296296297 0.0140625 0.032407407407407406
0 0.42213541666666665 0.7263888888888889 0.01614583333333333 0.036111111111111115
0 0.6205729166666667 0.7069444444444445 0.01614583333333333 0.03425925925925926
0 0.8104166666666667 0.6888888888888889 0.013541666666666667 0.03333333333333333
0 0.0984375 0.487962962962963 0.009375 0.022222222222222223
0 0.45390625 0.5527777777777778 0.0109375 0.022222222222222223
0 0.6716145833333333 0.5310185185185186 0.0109375 0.026851851851851852
0 0.49557291666666664 0.6546296296296297 0.0109375 0.02962962962962963
0 0.9268229166666666 0.6296296296296297 0.0140625 0.031481481481481485
0 0.7653645833333333 0.5356481481481482 0.0109375 0.028703703703703703
0 0.60703125 0.7453703703703703 0.018229166666666668 0.037037037037037035
0 0.1015625 0.4666666666666667 0.011458333333333333 0.022222222222222223
0 0.00859375 0.4314814814814815 0.009895833333333333 0.016666666666666666
0 0.30052083333333335 0.5328703703703704 0.010416666666666666 0.019444444444444445
0 0.09713541666666667 0.5481481481481482 0.013020833333333334 0.02592592592592593
0 0.08854166666666667 0.4439814814814815 0.008333333333333333 0.015740740740740743
0 0.07994791666666666 0.45046296296296295 0.0078125 0.01388888888888889
0 0.017447916666666667 0.40324074074074073 0.0078125 0.015740740740740743
