0 0.3640625 0.712037037037037 0.014583333333333334 0.037037037037037035
0 0.42161458333333335 0.6657407407407407 0.015104166666666667 0.031481481481481485
0 0.11041666666666666 0.5259259259259259 0.009375 0.02592592592592593
0 0.14557291666666666 0.5041666666666667 0.009895833333333333 0.021296296296296296
0 0.63046875 0.6273148148148149 0.013020833333333334 0.028703703703703703
0 0.5333333333333333 0.7055555555555556 0.015625 0.037037037037037035
0 0.46380208333333334 0.6268518518518519 0.011979166666666666 0.031481481481481485
0 0.43385416666666665 0.6310185185185185 0.013541666666666667 0.028703703703703703
0 0.5981770833333333 0.5032407407407408 0.0109375 0.025
0 0.3458333333333333 0.5041666666666667 0.009375 0.019444444444444445
0 0.5466145833333333 0.6787037037037037 0.013020833333333334 0.03333333333333333
0 0.19921875 0.47870370370370374 0.008854166666666666 0.020370370370370372
0 0.7658854166666667 0.5347222222222222 0.009895833333333333 0.026851851851851852
0 0.0546875 0.537962962962963 0.011458333333333333 0.020370370370370372
0 0.25338541666666664 0.5101851851851852 0.0109375 0.020370370370370372
0 0.8875 0.8300925925925926 0.01875 0.04537037037037037
0 0.3880208333333333 0.6898148148148149 0.011458333333333333 0.03333333333333333
0 0.36171875 0.5115740740740741 0.009895833333333333 0.021296296296296296
0 0.9927083333333333 0.8666666666666667 0.014583333333333334 0.04259259259259259
0 0.01875 0.4240740740740741 0.010416666666666666 0.020370370370370372
0 0.8911458333333333 0.8046296296296297 0.020833333333333332 0.037037037037037035
0 0.07239583333333333 0.45972222222222225 0.007291666666666667 0.015740740740740743
0 0.06953125 0.47175925925925927 0.009895833333333333 0.019444444444444445
0 0.008854166666666666 0.4305555555555556 0.007291666666666667 0.014814814814814815
