0 0.4375 0.7402777777777778 0.015625 0.036111111111111115
0 0.19635416666666666 0.525462962962963 0.011458333333333333 0.025
0 0.6424479166666667 0.7245370370370371 0.01614583333333333 0.03425925925925926
0 0.7651041666666667 0.5361111111111111 0.011458333333333333 0.02592592592592593
0 0.86953125 0.7097222222222223 0.01614583333333333 0.032407407407407406
0 0.15338541666666666 0.5421296296296296 0.009895833333333333 0.026851851851851852
0 0.5419270833333333 0.663425925925926 0.013020833333333334 0.030555555555555558
0 0.4653645833333333 0.7106481481481481 0.015104166666666667 0.036111111111111115
0 0.6299479166666666 0.7546296296296297 0.0171875 0.037037037037037035
0 0.10859375 0.4986111111111111 0.009895833333333333 0.021296296296296296
0 0.028906249999999998 0.4375 0.008854166666666666 0.017592592592592594
0 0.9010416666666666 0.6152777777777778 0.013541666666666667 0.028703703703703703
0 0.6958333333333333 0.5324074074074074 0.010416666666666666 0.02592592592592593
0 0.5158854166666667 0.6546296296296297 0.011979166666666666 0.024074074074074074
0 0.50390625 0.7023148148148148 0.013020833333333334 0.030555555555555558
0 0.46770833333333334 0.5541666666666667 0.011458333333333333 0.025
0 0.3125 0.5319444444444444 0.010416666666666666 0.019444444444444445
0 0.48151041666666666 0.5671296296296297 0.0140625 0.030555555555555558
0 0.3125 0.5097222222222222 0.009375 0.017592592592592594
0 0.11171874999999999 0.5606481481481481 0.009895833333333333 0.025
0 0.04505208333333333 0.4046296296296297 0.008854166666666666 0.020370370370370372
0 0.10078125 0.4550925925925926 0.008854166666666666 0.017592592592592594
0 0.11197916666666667 0.45 0.009375 0.018518518518518517
0 0.11015625 0.46435185185185185 0.009895833333333333 0.019444444444444445
