0 0.39088541666666665 0.5680555555555555 0.0109375 0.021296296296296296
0 0.21432291666666667 0.5615740740740741 0.015104166666666667 0.026851851851851852
0 0.8591145833333333 0.5953703703703704 0.013020833333333334 0.02592592592592593
0 0.5359375 0.7837962962962963 0.017708333333333333 0.04166666666666667
0 0.5661458333333333 0.75 0.015625 0.040740740740740744
0 0.6127604166666667 0.7486111111111111 0.018229166666666668 0.04351851851851852
0 0.14192708333333334 0.4625 0.009895833333333333 0.019444444444444445
0 0.4536458333333333 0.5606481481481481 0.010416666666666666 0.025
0 0.62421875 0.7138888888888889 0.01614583333333333 0.040740740740740744
0 0.90625 0.5805555555555556 0.013541666666666667 0.02777777777777778
0 0.7713541666666667 0.7861111111111111 0.017708333333333333 0.03333333333333333
0 0.16640625 0.48842592592592593 0.009895833333333333 0.021296296296296296
0 0.8395833333333333 0.5537037037037037 0.013541666666666667 0.02592592592592593
0 0.6473958333333333 0.7050925925925926 0.013541666666666667 0.025
0 0.7619791666666667 0.5333333333333333 0.010416666666666666 0.024074074074074074
0 0.61796875 0.6351851851851852 0.0140625 0.02962962962962963
0 0.17916666666666667 0.5819444444444445 0.011458333333333333 0.030555555555555558
0 0.60703125 0.6212962962962963 0.0140625 0.031481481481481485
0 0.7752604166666667 0.8111111111111111 0.018229166666666668 0.037037037037037035
0 0.24661458333333333 0.48750000000000004 0.009895833333333333 0.02314814814814815
0 0.24635416666666665 0.5412037037037037 0.011458333333333333 0.026851851851851852
0 0.19739583333333333 0.4375 0.00625 0.017592592592592594
0 0.8979166666666667 0.6157407407407408 0.015625 0.031481481481481485
0 0.026302083333333334 0.5092592592592593 0.015104166666666667 0.040740740740740744
0 0.23723958333333334 0.4935185185185185 0.0109375 0.022222222222222223
0 0.0234375 0.43703703703703706 0.009375 0.016666666666666666
0 0.7708333333333334 0.5893518518518519 0.011458333333333333 0.026851851851851852
0 0.16770833333333332 0.5222222222222223 0.010416666666666666 0.024074074074074074
