0 0.50625 0.6541666666666667 0.0125 0.025
0 0.19244791666666666 0.5236111111111111 0.011979166666666666 0.026851851851851852
0 0.42994791666666665 0.7319444444444445 0.01614583333333333 0.036111111111111115
0 0.14869791666666665 0.5398148148148149 0.0109375 0.02592592592592593
0 0.8393229166666667 0.6990740740740741 0.015104166666666667 0.031481481481481485
0 0.61796875 0.750925925925926 0.018229166666666668 0.040740740740740744
0 0.53203125 0.6569444444444444 0.013020833333333334 0.030555555555555558
0 0.63203125 0.7166666666666667 0.0171875 0.03518518518518519
0 0.684375 0.5342592592592593 0.0125 0.02777777777777778
0 0.10364583333333333 0.49212962962962964 0.009375 0.02314814814814815
0 0.4552083333333333 0.7092592592592593 0.013541666666666667 0.03888888888888889
0 0.4536458333333333 0.5486111111111112 0.010416666666666666 0.026851851851851852
0 0.10442708333333334 0.5546296296296297 0.009895833333333333 0.020370370370370372
0 0.46796875 0.5601851851851852 0.0109375 0.02592592592592593
0 0.765625 0.5365740740740741 0.010416666666666666 0.026851851851851852
0 0.30026041666666664 0.5069444444444444 0.0109375 0.021296296296296296
0 0.49192708333333335 0.7000000000000001 0.0140625 0.03333333333333333
0 0.01953125 0.4351851851851852 0.009895833333333333 0.014814814814814815
0 0.9140625 0.6222222222222222 0.014583333333333334 0.02962962962962963
0 0.09114583333333333 0.4518518518518519 0.008333333333333333 0.014814814814814815
0 0.30442708333333335 0.5305555555555556 0.0109375 0.020370370370370372
0 0.1015625 0.44583333333333336 0.007291666666666667 0.015740740740740743
0 0.10703125 0.46574074074074073 0.008854166666666666 0.014814814814814815
0 0.03177083333333333 0.40694444444444444 0.008333333333333333 0.019444444444444445
