0 0.42552083333333335 0.7287037037037037 0.016666666666666666 0.037037037037037035
0 0.19010416666666666 0.5199074074074074 0.010416666666666666 0.02314814814814815
0 0.5010416666666666 0.6541666666666667 0.0125 0.026851851851851852
0 0.6260416666666666 0.712037037037037 0.015625 0.03518518518518519
0 0.48723958333333334 0.6962962962962963 0.013020833333333334 0.02962962962962963
0 0.52734375 0.6550925925925927 0.013020833333333334 0.032407407407407406
0 0.9200520833333333 0.6273148148148149 0.0140625 0.030555555555555558
0 0.29401041666666666 0.5050925925925926 0.0109375 0.02314814814814815
0 0.44609375 0.5458333333333334 0.0109375 0.026851851851851852
0 0.14609375 0.5402777777777777 0.009895833333333333 0.026851851851851852
0 0.67890625 0.5337962962962963 0.0109375 0.026851851851851852
0 0.10026041666666667 0.5527777777777778 0.011979166666666666 0.024074074074074074
0 0.8247395833333333 0.6944444444444444 0.01614583333333333 0.03333333333333333
0 0.45078124999999997 0.7064814814814815 0.0140625 0.037037037037037035
0 0.7651041666666667 0.5351851851851852 0.010416666666666666 0.02777777777777778
0 0.303125 0.5310185185185186 0.010416666666666666 0.019444444444444445
0 0.01328125 0.4324074074074074 0.009895833333333333 0.016666666666666666
0 0.45989583333333334 0.5560185185185186 0.011458333333333333 0.026851851851851852
0 0.10130208333333333 0.49074074074074076 0.008854166666666666 0.018518518518518517
0 0.6127604166666667 0.7481481481481482 0.01614583333333333 0.03518518518518519
0 0.08515625 0.45 0.0078125 0.014814814814814815
0 0.103125 0.46481481481481485 0.008333333333333333 0.016666666666666666
0 0.09505208333333333 0.4449074074074074 0.008854166666666666 0.015740740740740743
0 0.024739583333333332 0.40555555555555556 0.008854166666666666 0.018518518518518517
