0 0.43385416666666665 0.737037037037037 0.016666666666666666 0.037037037037037035
0 0.5364583333333334 0.6601851851851852 0.0125 0.031481481481481485
0 0.6372395833333333 0.7231481481481482 0.0171875 0.037037037037037035
0 0.68984375 0.5328703703703704 0.011979166666666666 0.026851851851851852
0 0.62421875 0.7523148148148149 0.018229166666666668 0.04166666666666667
0 0.5109375 0.6550925925925927 0.011458333333333333 0.025
0 0.46015625 0.7111111111111111 0.0140625 0.037037037037037035
0 0.15052083333333333 0.5412037037037037 0.010416666666666666 0.026851851851851852
0 0.19427083333333334 0.5240740740740741 0.010416666666666666 0.024074074074074074
0 0.85390625 0.7041666666666667 0.015104166666666667 0.032407407407407406
0 0.4986979166666667 0.7032407407407407 0.011979166666666666 0.030555555555555558
0 0.46119791666666665 0.5513888888888889 0.0109375 0.025
0 0.7651041666666667 0.5361111111111111 0.010416666666666666 0.02592592592592593
0 0.475 0.5643518518518519 0.0125 0.026851851851851852
0 0.3052083333333333 0.5078703703703704 0.009375 0.019444444444444445
0 0.9072916666666666 0.6189814814814815 0.013541666666666667 0.028703703703703703
0 0.023697916666666666 0.4361111111111111 0.008854166666666666 0.016666666666666666
0 0.10807291666666667 0.46435185185185185 0.008854166666666666 0.019444444444444445
0 0.10781249999999999 0.5583333333333333 0.010416666666666666 0.022222222222222223
0 0.30807291666666664 0.5310185185185186 0.0109375 0.021296296296296296
0 0.09557291666666666 0.4527777777777778 0.008854166666666666 0.016666666666666666
0 0.0375 0.4027777777777778 0.00625 0.018518518518518517
0 0.10703125 0.4949074074074074 0.008854166666666666 0.019444444444444445
0 0.10703125 0.4476851851851852 0.0109375 0.019444444444444445
