0 0.5942708333333333 0.8162037037037038 0.017708333333333333 0.04351851851851852
0 0.78359375 0.5824074074074075 0.011979166666666666 0.024074074074074074
0 0.4453125 0.6046296296296296 0.010416666666666666 0.024074074074074074
0 0.8385416666666666 0.5699074074074074 0.014583333333333334 0.028703703703703703
0 0.6481770833333333 0.637962962962963 0.015104166666666667 0.031481481481481485
0 0.24895833333333334 0.575925925925926 0.011458333333333333 0.02592592592592593
0 0.28619791666666666 0.5541666666666667 0.0109375 0.025
0 0.7111979166666667 0.737962962962963 0.0171875 0.03333333333333333
0 0.5377604166666666 0.5824074074074075 0.0109375 0.024074074074074074
0 0.8580729166666666 0.8115740740740741 0.019270833333333334 0.03425925925925926
0 0.054427083333333334 0.5277777777777778 0.0109375 0.02777777777777778
0 0.2203125 0.6134259259259259 0.010416666666666666 0.026851851851851852
0 0.68359375 0.7935185185185185 0.015104166666666667 0.03518518518518519
0 0.62109375 0.7898148148148149 0.0140625 0.03888888888888889
0 0.7359375 0.5305555555555556 0.0125 0.022222222222222223
0 0.92578125 0.5731481481481482 0.0140625 0.02962962962962963
0 0.21640625 0.4865740740740741 0.008854166666666666 0.02314814814814815
0 0.6924479166666666 0.7444444444444445 0.01614583333333333 0.037037037037037035
0 0.2838541666666667 0.46435185185185185 0.008333333333333333 0.017592592592592594
0 0.93203125 0.6129629629629629 0.01614583333333333 0.02777777777777778
0 0.8203125 0.5976851851851852 0.014583333333333334 0.03796296296296296
0 0.19375 0.5037037037037038 0.009375 0.018518518518518517
0 0.66484375 0.6541666666666667 0.013020833333333334 0.026851851851851852
0 0.71015625 0.5712962962962963 0.011979166666666666 0.02592592592592593
0 0.3286458333333333 0.5152777777777778 0.009375 0.02314814814814815
0 0.10416666666666667 0.4532407407407408 0.009375 0.017592592592592594
0 0.31796875 0.5203703703703704 0.008854166666666666 0.020370370370370372
0 0.20052083333333334 0.5407407407407407 0.0125 0.02777777777777778
0 0.8651041666666667 0.851388888888889 0.019791666666666666 0.04351851851851852
