0 0.4434895833333333 0.6018518518518519 0.011979166666666666 0.022222222222222223
0 0.5921875 0.8138888888888889 0.017708333333333333 0.044444444444444446
0 0.24739583333333334 0.5750000000000001 0.013541666666666667 0.02592592592592593
0 0.8416666666666667 0.5703703703703704 0.014583333333333334 0.02592592592592593
0 0.7872395833333333 0.5837962962962964 0.013020833333333334 0.025
0 0.5346354166666667 0.5796296296296296 0.013020833333333334 0.024074074074074074
0 0.6471354166666666 0.638425925925926 0.015104166666666667 0.032407407407407406
0 0.053385416666666664 0.5277777777777778 0.0109375 0.02777777777777778
0 0.284375 0.5532407407407408 0.0125 0.025
0 0.7385416666666667 0.5300925925925926 0.011458333333333333 0.02314814814814815
0 0.7083333333333334 0.737037037037037 0.016666666666666666 0.031481481481481485
0 0.9354166666666667 0.6148148148148148 0.015625 0.02962962962962963
0 0.21276041666666667 0.4842592592592593 0.009895833333333333 0.020370370370370372
0 0.6184895833333334 0.787962962962963 0.015104166666666667 0.040740740740740744
0 0.21901041666666665 0.611574074074074 0.009895833333333333 0.026851851851851852
0 0.7125 0.5712962962962963 0.011458333333333333 0.02592592592592593
0 0.6895833333333333 0.7435185185185186 0.015625 0.03888888888888889
0 0.8549479166666667 0.8120370370370371 0.0203125 0.03333333333333333
0 0.2796875 0.46296296296296297 0.008333333333333333 0.018518518518518517
0 0.6794270833333333 0.7921296296296296 0.018229166666666668 0.03425925925925926
0 0.19088541666666667 0.5037037037037038 0.009895833333333333 0.020370370370370372
0 0.921875 0.5731481481481482 0.013541666666666667 0.02962962962962963
0 0.8236979166666667 0.5972222222222222 0.0140625 0.02777777777777778
0 0.6627604166666666 0.6550925925925927 0.013020833333333334 0.030555555555555558
0 0.31223958333333335 0.5194444444444445 0.0109375 0.024074074074074074
0 0.3247395833333333 0.5120370370370371 0.011979166666666666 0.02777777777777778
0 0.19817708333333334 0.5365740740740741 0.013020833333333334 0.028703703703703703
0 0.85703125 0.850462962962963 0.021354166666666667 0.04722222222222222
0 0.1 0.45 0.010416666666666666 0.022222222222222223
