0 0.8216145833333334 0.5620370370370371 0.0140625 0.02592592592592593
0 0.06015625 0.5296296296296297 0.011979166666666666 0.02592592592592593
0 0.6080729166666666 0.826388888888889 0.018229166666666668 0.04351851851851852
0 0.6572916666666666 0.6425925925925926 0.016666666666666666 0.03518518518518519
0 0.20390624999999998 0.5087962962962963 0.0109375 0.021296296296296296
0 0.8013020833333333 0.5944444444444444 0.015104166666666667 0.02777777777777778
0 0.7669270833333334 0.5750000000000001 0.011979166666666666 0.024074074074074074
0 0.4640625 0.6166666666666667 0.0125 0.022222222222222223
0 0.5596354166666666 0.5884259259259259 0.013020833333333334 0.026851851851851852
0 0.23541666666666666 0.4916666666666667 0.009375 0.020370370370370372
0 0.7 0.7953703703703704 0.01875 0.04259259259259259
0 0.7078125 0.7546296296296297 0.015625 0.03333333333333333
0 0.23203125 0.6101851851851852 0.011979166666666666 0.02592592592592593
0 0.8820312499999999 0.825462962962963 0.021354166666666667 0.03981481481481482
0 0.9484374999999999 0.575925925925926 0.015625 0.02592592592592593
0 0.30703125 0.4712962962962963 0.009895833333333333 0.022222222222222223
0 0.2916666666666667 0.5555555555555556 0.013541666666666667 0.03333333333333333
0 0.3481770833333333 0.5226851851851853 0.009895833333333333 0.025
0 0.26015625 0.5805555555555556 0.011979166666666666 0.02777777777777778
0 0.7294270833333333 0.7449074074074075 0.01614583333333333 0.030555555555555558
0 0.6953125 0.562962962962963 0.0125 0.02777777777777778
0 0.6372395833333333 0.7925925925925926 0.0140625 0.040740740740740744
0 0.9111979166666666 0.6148148148148148 0.0140625 0.02962962962962963
0 0.6765625 0.6578703703703704 0.013541666666666667 0.028703703703703703
0 0.7278645833333334 0.5240740740740741 0.009895833333333333 0.022222222222222223
0 0.8872395833333333 0.8560185185185185 0.0203125 0.04166666666666667
0 0.20885416666666667 0.5430555555555556 0.010416666666666666 0.019444444444444445
0 0.12526041666666665 0.4564814814814815 0.0078125 0.022222222222222223
0 0.3372395833333333 0.5273148148148148 0.009895833333333333 0.025
