0 0.50234375 0.6291666666666667 0.013020833333333334 0.026851851851851852
0 0.06979166666666667 0.5370370370370371 0.0125 0.02777777777777778
0 0.7369791666666666 0.5694444444444444 0.011458333333333333 0.022222222222222223
0 0.9216145833333333 0.8305555555555556 0.021354166666666667 0.040740740740740744
0 0.7958333333333333 0.5578703703703703 0.013541666666666667 0.025
0 0.63359375 0.8412037037037038 0.01614583333333333 0.04537037037037037
0 0.24765625 0.6203703703703703 0.011979166666666666 0.02777777777777778
0 0.8794270833333333 0.600925925925926 0.013020833333333334 0.02777777777777778
0 0.7747395833333334 0.5842592592592593 0.013020833333333334 0.02592592592592593
0 0.2677083333333333 0.5013888888888889 0.009375 0.021296296296296296
0 0.27708333333333335 0.5851851851851853 0.0125 0.02777777777777778
0 0.30833333333333335 0.562962962962963 0.0125 0.02777777777777778
0 0.67265625 0.5555555555555556 0.013020833333333334 0.02777777777777778
0 0.5971354166666667 0.5967592592592593 0.013020833333333334 0.026851851851851852
0 0.7588541666666666 0.763888888888889 0.017708333333333333 0.03518518518518519
0 0.6708333333333333 0.6453703703703704 0.016666666666666666 0.037037037037037035
0 0.7419270833333333 0.7657407407407407 0.0171875 0.037037037037037035
0 0.7317708333333334 0.8171296296296297 0.01875 0.04351851851851852
0 0.22057291666666667 0.5157407407407407 0.0109375 0.024074074074074074
0 0.6893229166666667 0.6648148148148149 0.0140625 0.02777777777777778
0 0.66171875 0.8055555555555556 0.013020833333333334 0.040740740740740744
0 0.346875 0.4810185185185185 0.007291666666666667 0.019444444444444445
0 0.22552083333333334 0.55 0.011458333333333333 0.02592592592592593
0 0.7127604166666667 0.5185185185185185 0.008854166666666666 0.020370370370370372
0 0.9846354166666667 0.6101851851851852 0.0140625 0.02962962962962963
0 0.38255208333333335 0.5324074074074074 0.009895833333333333 0.024074074074074074
0 0.9861979166666667 0.5819444444444445 0.0140625 0.025
0 0.99453125 0.6185185185185186 0.0109375 0.03333333333333333
0 0.3697916666666667 0.5365740740740741 0.009375 0.019444444444444445
0 0.16145833333333334 0.46064814814814814 0.014583333333333334 0.02314814814814815
0 0.9299479166666667 0.8824074074074074 0.0171875 0.037037037037037035
